Step=104 PrevRays= 97558 ResultRays=103752 RayPairs=1124326896 NewAxiom=1 PrevAxioms=80,81,82,83,84,85,86,87,88,89,90,91,92,93,94,95,96,97,98,99,100,101,102,103,104,105,7,14,6,15,16,22,23,24,29,30,38,48,53,54,62,9,32,20,36,47,67,18,34,13,66,31,39,17,59,46,64,5,70,42,40,10,74,2,72,44,28,52,73,45,12,78,56,71,11,43,55,3,19,77,4,41,63,79,35,60,75,58,61,68,37,76,26,33,27,69,65,50,57,49,21,51,25,+1 MissingAxioms=0,8 TotalTime=231.5
Step=104 PrevRays= 99096 ResultRays=103752 RayPairs=1135977111 NewAxiom=2 PrevAxioms=80,81,82,83,84,85,86,87,88,89,90,91,92,93,94,95,96,97,98,99,100,101,102,103,104,105,7,14,6,15,16,22,23,24,29,30,38,48,53,54,62,1,40,20,36,47,67,64,18,25,49,34,32,42,58,12,21,60,56,79,57,4,45,27,37,39,43,71,75,74,59,66,28,17,51,44,26,61,72,3,55,76,31,35,63,68,77,78,11,9,5,65,13,46,50,70,19,69,73,52,10,33,41,+2 MissingAxioms=0,8 TotalTime=236.5
Step=104 PrevRays=106500 ResultRays=103752 RayPairs=1336761998 NewAxiom=3 PrevAxioms=80,81,82,83,84,85,86,87,88,89,90,91,92,93,94,95,96,97,98,99,100,101,102,103,104,105,7,14,6,15,16,22,23,24,29,30,38,48,53,54,62,1,40,20,36,47,67,64,18,25,49,34,32,42,58,12,21,60,56,79,57,4,45,27,37,39,43,71,75,74,59,66,28,17,51,44,26,61,72,76,31,55,35,63,77,68,78,70,11,9,5,65,13,46,50,69,19,33,73,41,10,52,2,+3 MissingAxioms=0,8 TotalTime=221.5
Step=104 PrevRays= 99096 ResultRays=103752 RayPairs=1135977111 NewAxiom=4 PrevAxioms=80,81,82,83,84,85,86,87,88,89,90,91,92,93,94,95,96,97,98,99,100,101,102,103,104,105,7,14,6,15,16,22,23,24,29,30,38,48,53,54,62,1,40,20,36,47,67,64,18,25,49,34,32,42,58,12,21,60,56,79,57,27,45,28,37,39,43,71,75,74,66,44,59,26,72,3,76,55,11,31,51,35,50,65,63,77,9,78,68,61,17,5,13,70,46,19,69,2,52,73,10,33,41,+4 MissingAxioms=0,8 TotalTime=207.8
Step=104 PrevRays=106500 ResultRays=103752 RayPairs=1336761998 NewAxiom=5 PrevAxioms=80,81,82,83,84,85,86,87,88,89,90,91,92,93,94,95,96,97,98,99,100,101,102,103,104,105,7,14,6,15,16,22,23,24,29,30,38,48,53,54,62,1,40,20,36,47,67,64,18,25,49,34,32,42,58,12,21,60,56,79,57,4,45,27,37,39,43,71,75,74,59,66,28,17,51,44,26,61,72,3,55,76,31,35,63,68,77,78,11,9,65,13,46,50,70,69,19,73,33,52,10,2,41,+5 MissingAxioms=0,8 TotalTime=254.5
Step=104 PrevRays=105152 ResultRays=103752 RayPairs=1335825106 NewAxiom=6 PrevAxioms=80,81,82,83,84,85,86,87,88,89,90,91,92,93,94,95,96,97,98,99,100,101,102,103,104,105,7,14,15,16,22,23,24,30,38,54,62,10,72,29,34,58,26,50,40,53,64,37,41,4,28,36,52,18,32,42,79,25,49,70,47,51,74,75,43,69,33,35,68,76,60,61,56,44,66,73,67,9,20,48,77,65,31,71,11,19,55,27,78,63,3,59,39,45,21,46,12,2,57,17,13,5,1,+6 MissingAxioms=0,8 TotalTime=220.3
Step=104 PrevRays= 99354 ResultRays=103752 RayPairs= 827497452 NewAxiom=7 PrevAxioms=80,81,82,83,84,85,86,87,88,89,90,91,92,93,94,95,96,97,98,99,100,101,102,103,104,105,15,6,14,16,23,22,24,29,45,46,48,53,70,1,40,12,44,20,56,63,32,4,28,30,72,25,9,49,57,18,68,76,54,60,39,62,55,11,64,33,3,71,74,36,37,21,61,38,17,75,19,78,77,69,5,13,47,10,31,52,2,73,79,42,34,58,66,35,59,27,43,67,26,51,50,41,65,+7 MissingAxioms=0,8 TotalTime=270.0
Step=104 PrevRays= 97558 ResultRays=103752 RayPairs=1124326896 NewAxiom=9 PrevAxioms=80,81,82,83,84,85,86,87,88,89,90,91,92,93,94,95,96,97,98,99,100,101,102,103,104,105,7,14,6,15,16,22,23,24,29,30,38,48,53,54,62,1,40,20,36,47,67,64,18,25,49,34,32,42,58,12,21,60,56,79,57,4,45,27,37,39,43,71,75,74,59,66,28,17,51,44,26,61,72,3,55,76,31,35,63,68,77,78,11,65,5,70,13,50,46,69,19,10,52,2,73,41,33,+9 MissingAxioms=0,8 TotalTime=228.8
Step=104 PrevRays= 99096 ResultRays=103752 RayPairs=1135977111 NewAxiom=10 PrevAxioms=80,81,82,83,84,85,86,87,88,89,90,91,92,93,94,95,96,97,98,99,100,101,102,103,104,105,7,14,6,15,16,22,23,24,29,30,38,48,53,54,62,1,40,20,36,47,67,64,18,25,49,34,32,42,58,12,21,60,56,79,57,4,45,27,37,39,43,71,75,74,59,66,28,17,51,44,26,61,72,3,55,76,31,35,63,68,77,78,11,9,5,65,13,46,50,70,19,69,73,52,2,41,33,+10 MissingAxioms=0,8 TotalTime=231.2
Step=104 PrevRays=106500 ResultRays=103752 RayPairs=1336761998 NewAxiom=11 PrevAxioms=80,81,82,83,84,85,86,87,88,89,90,91,92,93,94,95,96,97,98,99,100,101,102,103,104,105,7,14,6,15,16,22,23,24,29,30,38,48,53,54,62,1,40,20,36,47,67,64,18,25,49,34,32,42,58,12,21,60,56,79,57,4,45,27,37,39,43,71,75,74,59,66,28,17,51,44,26,61,72,3,55,76,31,35,63,68,77,78,65,5,9,70,13,46,50,19,69,41,73,33,2,52,10,+11 MissingAxioms=0,8 TotalTime=236.9
Step=104 PrevRays= 99096 ResultRays=103752 RayPairs=1135977111 NewAxiom=12 PrevAxioms=80,81,82,83,84,85,86,87,88,89,90,91,92,93,94,95,96,97,98,99,100,101,102,103,104,105,7,14,6,15,16,22,23,24,29,30,38,48,53,54,62,1,40,20,36,47,67,64,18,25,49,34,32,42,58,4,13,2,46,10,60,56,79,27,31,39,33,78,76,66,9,51,55,17,70,5,59,74,3,72,44,75,71,63,50,35,19,21,57,52,61,68,69,73,77,65,37,43,45,28,26,41,11,+12 MissingAxioms=0,8 TotalTime=230.3
Step=104 PrevRays=106500 ResultRays=103752 RayPairs=1336761998 NewAxiom=13 PrevAxioms=80,81,82,83,84,85,86,87,88,89,90,91,92,93,94,95,96,97,98,99,100,101,102,103,104,105,7,14,6,15,16,22,23,24,29,30,38,48,53,54,62,1,40,20,36,47,67,64,18,25,49,34,32,42,58,12,21,60,56,79,57,4,45,27,37,39,43,71,75,74,59,66,28,17,51,44,26,61,72,3,55,76,31,35,63,68,77,78,11,9,5,65,70,46,50,19,69,73,41,52,2,10,33,+13 MissingAxioms=0,8 TotalTime=243.7
Step=104 PrevRays=105152 ResultRays=103752 RayPairs=1335825106 NewAxiom=14 PrevAxioms=80,81,82,83,84,85,86,87,88,89,90,91,92,93,94,95,96,97,98,99,100,101,102,103,104,105,7,15,16,22,6,23,24,29,46,53,70,2,72,30,42,66,25,49,32,54,56,33,45,12,28,44,52,18,40,34,79,26,50,62,39,51,76,77,35,61,41,43,60,74,68,69,64,36,58,73,59,1,20,48,75,57,31,63,3,19,55,27,78,71,11,67,47,37,21,38,4,10,65,17,5,13,9,+14 MissingAxioms=0,8 TotalTime=212.8
Step=104 PrevRays= 99354 ResultRays=103752 RayPairs= 827497452 NewAxiom=15 PrevAxioms=80,81,82,83,84,85,86,87,88,89,90,91,92,93,94,95,96,97,98,99,100,101,102,103,104,105,7,14,6,16,23,22,24,30,37,38,48,54,62,1,40,4,36,20,44,39,59,17,26,50,68,64,2,33,66,28,79,12,65,46,5,51,45,43,41,19,35,63,55,77,76,32,3,58,10,21,31,72,56,34,52,61,60,74,69,73,11,18,71,27,29,57,75,25,67,47,78,13,42,70,53,9,49,+15 MissingAxioms=0,8 TotalTime=186.9
Step=104 PrevRays= 93705 ResultRays=103752 RayPairs= 803702445 NewAxiom=16 PrevAxioms=80,81,82,83,84,85,86,87,88,89,90,91,92,93,94,95,96,97,98,99,100,101,102,103,104,105,7,14,6,15,22,23,24,56,30,37,38,40,53,70,4,48,36,64,20,54,26,50,1,72,57,49,18,62,60,68,2,41,71,17,63,61,69,19,33,52,73,28,47,29,75,11,65,12,32,55,74,79,27,39,10,25,9,3,31,5,51,77,76,45,21,13,44,46,78,35,43,59,34,67,42,58,66,+16 MissingAxioms=0,8 TotalTime=201.6
Step=104 PrevRays=105761 ResultRays=103752 RayPairs=1497822136 NewAxiom=17 PrevAxioms=80,81,82,83,84,85,86,87,88,89,90,91,92,93,94,95,96,97,98,99,100,101,102,103,104,105,7,14,6,15,16,22,23,24,29,30,38,48,53,54,62,1,40,20,36,47,67,64,18,25,49,34,32,42,58,12,21,60,56,79,57,4,45,27,37,39,43,71,75,74,59,66,28,51,26,44,72,68,31,3,55,61,76,11,35,50,65,63,77,9,78,13,46,5,70,19,69,73,52,2,10,33,41,+17 MissingAxioms=0,8 TotalTime=210.7
Step=104 PrevRays=111315 ResultRays=103752 RayPairs=1486435782 NewAxiom=18 PrevAxioms=80,81,82,83,84,85,86,87,88,89,90,91,92,93,94,95,96,97,98,99,100,101,102,103,104,105,7,14,6,15,16,22,23,24,29,30,38,48,53,54,62,1,40,20,36,47,67,64,25,49,74,75,34,58,66,10,32,33,56,2,13,9,46,71,44,60,43,61,39,72,5,59,42,31,51,79,37,50,21,52,55,26,45,41,63,17,68,35,3,27,76,19,11,78,69,77,70,28,4,73,12,57,65,+18 MissingAxioms=0,8 TotalTime=276.5
Step=104 PrevRays=107679 ResultRays=103752 RayPairs=1342189610 NewAxiom=19 PrevAxioms=80,81,82,83,84,85,86,87,88,89,90,91,92,93,94,95,96,97,98,99,100,101,102,103,104,105,7,14,6,15,16,22,23,24,29,30,38,48,53,54,62,1,40,20,36,47,67,64,18,25,49,34,32,42,58,12,21,60,56,79,57,4,45,27,37,39,43,71,75,74,59,66,28,17,51,44,26,61,72,3,55,76,31,35,63,68,77,78,11,9,5,65,13,46,50,70,69,73,52,2,10,33,41,+19 MissingAxioms=0,8 TotalTime=248.0
Step=104 PrevRays=111315 ResultRays=103752 RayPairs=1486435782 NewAxiom=20 PrevAxioms=80,81,82,83,84,85,86,87,88,89,90,91,92,93,94,95,96,97,98,99,100,101,102,103,104,105,7,14,6,15,16,22,23,24,29,30,38,48,53,54,62,1,40,56,18,60,71,43,64,2,61,49,25,9,36,32,33,79,10,42,34,58,50,59,5,39,52,27,66,46,68,69,70,26,55,41,35,31,78,76,72,44,51,13,67,74,75,63,45,77,47,19,17,3,11,21,37,28,73,57,4,12,65,+20 MissingAxioms=0,8 TotalTime=228.6
Step=104 PrevRays=107679 ResultRays=103752 RayPairs=1342189610 NewAxiom=21 PrevAxioms=80,81,82,83,84,85,86,87,88,89,90,91,92,93,94,95,96,97,98,99,100,101,102,103,104,105,7,14,6,15,16,22,23,24,29,30,38,48,53,54,62,1,40,20,36,47,67,64,18,25,49,34,32,42,58,12,13,31,10,46,78,55,3,66,9,76,35,51,5,56,74,27,26,50,65,17,63,70,60,11,79,52,43,72,44,2,61,39,77,68,28,45,73,69,59,71,75,4,37,19,33,57,41,+21 MissingAxioms=0,8 TotalTime=255.8
Step=104 PrevRays=107930 ResultRays=103752 RayPairs=1472413696 NewAxiom=22 PrevAxioms=80,81,82,83,84,85,86,87,88,89,90,91,92,93,94,95,96,97,98,99,100,101,102,103,104,105,7,14,6,15,16,23,24,37,45,4,12,48,53,54,62,1,36,40,25,44,72,9,32,20,10,33,69,76,18,52,63,55,74,2,3,68,64,42,34,35,70,61,19,60,56,58,17,11,71,57,66,27,79,43,41,65,49,47,75,67,29,21,73,59,39,77,30,31,50,28,26,78,51,5,13,38,46,+22 MissingAxioms=0,8 TotalTime=260.3
Step=104 PrevRays= 99473 ResultRays=103752 RayPairs= 812156150 NewAxiom=23 PrevAxioms=80,81,82,83,84,85,86,87,88,89,90,91,92,93,94,95,96,97,98,99,100,101,102,103,104,105,7,14,6,15,16,22,24,29,30,38,48,53,54,62,1,40,20,36,47,67,13,31,39,18,60,9,5,25,49,42,46,59,51,58,56,32,66,57,79,10,52,33,61,27,55,68,78,69,70,11,3,34,74,72,2,44,50,64,26,35,76,19,43,77,71,41,63,37,4,28,75,12,21,73,65,45,17,+23 MissingAxioms=0,8 TotalTime=149.9
Step=104 PrevRays= 91607 ResultRays=103752 RayPairs= 690546780 NewAxiom=24 PrevAxioms=80,81,82,83,84,85,86,87,88,89,90,91,92,93,94,95,96,97,98,99,100,101,102,103,104,105,7,14,6,15,16,22,23,48,29,30,32,38,54,61,62,4,64,28,72,12,10,69,20,26,1,36,37,25,68,55,63,71,74,75,3,47,35,27,34,18,21,76,45,39,19,11,52,73,33,70,2,9,66,78,56,58,44,40,42,43,67,46,31,79,77,41,57,53,51,60,65,59,5,13,49,50,17,+24 MissingAxioms=0,8 TotalTime=232.1
Step=104 PrevRays=109085 ResultRays=103752 RayPairs=1520450256 NewAxiom=25 PrevAxioms=80,81,82,83,84,85,86,87,88,89,90,91,92,93,94,95,96,97,98,99,100,101,102,103,104,105,7,14,6,15,16,22,23,24,29,30,38,48,53,54,62,1,40,20,36,47,67,64,18,49,34,32,42,58,4,12,13,5,59,21,60,72,71,43,46,44,68,76,70,63,78,3,55,39,27,9,79,31,57,56,45,51,26,50,28,35,65,77,69,37,17,11,74,75,66,19,61,2,52,73,10,41,33,+25 MissingAxioms=0,8 TotalTime=201.3
Step=104 PrevRays=109085 ResultRays=103752 RayPairs=1520450256 NewAxiom=26 PrevAxioms=80,81,82,83,84,85,86,87,88,89,90,91,92,93,94,95,96,97,98,99,100,101,102,103,104,105,7,14,6,15,16,22,23,24,29,30,38,48,53,54,62,1,40,20,36,47,67,64,18,25,49,34,32,42,58,12,21,60,56,79,57,4,45,27,37,39,43,71,75,74,59,66,28,17,51,44,61,72,63,65,69,19,68,5,31,55,13,9,35,76,78,77,46,70,11,50,3,10,52,73,2,33,41,+26 MissingAxioms=0,8 TotalTime=222.5
Step=104 PrevRays=107675 ResultRays=103752 RayPairs=1348835748 NewAxiom=27 PrevAxioms=80,81,82,83,84,85,86,87,88,89,90,91,92,93,94,95,96,97,98,99,100,101,102,103,104,105,7,14,6,15,16,22,23,24,29,30,38,48,53,54,62,1,40,20,36,47,67,64,18,25,49,34,32,42,58,12,21,60,56,79,57,4,45,28,43,71,75,37,39,74,72,63,59,44,61,5,66,51,50,65,31,17,13,55,46,9,69,19,3,35,77,11,76,26,68,70,78,33,41,73,52,2,10,+27 MissingAxioms=0,8 TotalTime=240.6
Step=104 PrevRays=112249 ResultRays=103752 RayPairs=1545051456 NewAxiom=28 PrevAxioms=80,81,82,83,84,85,86,87,88,89,90,91,92,93,94,95,96,97,98,99,100,101,102,103,104,105,7,14,6,15,16,22,23,24,29,30,38,48,53,54,62,1,40,20,36,47,67,64,18,25,49,34,32,42,58,12,21,60,56,79,57,4,45,27,37,39,43,71,75,74,59,66,51,44,26,55,3,72,76,31,17,63,35,68,5,77,61,11,9,78,50,65,13,70,46,19,69,33,73,41,2,52,10,+28 MissingAxioms=0,8 TotalTime=214.3
Step=104 PrevRays=107301 ResultRays=103752 RayPairs=1375347516 NewAxiom=29 PrevAxioms=80,81,82,83,84,85,86,87,88,89,90,91,92,93,94,95,96,97,98,99,100,101,102,103,104,105,7,14,6,15,16,22,23,24,30,37,38,48,53,54,62,1,40,4,36,20,25,64,32,9,72,12,28,18,74,52,10,73,2,47,33,60,56,71,43,67,42,34,11,70,55,75,61,68,35,66,58,27,79,31,69,26,41,57,63,19,17,3,39,49,50,65,77,59,51,13,76,21,5,44,78,45,46,+29 MissingAxioms=0,8 TotalTime=260.3
Step=104 PrevRays=107301 ResultRays=103752 RayPairs=1375347516 NewAxiom=30 PrevAxioms=80,81,82,83,84,85,86,87,88,89,90,91,92,93,94,95,96,97,98,99,100,101,102,103,104,105,7,14,6,15,16,22,23,24,29,38,45,48,53,54,62,1,40,12,44,20,31,13,46,32,47,51,9,25,34,58,68,64,66,10,79,43,33,75,18,2,56,74,49,17,67,71,21,42,70,76,72,35,52,69,41,36,37,78,27,65,19,11,55,63,61,3,60,26,39,50,77,73,57,59,28,5,4,+30 MissingAxioms=0,8 TotalTime=223.8
Step=104 PrevRays= 99280 ResultRays=103752 RayPairs= 802229376 NewAxiom=31 PrevAxioms=80,81,82,83,84,85,86,87,88,89,90,91,92,93,94,95,96,97,98,99,100,101,102,103,104,105,7,14,6,15,16,22,23,24,29,30,38,48,53,54,62,1,40,20,36,47,67,64,18,25,49,34,32,42,58,12,21,60,56,79,57,4,45,27,37,39,43,71,75,74,59,66,28,17,51,44,26,61,72,3,55,76,35,63,68,77,70,11,9,78,65,5,13,50,46,19,69,73,33,41,52,2,10,+31 MissingAxioms=0,8 TotalTime=212.6
Step=104 PrevRays= 97557 ResultRays=103752 RayPairs= 874480890 NewAxiom=32 PrevAxioms=80,81,82,83,84,85,86,87,88,89,90,91,92,93,94,95,96,97,98,99,100,101,102,103,104,105,7,14,6,15,16,22,23,24,29,30,38,48,53,54,62,1,40,20,36,47,67,64,18,25,49,34,42,58,12,21,60,4,45,37,39,76,63,78,3,35,11,56,57,66,51,28,70,44,72,31,9,43,75,61,46,71,68,69,55,79,59,17,5,65,13,77,26,74,50,27,19,41,73,52,2,10,33,+32 MissingAxioms=0,8 TotalTime=216.0
Step=104 PrevRays=108276 ResultRays=103752 RayPairs=1457446683 NewAxiom=33 PrevAxioms=80,81,82,83,84,85,86,87,88,89,90,91,92,93,94,95,96,97,98,99,100,101,102,103,104,105,7,14,6,15,16,22,23,24,29,30,38,48,53,54,62,1,40,20,36,47,67,64,18,25,49,34,32,42,58,12,21,60,56,79,57,4,45,27,37,39,43,71,75,74,59,66,28,17,51,44,26,61,72,3,55,76,31,35,63,68,77,78,11,9,5,65,13,46,50,70,19,69,73,52,2,10,41,+33 MissingAxioms=0,8 TotalTime=245.1
Step=104 PrevRays=111260 ResultRays=103752 RayPairs=1470601542 NewAxiom=34 PrevAxioms=80,81,82,83,84,85,86,87,88,89,90,91,92,93,94,95,96,97,98,99,100,101,102,103,104,105,7,14,6,15,16,22,23,24,29,30,38,48,53,54,62,1,40,20,36,47,67,64,18,25,49,32,2,33,60,72,61,74,75,10,13,46,71,79,43,31,39,56,44,5,51,37,63,52,50,21,45,58,59,66,9,42,55,17,26,41,76,35,3,27,68,11,19,77,70,69,78,73,28,12,4,57,65,+34 MissingAxioms=0,8 TotalTime=287.2
Step=104 PrevRays=105069 ResultRays=103752 RayPairs=1082342800 NewAxiom=35 PrevAxioms=80,81,82,83,84,85,86,87,88,89,90,91,92,93,94,95,96,97,98,99,100,101,102,103,104,105,7,14,6,15,16,22,23,24,29,30,38,48,53,54,62,1,40,20,36,47,67,64,18,25,49,34,32,42,58,12,21,60,56,79,57,4,45,27,37,39,43,71,75,74,59,66,28,17,51,44,26,61,72,3,55,76,31,63,5,68,11,77,9,78,50,65,13,46,70,69,19,73,41,52,2,10,33,+35 MissingAxioms=0,8 TotalTime=234.9
Step=104 PrevRays=109585 ResultRays=103752 RayPairs=1408872096 NewAxiom=36 PrevAxioms=80,81,82,83,84,85,86,87,88,89,90,91,92,93,94,95,96,97,98,99,100,101,102,103,104,105,7,14,6,15,16,22,23,24,29,30,38,48,53,54,62,1,40,20,46,44,31,39,5,13,32,47,51,50,26,25,49,34,58,56,57,68,64,4,79,65,21,43,75,42,74,66,59,67,71,12,9,28,37,18,70,11,55,27,3,35,76,72,63,77,45,69,60,17,19,78,61,33,73,41,2,52,10,+36 MissingAxioms=0,8 TotalTime=215.3
Step=104 PrevRays=107215 ResultRays=103752 RayPairs=1356947910 NewAxiom=37 PrevAxioms=80,81,82,83,84,85,86,87,88,89,90,91,92,93,94,95,96,97,98,99,100,101,102,103,104,105,7,14,6,15,16,22,23,24,29,30,38,48,53,54,62,1,40,20,36,47,67,64,18,25,49,34,32,42,58,12,21,60,56,79,57,4,45,27,44,68,70,46,13,39,43,71,75,74,63,55,35,72,76,28,26,11,9,59,50,77,65,66,31,51,69,3,17,5,78,61,19,33,52,2,10,73,41,+37 MissingAxioms=0,8 TotalTime=226.6
Step=104 PrevRays=107333 ResultRays=103752 RayPairs=1430212604 NewAxiom=38 PrevAxioms=80,81,82,83,84,85,86,87,88,89,90,91,92,93,94,95,96,97,98,99,100,101,102,103,104,105,7,14,6,15,16,22,23,24,29,30,46,48,53,54,62,1,40,20,44,39,59,26,50,5,58,51,17,18,42,4,21,70,66,57,76,77,78,74,31,47,64,65,67,63,3,13,55,71,56,36,68,49,72,12,45,32,11,34,35,69,79,75,25,28,37,60,43,9,61,27,19,33,41,73,52,2,10,+38 MissingAxioms=0,8 TotalTime=226.5
Step=104 PrevRays= 99454 ResultRays=103752 RayPairs= 911966466 NewAxiom=39 PrevAxioms=80,81,82,83,84,85,86,87,88,89,90,91,92,93,94,95,96,97,98,99,100,101,102,103,104,105,7,14,6,15,16,22,23,24,29,30,38,48,53,54,62,1,40,20,36,47,67,64,18,25,49,34,32,42,58,12,21,60,56,79,57,4,45,27,37,43,59,71,75,74,66,28,51,26,44,72,46,31,50,65,55,3,35,76,63,68,61,17,77,70,11,9,13,5,78,19,69,33,41,73,52,10,2,+39 MissingAxioms=0,8 TotalTime=199.3
Step=104 PrevRays= 97557 ResultRays=103752 RayPairs= 874480890 NewAxiom=40 PrevAxioms=80,81,82,83,84,85,86,87,88,89,90,91,92,93,94,95,96,97,98,99,100,101,102,103,104,105,7,14,6,15,16,22,23,24,29,30,38,48,53,54,62,1,64,18,60,71,43,11,55,3,63,56,49,25,9,20,58,66,27,34,35,32,42,12,57,79,76,70,28,46,78,51,74,75,36,37,44,4,45,31,67,72,26,77,39,68,47,61,19,69,21,50,65,59,5,13,17,33,73,52,10,2,41,+40 MissingAxioms=0,8 TotalTime=159.5
Step=104 PrevRays=108276 ResultRays=103752 RayPairs=1457446683 NewAxiom=41 PrevAxioms=80,81,82,83,84,85,86,87,88,89,90,91,92,93,94,95,96,97,98,99,100,101,102,103,104,105,7,14,6,15,16,22,23,24,29,30,38,48,53,54,62,1,40,20,36,47,67,64,18,25,49,34,32,42,58,12,21,60,56,79,57,4,45,27,37,39,43,71,75,74,59,66,28,17,51,44,26,61,72,3,55,76,31,35,63,68,77,78,11,9,5,65,13,46,50,70,19,69,73,52,2,10,33,+41 MissingAxioms=0,8 TotalTime=236.6
Step=104 PrevRays=111260 ResultRays=103752 RayPairs=1470601542 NewAxiom=42 PrevAxioms=80,81,82,83,84,85,86,87,88,89,90,91,92,93,94,95,96,97,98,99,100,101,102,103,104,105,7,14,6,15,16,22,23,24,29,30,38,48,53,54,62,1,40,20,36,47,67,64,18,25,49,34,32,58,10,13,31,39,66,9,33,2,78,55,76,56,3,35,11,19,46,63,75,70,60,51,27,5,61,52,50,59,17,79,71,69,43,74,37,72,68,44,77,41,26,21,45,73,28,4,12,65,57,+42 MissingAxioms=0,8 TotalTime=262.8
Step=104 PrevRays=105069 ResultRays=103752 RayPairs=1082342800 NewAxiom=43 PrevAxioms=80,81,82,83,84,85,86,87,88,89,90,91,92,93,94,95,96,97,98,99,100,101,102,103,104,105,7,14,6,15,16,22,23,24,29,30,38,48,53,54,62,1,40,20,36,47,67,64,18,25,49,34,32,42,58,12,21,60,56,79,57,4,45,27,37,39,59,65,50,26,5,74,75,28,44,68,72,71,51,66,61,31,13,9,55,3,63,35,76,78,77,11,17,70,46,19,69,73,33,52,10,2,41,+43 MissingAxioms=0,8 TotalTime=217.3
Step=104 PrevRays=109585 ResultRays=103752 RayPairs=1408872096 NewAxiom=44 PrevAxioms=80,81,82,83,84,85,86,87,88,89,90,91,92,93,94,95,96,97,98,99,100,101,102,103,104,105,7,14,6,15,16,22,23,24,29,30,38,48,53,54,62,1,40,20,36,47,67,64,18,25,49,34,32,42,58,12,21,60,56,79,57,4,45,27,37,39,43,71,75,74,59,66,28,17,51,72,65,61,26,3,55,35,31,78,76,63,77,50,70,11,68,5,9,13,46,19,69,41,73,33,10,52,2,+44 MissingAxioms=0,8 TotalTime=241.3
Step=104 PrevRays=107215 ResultRays=103752 RayPairs=1356947910 NewAxiom=45 PrevAxioms=80,81,82,83,84,85,86,87,88,89,90,91,92,93,94,95,96,97,98,99,100,101,102,103,104,105,7,14,6,15,16,22,23,24,29,30,38,48,53,54,62,1,40,20,36,47,67,64,18,25,49,34,32,42,58,12,21,60,56,79,57,4,27,31,78,76,46,74,75,66,70,51,59,63,39,9,17,65,37,55,28,72,44,3,35,5,26,43,71,61,68,77,13,11,50,69,19,41,52,10,2,73,33,+45 MissingAxioms=0,8 TotalTime=250.3
Step=104 PrevRays=107333 ResultRays=103752 RayPairs=1430212604 NewAxiom=46 PrevAxioms=80,81,82,83,84,85,86,87,88,89,90,91,92,93,94,95,96,97,98,99,100,101,102,103,104,105,7,14,6,15,16,22,23,24,29,30,38,48,53,54,62,1,40,20,36,47,67,64,18,25,49,34,32,42,58,12,21,60,56,79,57,4,45,27,37,39,43,71,75,74,59,66,28,17,51,44,26,61,72,3,55,76,31,35,63,68,77,78,11,9,5,65,13,70,50,19,69,41,33,73,52,10,2,+46 MissingAxioms=0,8 TotalTime=237.6
Step=104 PrevRays= 99454 ResultRays=103752 RayPairs= 911966466 NewAxiom=47 PrevAxioms=80,81,82,83,84,85,86,87,88,89,90,91,92,93,94,95,96,97,98,99,100,101,102,103,104,105,7,14,6,15,16,22,23,24,29,30,38,48,53,54,62,1,40,20,36,25,49,64,18,60,71,43,10,9,34,58,12,32,56,2,79,51,13,66,31,33,61,5,59,67,75,46,44,42,52,74,72,37,28,4,21,73,50,55,65,39,26,45,57,17,41,63,3,35,77,27,11,76,19,68,70,69,78,+47 MissingAxioms=0,8 TotalTime=226.5
Step=104 PrevRays= 91607 ResultRays=103752 RayPairs= 690546780 NewAxiom=48 PrevAxioms=80,81,82,83,84,85,86,87,88,89,90,91,92,93,94,95,96,97,98,99,100,101,102,103,104,105,7,14,6,15,16,22,23,24,29,30,38,53,54,56,62,2,40,52,72,10,4,18,49,50,64,25,1,60,37,74,75,26,41,20,71,19,69,68,70,61,36,47,33,32,11,55,28,73,12,9,63,57,3,31,17,79,27,39,5,76,77,21,51,45,13,44,46,78,65,58,59,67,34,43,35,66,42,+48 MissingAxioms=0,8 TotalTime=236.1
Step=104 PrevRays=109085 ResultRays=103752 RayPairs=1520450256 NewAxiom=49 PrevAxioms=80,81,82,83,84,85,86,87,88,89,90,91,92,93,94,95,96,97,98,99,100,101,102,103,104,105,7,14,6,15,16,22,23,24,29,30,38,48,53,54,62,1,40,20,36,47,67,64,18,25,34,32,42,58,4,12,13,5,59,21,75,66,9,74,46,56,71,43,57,44,39,31,72,79,51,26,28,37,45,60,61,55,63,17,65,50,69,19,41,76,78,27,70,3,2,77,68,73,35,33,52,11,10,+49 MissingAxioms=0,8 TotalTime=286.7
Step=104 PrevRays=109085 ResultRays=103752 RayPairs=1520450256 NewAxiom=50 PrevAxioms=80,81,82,83,84,85,86,87,88,89,90,91,92,93,94,95,96,97,98,99,100,101,102,103,104,105,7,14,6,15,16,22,23,24,29,30,38,48,53,54,62,1,40,20,36,47,67,64,18,25,49,34,32,42,58,12,21,60,56,79,57,4,45,27,37,39,43,71,75,74,59,66,28,17,51,44,26,61,72,3,55,76,31,35,63,68,77,78,11,9,5,65,13,46,70,19,69,52,73,10,2,41,33,+50 MissingAxioms=0,8 TotalTime=255.6
Step=104 PrevRays=107675 ResultRays=103752 RayPairs=1348835748 NewAxiom=51 PrevAxioms=80,81,82,83,84,85,86,87,88,89,90,91,92,93,94,95,96,97,98,99,100,101,102,103,104,105,7,14,6,15,16,22,23,24,29,30,38,48,53,54,62,1,40,20,36,47,67,64,18,25,49,34,32,42,58,12,21,60,56,79,57,4,45,27,37,39,43,71,75,74,59,66,28,17,44,26,61,3,72,5,76,55,35,63,11,31,68,77,9,13,46,50,65,78,70,19,69,52,2,73,10,33,41,+51 MissingAxioms=0,8 TotalTime=235.4
Step=104 PrevRays=112249 ResultRays=103752 RayPairs=1545051456 NewAxiom=52 PrevAxioms=80,81,82,83,84,85,86,87,88,89,90,91,92,93,94,95,96,97,98,99,100,101,102,103,104,105,7,14,6,15,16,22,23,24,29,30,38,48,53,54,62,1,40,20,36,47,67,64,18,25,49,34,32,42,58,12,21,60,56,79,57,4,45,27,37,39,43,71,75,74,59,66,28,17,51,44,26,61,72,3,55,76,31,35,63,68,77,78,11,9,5,65,13,46,50,70,19,69,73,33,41,2,10,+52 MissingAxioms=0,8 TotalTime=230.5
Step=104 PrevRays=107301 ResultRays=103752 RayPairs=1375347516 NewAxiom=53 PrevAxioms=80,81,82,83,84,85,86,87,88,89,90,91,92,93,94,95,96,97,98,99,100,101,102,103,104,105,7,14,6,15,16,22,23,24,29,30,38,48,54,62,1,40,20,36,47,75,67,64,18,49,34,32,42,58,4,12,13,5,59,21,33,46,60,44,25,74,56,57,79,43,71,39,31,63,72,45,2,28,9,51,61,73,17,52,55,50,37,65,41,3,35,19,77,69,66,26,27,11,76,68,78,70,10,+53 MissingAxioms=0,8 TotalTime=202.9
Step=104 PrevRays=107301 ResultRays=103752 RayPairs=1375347516 NewAxiom=54 PrevAxioms=80,81,82,83,84,85,86,87,88,89,90,91,92,93,94,95,96,97,98,99,100,101,102,103,104,105,7,14,6,15,16,22,23,24,29,30,38,48,53,62,1,40,20,36,47,67,64,18,25,49,34,32,42,69,58,12,21,60,56,79,57,4,45,27,10,68,70,59,43,71,55,75,44,46,74,72,17,11,19,28,37,9,65,61,76,66,13,41,31,39,5,51,50,78,63,26,77,73,33,35,52,3,2,+54 MissingAxioms=0,8 TotalTime=197.2
Step=104 PrevRays= 99280 ResultRays=103752 RayPairs= 802229376 NewAxiom=55 PrevAxioms=80,81,82,83,84,85,86,87,88,89,90,91,92,93,94,95,96,97,98,99,100,101,102,103,104,105,7,14,6,15,16,22,23,24,29,30,38,48,53,54,62,1,40,20,36,47,67,64,18,25,49,34,32,42,58,12,21,60,56,79,57,4,45,27,37,39,43,71,75,74,59,66,28,17,51,44,26,61,72,3,76,31,63,35,68,77,78,65,9,11,13,46,5,50,70,69,19,73,33,41,2,10,52,+55 MissingAxioms=0,8 TotalTime=234.3
Step=104 PrevRays= 97557 ResultRays=103752 RayPairs= 874480890 NewAxiom=56 PrevAxioms=80,81,82,83,84,85,86,87,88,89,90,91,92,93,94,95,96,97,98,99,100,101,102,103,104,105,7,14,6,15,16,22,23,24,29,30,38,48,53,54,62,1,40,20,36,47,67,64,18,25,49,34,32,42,58,12,21,60,4,79,45,57,27,44,68,70,46,37,9,11,55,63,3,35,28,72,76,26,39,77,78,43,31,19,71,75,50,65,59,51,13,66,74,5,17,61,69,33,41,73,52,10,2,+56 MissingAxioms=0,8 TotalTime=243.5
Step=104 PrevRays=108276 ResultRays=103752 RayPairs=1457446683 NewAxiom=57 PrevAxioms=80,81,82,83,84,85,86,87,88,89,90,91,92,93,94,95,96,97,98,99,100,101,102,103,104,105,7,14,6,15,16,22,23,24,29,30,38,48,53,54,62,1,40,20,36,47,67,64,18,25,49,34,32,42,58,12,21,60,56,79,4,45,27,44,68,70,46,37,43,9,71,75,74,63,72,28,61,39,69,35,26,76,55,77,66,31,65,3,78,17,51,59,13,11,5,50,19,41,52,2,73,10,33,+57 MissingAxioms=0,8 TotalTime=246.9
Step=104 PrevRays=111260 ResultRays=103752 RayPairs=1470601542 NewAxiom=58 PrevAxioms=80,81,82,83,84,85,86,87,88,89,90,91,92,93,94,95,96,97,98,99,100,101,102,103,104,105,7,14,6,15,16,22,23,24,29,30,38,48,53,54,62,1,40,20,36,47,67,64,18,25,49,34,32,42,12,21,60,56,79,57,4,45,27,44,68,70,46,28,37,9,11,55,63,3,35,13,26,39,77,59,76,72,66,31,50,65,69,51,74,43,71,75,17,5,78,19,61,73,52,10,2,33,41,+58 MissingAxioms=0,8 TotalTime=227.9
Step=104 PrevRays=105069 ResultRays=103752 RayPairs=1082342800 NewAxiom=59 PrevAxioms=80,81,82,83,84,85,86,87,88,89,90,91,92,93,94,95,96,97,98,99,100,101,102,103,104,105,7,14,6,15,16,22,23,24,29,30,38,48,53,54,62,1,40,20,36,47,67,64,18,25,49,34,32,42,58,12,21,60,56,79,57,4,45,27,37,39,43,71,75,74,66,17,51,44,28,72,63,76,65,50,77,35,26,31,55,61,3,68,78,46,9,11,13,19,70,5,69,73,41,52,2,10,33,+59 MissingAxioms=0,8 TotalTime=218.3
Step=104 PrevRays=109585 ResultRays=103752 RayPairs=1408872096 NewAxiom=60 PrevAxioms=80,81,82,83,84,85,86,87,88,89,90,91,92,93,94,95,96,97,98,99,100,101,102,103,104,105,7,14,6,15,16,22,23,24,29,30,38,48,53,54,62,1,40,20,36,47,67,64,18,25,49,34,32,42,58,12,21,13,46,31,39,5,59,78,55,63,66,51,79,27,74,3,56,57,11,70,76,9,26,35,50,4,65,72,44,37,28,68,43,71,77,75,45,69,17,61,19,52,73,10,2,33,41,+60 MissingAxioms=0,8 TotalTime=176.3
Step=104 PrevRays=107215 ResultRays=103752 RayPairs=1356947910 NewAxiom=61 PrevAxioms=80,81,82,83,84,85,86,87,88,89,90,91,92,93,94,95,96,97,98,99,100,101,102,103,104,105,7,14,6,15,16,22,23,24,29,30,38,48,53,54,62,1,40,20,36,47,67,64,18,25,49,34,32,42,58,12,21,60,56,79,57,4,45,27,37,39,43,71,75,74,59,66,28,17,51,44,26,72,76,31,55,3,35,63,77,68,5,11,9,78,19,50,65,13,46,70,69,41,10,52,2,73,33,+61 MissingAxioms=0,8 TotalTime=222.1
Step=104 PrevRays=107333 ResultRays=103752 RayPairs=1430212604 NewAxiom=62 PrevAxioms=80,81,82,83,84,85,86,87,88,89,90,91,92,93,94,95,96,97,98,99,100,101,102,103,104,105,7,14,6,15,16,22,23,24,29,30,38,48,53,54,70,1,40,20,36,47,67,64,25,49,74,75,58,56,66,10,32,33,52,13,9,55,71,11,46,44,60,61,39,72,43,51,5,59,31,79,37,42,50,2,27,3,21,63,26,78,41,45,17,57,4,28,73,12,65,77,35,76,69,34,19,68,18,+62 MissingAxioms=0,8 TotalTime=273.9
Step=104 PrevRays= 99454 ResultRays=103752 RayPairs= 911966466 NewAxiom=63 PrevAxioms=80,81,82,83,84,85,86,87,88,89,90,91,92,93,94,95,96,97,98,99,100,101,102,103,104,105,7,14,6,15,16,22,23,24,29,30,38,48,53,54,62,1,40,20,36,47,67,64,18,25,49,34,32,42,58,12,21,60,56,79,57,4,45,27,37,39,43,71,75,74,59,66,28,17,51,44,26,61,72,3,55,76,31,35,68,77,78,65,5,9,11,13,46,50,70,19,69,41,33,73,52,10,2,+63 MissingAxioms=0,8 TotalTime=213.5
Step=104 PrevRays= 97557 ResultRays=103752 RayPairs= 874480890 NewAxiom=64 PrevAxioms=80,81,82,83,84,85,86,87,88,89,90,91,92,93,94,95,96,97,98,99,100,101,102,103,104,105,7,14,6,15,16,22,23,24,29,30,38,48,53,54,62,1,40,20,36,47,67,13,31,5,39,32,25,49,9,18,34,42,51,58,59,56,66,10,33,79,76,46,52,70,78,27,74,75,60,61,68,2,69,55,43,72,50,77,63,44,71,37,21,45,19,26,41,35,3,11,17,57,73,28,12,4,65,+64 MissingAxioms=0,8 TotalTime=160.9
Step=104 PrevRays=108276 ResultRays=103752 RayPairs=1457446683 NewAxiom=65 PrevAxioms=80,81,82,83,84,85,86,87,88,89,90,91,92,93,94,95,96,97,98,99,100,101,102,103,104,105,7,14,6,15,16,22,23,24,29,30,38,48,53,54,62,1,40,20,36,47,67,64,18,25,49,34,32,42,58,12,21,60,56,79,57,4,45,27,37,39,43,71,75,74,59,66,28,17,51,44,26,61,72,3,55,76,31,35,63,68,77,78,11,9,5,50,13,46,70,69,19,33,52,10,73,2,41,+65 MissingAxioms=0,8 TotalTime=234.4
Step=104 PrevRays=111260 ResultRays=103752 RayPairs=1470601542 NewAxiom=66 PrevAxioms=80,81,82,83,84,85,86,87,88,89,90,91,92,93,94,95,96,97,98,99,100,101,102,103,104,105,7,14,6,15,16,22,23,24,29,30,38,48,53,54,62,1,40,20,36,47,67,64,18,25,49,34,32,42,58,12,21,60,56,79,57,4,45,27,37,39,43,71,75,74,59,5,28,44,68,63,55,3,72,76,11,9,61,26,35,17,70,77,31,78,51,65,13,50,46,19,69,73,52,2,10,41,33,+66 MissingAxioms=0,8 TotalTime=253.1
Step=104 PrevRays=105069 ResultRays=103752 RayPairs=1082342800 NewAxiom=67 PrevAxioms=80,81,82,83,84,85,86,87,88,89,90,91,92,93,94,95,96,97,98,99,100,101,102,103,104,105,7,14,6,15,16,22,23,24,29,30,38,48,53,54,62,1,40,20,36,47,74,13,31,46,5,44,9,39,51,34,25,58,56,71,43,59,10,78,42,18,2,75,79,17,49,21,27,76,32,33,72,55,66,64,68,69,52,19,35,63,61,50,77,41,11,3,60,26,70,37,45,73,57,28,12,4,65,+67 MissingAxioms=0,8 TotalTime=256.4
Step=104 PrevRays=109585 ResultRays=103752 RayPairs=1408872096 NewAxiom=68 PrevAxioms=80,81,82,83,84,85,86,87,88,89,90,91,92,93,94,95,96,97,98,99,100,101,102,103,104,105,7,14,6,15,16,22,23,24,29,30,38,48,53,54,62,1,40,20,36,47,67,64,18,25,49,34,32,42,58,12,21,60,56,79,57,4,45,27,37,39,43,71,75,74,59,66,28,17,51,44,26,61,72,3,55,76,31,35,63,77,5,11,9,70,78,50,65,13,46,69,19,52,73,2,10,41,33,+68 MissingAxioms=0,8 TotalTime=231.1
Step=104 PrevRays=107215 ResultRays=103752 RayPairs=1356947910 NewAxiom=69 PrevAxioms=80,81,82,83,84,85,86,87,88,89,90,91,92,93,94,95,96,97,98,99,100,101,102,103,104,105,7,14,6,15,16,22,23,24,29,30,38,48,53,54,62,1,40,20,36,47,67,64,18,25,49,34,32,42,58,12,21,60,56,79,57,4,45,27,37,39,43,71,75,74,59,66,28,17,51,44,26,61,72,3,55,76,31,35,63,68,77,78,11,9,5,65,13,46,50,70,19,33,2,52,10,73,41,+69 MissingAxioms=0,8 TotalTime=246.0
Step=104 PrevRays=107333 ResultRays=103752 RayPairs=1430212604 NewAxiom=70 PrevAxioms=80,81,82,83,84,85,86,87,88,89,90,91,92,93,94,95,96,97,98,99,100,101,102,103,104,105,7,14,6,15,16,22,23,24,29,30,38,48,53,54,62,1,40,20,36,47,67,64,18,25,49,34,32,42,58,12,21,60,56,79,57,4,45,27,37,39,43,71,75,74,59,66,28,17,51,44,26,61,72,3,55,76,31,35,63,68,77,78,11,9,5,65,13,46,50,19,69,52,2,73,10,41,33,+70 MissingAxioms=0,8 TotalTime=252.0
Step=104 PrevRays= 99454 ResultRays=103752 RayPairs= 911966466 NewAxiom=71 PrevAxioms=80,81,82,83,84,85,86,87,88,89,90,91,92,93,94,95,96,97,98,99,100,101,102,103,104,105,7,14,6,15,16,22,23,24,29,30,38,48,53,54,62,1,40,20,36,47,67,64,18,25,49,34,32,42,58,12,21,60,56,79,57,4,45,27,37,39,43,75,74,59,66,51,28,26,44,68,31,72,3,55,17,35,76,63,77,61,9,78,5,70,11,13,50,65,46,69,19,33,41,73,52,2,10,+71 MissingAxioms=0,8 TotalTime=183.5
Step=104 PrevRays= 97424 ResultRays=103752 RayPairs= 835859368 NewAxiom=72 PrevAxioms=80,81,82,83,84,85,86,87,88,89,90,91,92,93,94,95,96,97,98,99,100,101,102,103,104,105,7,14,6,15,16,22,23,24,29,30,38,48,53,54,62,1,40,20,36,47,67,64,18,25,49,34,32,42,58,12,21,60,56,79,57,4,45,27,37,39,43,71,75,74,59,66,28,17,51,44,26,61,3,55,31,78,76,35,63,77,68,70,11,9,5,46,65,13,50,69,19,33,41,73,2,10,52,+72 MissingAxioms=0,8 TotalTime=181.8
Step=104 PrevRays=110763 ResultRays=103752 RayPairs=1429532346 NewAxiom=73 PrevAxioms=80,81,82,83,84,85,86,87,88,89,90,91,92,93,94,95,96,97,98,99,100,101,102,103,104,105,7,14,6,15,16,22,23,24,29,30,38,48,53,54,62,1,40,20,36,47,67,64,18,25,49,34,32,42,58,12,21,60,56,79,57,4,45,27,37,39,43,71,75,74,59,66,28,17,51,44,26,61,72,3,55,76,31,35,63,68,77,78,11,9,5,65,13,46,50,70,19,69,33,41,2,52,10,+73 MissingAxioms=0,8 TotalTime=237.8
Step=104 PrevRays=108343 ResultRays=103752 RayPairs=1332341220 NewAxiom=74 PrevAxioms=80,81,82,83,84,85,86,87,88,89,90,91,92,93,94,95,96,97,98,99,100,101,102,103,104,105,7,14,6,15,16,22,23,24,29,30,38,48,53,54,62,1,40,20,36,47,67,64,18,25,49,34,32,42,58,12,21,60,56,79,57,4,45,27,37,39,43,71,75,59,66,51,44,26,28,68,31,3,55,78,76,72,17,35,77,63,61,65,5,9,11,13,46,70,50,69,19,73,52,10,2,33,41,+74 MissingAxioms=0,8 TotalTime=256.5
Step=104 PrevRays=102881 ResultRays=103752 RayPairs=1005027037 NewAxiom=75 PrevAxioms=80,81,82,83,84,85,86,87,88,89,90,91,92,93,94,95,96,97,98,99,100,101,102,103,104,105,7,14,6,15,16,22,23,24,29,30,38,48,53,54,62,1,40,20,36,47,67,64,18,25,49,34,32,42,58,12,21,60,56,79,57,4,45,27,37,39,43,71,59,74,66,28,17,44,26,3,72,76,35,55,63,11,5,9,68,31,13,51,77,61,46,50,65,70,78,19,69,41,33,10,73,2,52,+75 MissingAxioms=0,8 TotalTime=220.8
Step=104 PrevRays=108343 ResultRays=103752 RayPairs=1332341220 NewAxiom=76 PrevAxioms=80,81,82,83,84,85,86,87,88,89,90,91,92,93,94,95,96,97,98,99,100,101,102,103,104,105,7,14,6,15,16,22,23,24,29,30,38,48,53,54,62,1,40,20,36,47,67,64,18,25,49,34,32,42,58,12,21,60,56,79,57,4,45,27,37,39,43,71,75,74,59,66,28,17,51,44,26,61,72,3,55,31,35,68,63,77,5,11,9,78,65,50,13,70,46,19,69,73,52,2,10,41,33,+76 MissingAxioms=0,8 TotalTime=257.4
Step=104 PrevRays=102881 ResultRays=103752 RayPairs=1005027037 NewAxiom=77 PrevAxioms=80,81,82,83,84,85,86,87,88,89,90,91,92,93,94,95,96,97,98,99,100,101,102,103,104,105,7,14,6,15,16,22,23,24,29,30,38,48,53,54,62,1,40,20,36,47,67,64,18,25,49,34,32,42,58,12,21,60,56,79,57,4,45,27,37,39,43,71,75,74,59,66,28,17,51,44,26,61,72,3,55,76,31,35,63,68,5,11,9,78,65,13,46,70,19,50,69,33,41,2,73,10,52,+77 MissingAxioms=0,8 TotalTime=237.2
Step=104 PrevRays=106644 ResultRays=103752 RayPairs=1390527648 NewAxiom=78 PrevAxioms=80,81,82,83,84,85,86,87,88,89,90,91,92,93,94,95,96,97,98,99,100,101,102,103,104,105,7,14,6,15,16,22,23,24,29,30,38,48,53,54,62,1,40,20,36,47,67,64,18,25,49,34,32,42,58,12,21,60,56,79,57,4,45,27,37,39,43,71,75,74,59,66,28,17,51,44,26,61,72,3,55,76,31,35,63,68,77,11,9,5,70,65,13,46,50,19,69,73,52,2,10,33,41,+78 MissingAxioms=0,8 TotalTime=239.7
Step=104 PrevRays=100035 ResultRays=103752 RayPairs=1009766808 NewAxiom=79 PrevAxioms=80,81,82,83,84,85,86,87,88,89,90,91,92,93,94,95,96,97,98,99,100,101,102,103,104,105,7,14,6,15,16,22,23,24,29,30,38,48,53,54,62,1,40,20,36,47,67,64,18,25,49,34,32,42,58,12,21,60,56,57,4,45,28,75,71,43,74,72,37,39,59,44,63,5,9,61,17,51,50,55,66,31,13,65,46,69,19,3,35,77,11,26,76,68,27,78,70,73,33,41,52,2,10,+79 MissingAxioms=0,8 TotalTime=186.1

Ordered by number of ray pairs:
Step=104 #############................. (min) Axiom24 03() - g0 f(0) + f(3) >= f(0,3)
Step=104 #############................. (min) Axiom48 04() - g0 f(0) + f(4) >= f(0,4)
Step=104 ################.............. Axiom31 03(1,2,4) - g3 f(0,1,2,3,4) >= f(1,2,4)
Step=104 ################.............. Axiom55 04(1,2,3) - g3 f(0,1,2,3,4) >= f(1,2,3)
Step=104 ################.............. Axiom16 12() - g0 f(1) + f(2) >= f(1,2)
Step=104 ################.............. Axiom23 12(0,3,4) - g3 f(0,1,2,3,4) >= f(0,3,4)
Step=104 ################.............. Axiom7 01(2,3,4) - g3 f(0,1,2,3,4) >= f(2,3,4)
Step=104 ################.............. Axiom15 02(1,3,4) - g3 f(0,1,2,3,4) >= f(1,3,4)
Step=104 ################.............. Axiom72 34() - g0 f(3) + f(4) >= f(3,4)
Step=104 #################............. Axiom32 13() - g0 f(1) + f(3) >= f(1,3)
Step=104 #################............. Axiom40 23() - g0 f(2) + f(3) >= f(2,3)
Step=104 #################............. Axiom56 14() - g0 f(1) + f(4) >= f(1,4)
Step=104 #################............. Axiom64 24() - g0 f(2) + f(4) >= f(2,4)
Step=104 ##################............ Axiom39 13(0,2,4) - g3 f(0,1,2,3,4) >= f(0,2,4)
Step=104 ##################............ Axiom47 23(0,1,4) - g3 f(0,1,2,3,4) >= f(0,1,4)
Step=104 ##################............ Axiom63 14(0,2,3) - g3 f(0,1,2,3,4) >= f(0,2,3)
Step=104 ##################............ Axiom71 24(0,1,3) - g3 f(0,1,2,3,4) >= f(0,1,3)
Step=104 ####################.......... Axiom75 34(0,1) - g2 f(0,1,3) + f(0,1,4) >= f(0,1) + f(0,1,2,3,4)
Step=104 ####################.......... Axiom77 34(0,2) - g2 f(0,2,3) + f(0,2,4) >= f(0,2) + f(0,1,2,3,4)
Step=104 ####################.......... Axiom79 34(0,1,2) - g3 f(0,1,2,3,4) >= f(0,1,2)
Step=104 #####################......... Axiom35 13(0,2) - g2 f(0,1,2) + f(0,2,3) >= f(0,2) + f(0,1,2,3,4)
Step=104 #####################......... Axiom43 23(0,1) - g2 f(0,1,2) + f(0,1,3) >= f(0,1) + f(0,1,2,3,4)
Step=104 #####################......... Axiom59 14(0,2) - g2 f(0,1,2) + f(0,2,4) >= f(0,2) + f(0,1,2,3,4)
Step=104 #####################......... Axiom67 24(0,1) - g2 f(0,1,2) + f(0,1,4) >= f(0,1) + f(0,1,2,3,4)
Step=104 ######################........ Axiom1 01(2) - g1 f(0,2) + f(1,2) >= f(2) + f(0,1,2)
Step=104 ######################........ Axiom9 02(1) - g1 f(0,1) + f(1,2) >= f(1) + f(0,1,2)
Step=104 ######################........ Axiom2 01(3) - g1 f(0,3) + f(1,3) >= f(3) + f(0,1,3)
Step=104 ######################........ Axiom4 01(4) - g1 f(0,4) + f(1,4) >= f(4) + f(0,1,4)
Step=104 ######################........ Axiom10 02(3) - g1 f(0,3) + f(2,3) >= f(3) + f(0,2,3)
Step=104 ######################........ Axiom12 02(4) - g1 f(0,4) + f(2,4) >= f(4) + f(0,2,4)
Step=104 ##########################.... Axiom74 34(1) - g1 f(1,3) + f(1,4) >= f(1) + f(1,3,4)
Step=104 ##########################.... Axiom76 34(2) - g1 f(2,3) + f(2,4) >= f(2) + f(2,3,4)
Step=104 ##########################.... Axiom6 01(3,4) - g2 f(0,3,4) + f(1,3,4) >= f(0,1,2,3,4) + f(3,4)
Step=104 ##########################.... Axiom14 02(3,4) - g2 f(0,3,4) + f(2,3,4) >= f(0,1,2,3,4) + f(3,4)
Step=104 ##########################.... Axiom3 01(2,3) - g2 f(0,2,3) + f(1,2,3) >= f(2,3) + f(0,1,2,3,4)
Step=104 ##########################.... Axiom5 01(2,4) - g2 f(0,2,4) + f(1,2,4) >= f(0,1,2,3,4) + f(2,4)
Step=104 ##########################.... Axiom11 02(1,3) - g2 f(0,1,3) + f(1,2,3) >= f(1,3) + f(0,1,2,3,4)
Step=104 ##########################.... Axiom13 02(1,4) - g2 f(0,1,4) + f(1,2,4) >= f(0,1,2,3,4) + f(1,4)
Step=104 ##########################.... Axiom19 12(0,3) - g2 f(0,1,3) + f(0,2,3) >= f(0,3) + f(0,1,2,3,4)
Step=104 ##########################.... Axiom21 12(0,4) - g2 f(0,1,4) + f(0,2,4) >= f(0,1,2,3,4) + f(0,4)
Step=104 ##########################.... Axiom27 03(1,2) - g2 f(0,1,2) + f(1,2,3) >= f(1,2) + f(0,1,2,3,4)
Step=104 ##########################.... Axiom51 04(1,2) - g2 f(0,1,2) + f(1,2,4) >= f(1,2) + f(0,1,2,3,4)
Step=104 ##########################.... Axiom37 13(0,4) - g2 f(0,1,4) + f(0,3,4) >= f(0,1,2,3,4) + f(0,4)
Step=104 ##########################.... Axiom45 23(0,4) - g2 f(0,2,4) + f(0,3,4) >= f(0,1,2,3,4) + f(0,4)
Step=104 ##########################.... Axiom61 14(0,3) - g2 f(0,1,3) + f(0,3,4) >= f(0,3) + f(0,1,2,3,4)
Step=104 ##########################.... Axiom69 24(0,3) - g2 f(0,2,3) + f(0,3,4) >= f(0,3) + f(0,1,2,3,4)
Step=104 ###########################... Axiom29 03(1,4) - g2 f(0,1,4) + f(1,3,4) >= f(0,1,2,3,4) + f(1,4)
Step=104 ###########################... Axiom30 03(2,4) - g2 f(0,2,4) + f(2,3,4) >= f(0,1,2,3,4) + f(2,4)
Step=104 ###########################... Axiom53 04(1,3) - g2 f(0,1,3) + f(1,3,4) >= f(1,3) + f(0,1,2,3,4)
Step=104 ###########################... Axiom54 04(2,3) - g2 f(0,2,3) + f(2,3,4) >= f(2,3) + f(0,1,2,3,4)
Step=104 ###########################... Axiom78 34(1,2) - g2 f(1,2,3) + f(1,2,4) >= f(1,2) + f(0,1,2,3,4)
Step=104 ###########################... Axiom36 13(4) - g1 f(1,4) + f(3,4) >= f(4) + f(1,3,4)
Step=104 ###########################... Axiom44 23(4) - g1 f(2,4) + f(3,4) >= f(4) + f(2,3,4)
Step=104 ###########################... Axiom60 14(3) - g1 f(1,3) + f(3,4) >= f(3) + f(1,3,4)
Step=104 ###########################... Axiom68 24(3) - g1 f(2,3) + f(3,4) >= f(3) + f(2,3,4)
Step=104 ############################.. Axiom73 34(0) - g1 f(0,3) + f(0,4) >= f(0) + f(0,3,4)
Step=104 ############################.. Axiom38 13(2,4) - g2 f(1,2,4) + f(2,3,4) >= f(0,1,2,3,4) + f(2,4)
Step=104 ############################.. Axiom46 23(1,4) - g2 f(1,2,4) + f(1,3,4) >= f(0,1,2,3,4) + f(1,4)
Step=104 ############################.. Axiom62 14(2,3) - g2 f(1,2,3) + f(2,3,4) >= f(2,3) + f(0,1,2,3,4)
Step=104 ############################.. Axiom70 24(1,3) - g2 f(1,2,3) + f(1,3,4) >= f(1,3) + f(0,1,2,3,4)
Step=104 ############################.. Axiom33 13(0) - g1 f(0,1) + f(0,3) >= f(0) + f(0,1,3)
Step=104 ############################.. Axiom41 23(0) - g1 f(0,2) + f(0,3) >= f(0) + f(0,2,3)
Step=104 ############################.. Axiom57 14(0) - g1 f(0,1) + f(0,4) >= f(0) + f(0,1,4)
Step=104 ############################.. Axiom65 24(0) - g1 f(0,2) + f(0,4) >= f(0) + f(0,2,4)
Step=104 #############################. Axiom34 13(2) - g1 f(1,2) + f(2,3) >= f(2) + f(1,2,3)
Step=104 #############################. Axiom42 23(1) - g1 f(1,2) + f(1,3) >= f(1) + f(1,2,3)
Step=104 #############################. Axiom58 14(2) - g1 f(1,2) + f(2,4) >= f(2) + f(1,2,4)
Step=104 #############################. Axiom66 24(1) - g1 f(1,2) + f(1,4) >= f(1) + f(1,2,4)
Step=104 #############################. Axiom22 12(3,4) - g2 f(1,3,4) + f(2,3,4) >= f(0,1,2,3,4) + f(3,4)
Step=104 #############################. Axiom18 12(3) - g1 f(1,3) + f(2,3) >= f(3) + f(1,2,3)
Step=104 #############################. Axiom20 12(4) - g1 f(1,4) + f(2,4) >= f(4) + f(1,2,4)
Step=104 #############################. Axiom17 12(0) - g1 f(0,1) + f(0,2) >= f(0) + f(0,1,2)
Step=104 ############################## Axiom25 03(1) - g1 f(0,1) + f(1,3) >= f(1) + f(0,1,3)
Step=104 ############################## Axiom26 03(2) - g1 f(0,2) + f(2,3) >= f(2) + f(0,2,3)
Step=104 ############################## Axiom49 04(1) - g1 f(0,1) + f(1,4) >= f(1) + f(0,1,4)
Step=104 ############################## Axiom50 04(2) - g1 f(0,2) + f(2,4) >= f(2) + f(0,2,4)
Step=104 ############################## Axiom28 03(4) - g1 f(0,4) + f(3,4) >= f(4) + f(0,3,4)
Step=104 ############################## Axiom52 04(3) - g1 f(0,3) + f(3,4) >= f(3) + f(0,3,4)

Ordered by number of previous rays:
Step=104 $$$$$$$$$$$$$$$$$$$$$$$$...... (min) Axiom24 03() - g0 f(0) + f(3) >= f(0,3)
Step=104 $$$$$$$$$$$$$$$$$$$$$$$$...... (min) Axiom48 04() - g0 f(0) + f(4) >= f(0,4)
Step=104 $$$$$$$$$$$$$$$$$$$$$$$$$..... Axiom16 12() - g0 f(1) + f(2) >= f(1,2)
Step=104 $$$$$$$$$$$$$$$$$$$$$$$$$$.... Axiom72 34() - g0 f(3) + f(4) >= f(3,4)
Step=104 $$$$$$$$$$$$$$$$$$$$$$$$$$.... Axiom32 13() - g0 f(1) + f(3) >= f(1,3)
Step=104 $$$$$$$$$$$$$$$$$$$$$$$$$$.... Axiom40 23() - g0 f(2) + f(3) >= f(2,3)
Step=104 $$$$$$$$$$$$$$$$$$$$$$$$$$.... Axiom56 14() - g0 f(1) + f(4) >= f(1,4)
Step=104 $$$$$$$$$$$$$$$$$$$$$$$$$$.... Axiom64 24() - g0 f(2) + f(4) >= f(2,4)
Step=104 $$$$$$$$$$$$$$$$$$$$$$$$$$.... Axiom1 01(2) - g1 f(0,2) + f(1,2) >= f(2) + f(0,1,2)
Step=104 $$$$$$$$$$$$$$$$$$$$$$$$$$.... Axiom9 02(1) - g1 f(0,1) + f(1,2) >= f(1) + f(0,1,2)
Step=104 $$$$$$$$$$$$$$$$$$$$$$$$$$.... Axiom2 01(3) - g1 f(0,3) + f(1,3) >= f(3) + f(0,1,3)
Step=104 $$$$$$$$$$$$$$$$$$$$$$$$$$.... Axiom4 01(4) - g1 f(0,4) + f(1,4) >= f(4) + f(0,1,4)
Step=104 $$$$$$$$$$$$$$$$$$$$$$$$$$.... Axiom10 02(3) - g1 f(0,3) + f(2,3) >= f(3) + f(0,2,3)
Step=104 $$$$$$$$$$$$$$$$$$$$$$$$$$.... Axiom12 02(4) - g1 f(0,4) + f(2,4) >= f(4) + f(0,2,4)
Step=104 $$$$$$$$$$$$$$$$$$$$$$$$$$$... Axiom31 03(1,2,4) - g3 f(0,1,2,3,4) >= f(1,2,4)
Step=104 $$$$$$$$$$$$$$$$$$$$$$$$$$$... Axiom55 04(1,2,3) - g3 f(0,1,2,3,4) >= f(1,2,3)
Step=104 $$$$$$$$$$$$$$$$$$$$$$$$$$$... Axiom7 01(2,3,4) - g3 f(0,1,2,3,4) >= f(2,3,4)
Step=104 $$$$$$$$$$$$$$$$$$$$$$$$$$$... Axiom15 02(1,3,4) - g3 f(0,1,2,3,4) >= f(1,3,4)
Step=104 $$$$$$$$$$$$$$$$$$$$$$$$$$$... Axiom39 13(0,2,4) - g3 f(0,1,2,3,4) >= f(0,2,4)
Step=104 $$$$$$$$$$$$$$$$$$$$$$$$$$$... Axiom47 23(0,1,4) - g3 f(0,1,2,3,4) >= f(0,1,4)
Step=104 $$$$$$$$$$$$$$$$$$$$$$$$$$$... Axiom63 14(0,2,3) - g3 f(0,1,2,3,4) >= f(0,2,3)
Step=104 $$$$$$$$$$$$$$$$$$$$$$$$$$$... Axiom71 24(0,1,3) - g3 f(0,1,2,3,4) >= f(0,1,3)
Step=104 $$$$$$$$$$$$$$$$$$$$$$$$$$$... Axiom23 12(0,3,4) - g3 f(0,1,2,3,4) >= f(0,3,4)
Step=104 $$$$$$$$$$$$$$$$$$$$$$$$$$$... Axiom79 34(0,1,2) - g3 f(0,1,2,3,4) >= f(0,1,2)
Step=104 $$$$$$$$$$$$$$$$$$$$$$$$$$$... Axiom75 34(0,1) - g2 f(0,1,3) + f(0,1,4) >= f(0,1) + f(0,1,2,3,4)
Step=104 $$$$$$$$$$$$$$$$$$$$$$$$$$$... Axiom77 34(0,2) - g2 f(0,2,3) + f(0,2,4) >= f(0,2) + f(0,1,2,3,4)
Step=104 $$$$$$$$$$$$$$$$$$$$$$$$$$$$.. Axiom35 13(0,2) - g2 f(0,1,2) + f(0,2,3) >= f(0,2) + f(0,1,2,3,4)
Step=104 $$$$$$$$$$$$$$$$$$$$$$$$$$$$.. Axiom43 23(0,1) - g2 f(0,1,2) + f(0,1,3) >= f(0,1) + f(0,1,2,3,4)
Step=104 $$$$$$$$$$$$$$$$$$$$$$$$$$$$.. Axiom59 14(0,2) - g2 f(0,1,2) + f(0,2,4) >= f(0,2) + f(0,1,2,3,4)
Step=104 $$$$$$$$$$$$$$$$$$$$$$$$$$$$.. Axiom67 24(0,1) - g2 f(0,1,2) + f(0,1,4) >= f(0,1) + f(0,1,2,3,4)
Step=104 $$$$$$$$$$$$$$$$$$$$$$$$$$$$.. Axiom6 01(3,4) - g2 f(0,3,4) + f(1,3,4) >= f(0,1,2,3,4) + f(3,4)
Step=104 $$$$$$$$$$$$$$$$$$$$$$$$$$$$.. Axiom14 02(3,4) - g2 f(0,3,4) + f(2,3,4) >= f(0,1,2,3,4) + f(3,4)
Step=104 $$$$$$$$$$$$$$$$$$$$$$$$$$$$.. Axiom17 12(0) - g1 f(0,1) + f(0,2) >= f(0) + f(0,1,2)
Step=104 $$$$$$$$$$$$$$$$$$$$$$$$$$$$.. Axiom3 01(2,3) - g2 f(0,2,3) + f(1,2,3) >= f(2,3) + f(0,1,2,3,4)
Step=104 $$$$$$$$$$$$$$$$$$$$$$$$$$$$.. Axiom5 01(2,4) - g2 f(0,2,4) + f(1,2,4) >= f(0,1,2,3,4) + f(2,4)
Step=104 $$$$$$$$$$$$$$$$$$$$$$$$$$$$.. Axiom11 02(1,3) - g2 f(0,1,3) + f(1,2,3) >= f(1,3) + f(0,1,2,3,4)
Step=104 $$$$$$$$$$$$$$$$$$$$$$$$$$$$.. Axiom13 02(1,4) - g2 f(0,1,4) + f(1,2,4) >= f(0,1,2,3,4) + f(1,4)
Step=104 $$$$$$$$$$$$$$$$$$$$$$$$$$$$$. Axiom78 34(1,2) - g2 f(1,2,3) + f(1,2,4) >= f(1,2) + f(0,1,2,3,4)
Step=104 $$$$$$$$$$$$$$$$$$$$$$$$$$$$$. Axiom37 13(0,4) - g2 f(0,1,4) + f(0,3,4) >= f(0,1,2,3,4) + f(0,4)
Step=104 $$$$$$$$$$$$$$$$$$$$$$$$$$$$$. Axiom45 23(0,4) - g2 f(0,2,4) + f(0,3,4) >= f(0,1,2,3,4) + f(0,4)
Step=104 $$$$$$$$$$$$$$$$$$$$$$$$$$$$$. Axiom61 14(0,3) - g2 f(0,1,3) + f(0,3,4) >= f(0,3) + f(0,1,2,3,4)
Step=104 $$$$$$$$$$$$$$$$$$$$$$$$$$$$$. Axiom69 24(0,3) - g2 f(0,2,3) + f(0,3,4) >= f(0,3) + f(0,1,2,3,4)
Step=104 $$$$$$$$$$$$$$$$$$$$$$$$$$$$$. Axiom29 03(1,4) - g2 f(0,1,4) + f(1,3,4) >= f(0,1,2,3,4) + f(1,4)
Step=104 $$$$$$$$$$$$$$$$$$$$$$$$$$$$$. Axiom30 03(2,4) - g2 f(0,2,4) + f(2,3,4) >= f(0,1,2,3,4) + f(2,4)
Step=104 $$$$$$$$$$$$$$$$$$$$$$$$$$$$$. Axiom53 04(1,3) - g2 f(0,1,3) + f(1,3,4) >= f(1,3) + f(0,1,2,3,4)
Step=104 $$$$$$$$$$$$$$$$$$$$$$$$$$$$$. Axiom54 04(2,3) - g2 f(0,2,3) + f(2,3,4) >= f(2,3) + f(0,1,2,3,4)
Step=104 $$$$$$$$$$$$$$$$$$$$$$$$$$$$$. Axiom38 13(2,4) - g2 f(1,2,4) + f(2,3,4) >= f(0,1,2,3,4) + f(2,4)
Step=104 $$$$$$$$$$$$$$$$$$$$$$$$$$$$$. Axiom46 23(1,4) - g2 f(1,2,4) + f(1,3,4) >= f(0,1,2,3,4) + f(1,4)
Step=104 $$$$$$$$$$$$$$$$$$$$$$$$$$$$$. Axiom62 14(2,3) - g2 f(1,2,3) + f(2,3,4) >= f(2,3) + f(0,1,2,3,4)
Step=104 $$$$$$$$$$$$$$$$$$$$$$$$$$$$$. Axiom70 24(1,3) - g2 f(1,2,3) + f(1,3,4) >= f(1,3) + f(0,1,2,3,4)
Step=104 $$$$$$$$$$$$$$$$$$$$$$$$$$$$$. Axiom27 03(1,2) - g2 f(0,1,2) + f(1,2,3) >= f(1,2) + f(0,1,2,3,4)
Step=104 $$$$$$$$$$$$$$$$$$$$$$$$$$$$$. Axiom51 04(1,2) - g2 f(0,1,2) + f(1,2,4) >= f(1,2) + f(0,1,2,3,4)
Step=104 $$$$$$$$$$$$$$$$$$$$$$$$$$$$$. Axiom19 12(0,3) - g2 f(0,1,3) + f(0,2,3) >= f(0,3) + f(0,1,2,3,4)
Step=104 $$$$$$$$$$$$$$$$$$$$$$$$$$$$$. Axiom21 12(0,4) - g2 f(0,1,4) + f(0,2,4) >= f(0,1,2,3,4) + f(0,4)
Step=104 $$$$$$$$$$$$$$$$$$$$$$$$$$$$$. Axiom22 12(3,4) - g2 f(1,3,4) + f(2,3,4) >= f(0,1,2,3,4) + f(3,4)
Step=104 $$$$$$$$$$$$$$$$$$$$$$$$$$$$$. Axiom33 13(0) - g1 f(0,1) + f(0,3) >= f(0) + f(0,1,3)
Step=104 $$$$$$$$$$$$$$$$$$$$$$$$$$$$$. Axiom41 23(0) - g1 f(0,2) + f(0,3) >= f(0) + f(0,2,3)
Step=104 $$$$$$$$$$$$$$$$$$$$$$$$$$$$$. Axiom57 14(0) - g1 f(0,1) + f(0,4) >= f(0) + f(0,1,4)
Step=104 $$$$$$$$$$$$$$$$$$$$$$$$$$$$$. Axiom65 24(0) - g1 f(0,2) + f(0,4) >= f(0) + f(0,2,4)
Step=104 $$$$$$$$$$$$$$$$$$$$$$$$$$$$$. Axiom74 34(1) - g1 f(1,3) + f(1,4) >= f(1) + f(1,3,4)
Step=104 $$$$$$$$$$$$$$$$$$$$$$$$$$$$$. Axiom76 34(2) - g1 f(2,3) + f(2,4) >= f(2) + f(2,3,4)
Step=104 $$$$$$$$$$$$$$$$$$$$$$$$$$$$$. Axiom25 03(1) - g1 f(0,1) + f(1,3) >= f(1) + f(0,1,3)
Step=104 $$$$$$$$$$$$$$$$$$$$$$$$$$$$$. Axiom26 03(2) - g1 f(0,2) + f(2,3) >= f(2) + f(0,2,3)
Step=104 $$$$$$$$$$$$$$$$$$$$$$$$$$$$$. Axiom49 04(1) - g1 f(0,1) + f(1,4) >= f(1) + f(0,1,4)
Step=104 $$$$$$$$$$$$$$$$$$$$$$$$$$$$$. Axiom50 04(2) - g1 f(0,2) + f(2,4) >= f(2) + f(0,2,4)
Step=104 $$$$$$$$$$$$$$$$$$$$$$$$$$$$$. Axiom36 13(4) - g1 f(1,4) + f(3,4) >= f(4) + f(1,3,4)
Step=104 $$$$$$$$$$$$$$$$$$$$$$$$$$$$$. Axiom44 23(4) - g1 f(2,4) + f(3,4) >= f(4) + f(2,3,4)
Step=104 $$$$$$$$$$$$$$$$$$$$$$$$$$$$$. Axiom60 14(3) - g1 f(1,3) + f(3,4) >= f(3) + f(1,3,4)
Step=104 $$$$$$$$$$$$$$$$$$$$$$$$$$$$$. Axiom68 24(3) - g1 f(2,3) + f(3,4) >= f(3) + f(2,3,4)
Step=104 $$$$$$$$$$$$$$$$$$$$$$$$$$$$$$ Axiom73 34(0) - g1 f(0,3) + f(0,4) >= f(0) + f(0,3,4)
Step=104 $$$$$$$$$$$$$$$$$$$$$$$$$$$$$$ Axiom34 13(2) - g1 f(1,2) + f(2,3) >= f(2) + f(1,2,3)
Step=104 $$$$$$$$$$$$$$$$$$$$$$$$$$$$$$ Axiom42 23(1) - g1 f(1,2) + f(1,3) >= f(1) + f(1,2,3)
Step=104 $$$$$$$$$$$$$$$$$$$$$$$$$$$$$$ Axiom58 14(2) - g1 f(1,2) + f(2,4) >= f(2) + f(1,2,4)
Step=104 $$$$$$$$$$$$$$$$$$$$$$$$$$$$$$ Axiom66 24(1) - g1 f(1,2) + f(1,4) >= f(1) + f(1,2,4)
Step=104 $$$$$$$$$$$$$$$$$$$$$$$$$$$$$$ Axiom18 12(3) - g1 f(1,3) + f(2,3) >= f(3) + f(1,2,3)
Step=104 $$$$$$$$$$$$$$$$$$$$$$$$$$$$$$ Axiom20 12(4) - g1 f(1,4) + f(2,4) >= f(4) + f(1,2,4)
Step=104 $$$$$$$$$$$$$$$$$$$$$$$$$$$$$$ Axiom28 03(4) - g1 f(0,4) + f(3,4) >= f(4) + f(0,3,4)
Step=104 $$$$$$$$$$$$$$$$$$$$$$$$$$$$$$ Axiom52 04(3) - g1 f(0,3) + f(3,4) >= f(3) + f(0,3,4)
