Step=96 PrevRays= 28863 ResultRays= 31320 RayPairs= 100863456 NewAxiom=2 PrevAxioms=80,81,82,83,84,85,86,87,88,89,90,91,92,93,94,95,96,97,98,99,100,101,102,103,104,105,7,14,6,15,22,23,48,29,30,38,53,54,56,62,10,18,50,52,58,12,64,65,70,20,72,36,47,67,21,17,66,4,45,73,37,39,75,68,55,11,76,78,71,69,77,3,28,63,19,5,13,44,60,74,41,31,46,42,43,79,61,25,27,51,59,35,33,57,49,+2 MissingAxioms=0,1,8,9,16,24,26,32,34,40 TotalTime=18.7
Step=96 PrevRays= 31195 ResultRays= 31320 RayPairs=  94287323 NewAxiom=3 PrevAxioms=80,81,82,83,84,85,86,87,88,89,90,91,92,93,94,95,96,97,98,99,100,101,102,103,104,105,7,14,6,15,22,23,48,29,30,38,53,54,56,62,2,18,50,52,70,4,64,65,10,37,72,58,66,20,46,42,60,55,74,78,11,45,17,73,49,75,36,47,21,39,61,44,28,13,57,5,12,31,25,68,76,77,69,41,71,19,33,63,79,35,43,67,27,59,51,+3 MissingAxioms=0,1,8,9,16,24,26,32,34,40 TotalTime=24.3
Step=96 PrevRays= 31986 ResultRays= 31320 RayPairs= 121299913 NewAxiom=4 PrevAxioms=80,81,82,83,84,85,86,87,88,89,90,91,92,93,94,95,96,97,98,99,100,101,102,103,104,105,7,14,6,15,22,23,48,29,30,38,53,54,56,62,2,18,50,52,70,10,58,64,49,12,57,45,72,20,65,66,46,42,60,55,74,3,78,37,75,27,11,61,36,47,21,28,44,5,73,13,79,71,68,31,51,59,76,17,67,77,69,63,39,35,41,25,43,19,33,+4 MissingAxioms=0,1,8,9,16,24,26,32,34,40 TotalTime=18.9
Step=96 PrevRays= 32193 ResultRays= 31320 RayPairs= 110771136 NewAxiom=5 PrevAxioms=80,81,82,83,84,85,86,87,88,89,90,91,92,93,94,95,96,97,98,99,100,101,102,103,104,105,7,14,6,15,22,23,48,29,30,38,53,54,56,62,2,18,50,52,70,4,64,65,10,37,72,58,66,20,46,42,60,55,74,78,11,45,17,73,49,75,36,47,21,39,61,44,28,13,57,12,31,25,71,68,3,76,77,69,41,19,33,63,79,27,43,35,67,59,51,+5 MissingAxioms=0,1,8,9,16,24,26,32,34,40 TotalTime=24.9
Step=96 PrevRays= 33749 ResultRays= 31320 RayPairs= 119672241 NewAxiom=6 PrevAxioms=80,81,82,83,84,85,86,87,88,89,90,91,92,93,94,95,96,97,98,99,100,101,102,103,104,105,7,14,15,22,23,30,38,48,54,62,10,12,56,18,20,64,72,28,58,66,69,36,2,50,65,45,41,44,46,57,79,49,61,52,31,73,67,59,51,5,17,21,4,75,71,53,13,39,35,47,29,68,25,77,37,76,70,60,43,19,11,55,78,63,3,42,27,33,74,+6 MissingAxioms=0,1,8,9,16,24,26,32,34,40 TotalTime=26.6
Step=96 PrevRays= 32144 ResultRays= 31320 RayPairs=  94243584 NewAxiom=7 PrevAxioms=80,81,82,83,84,85,86,87,88,89,90,91,92,93,94,95,96,97,98,99,100,101,102,103,104,105,15,6,14,23,22,48,29,46,53,56,69,70,2,52,10,50,54,60,55,27,61,4,74,28,42,66,78,37,36,68,11,72,31,5,79,59,51,73,49,67,47,58,64,44,38,20,21,39,76,62,13,18,63,12,45,65,57,33,75,77,17,71,30,19,3,43,25,35,41,+7 MissingAxioms=0,1,8,9,16,24,26,32,34,40 TotalTime=22.4
Step=96 PrevRays= 27408 ResultRays= 31320 RayPairs=  76398012 NewAxiom=10 PrevAxioms=80,81,82,83,84,85,86,87,88,89,90,91,92,93,94,95,96,97,98,99,100,101,102,103,104,105,7,14,6,15,22,23,48,29,30,38,53,54,56,62,2,18,50,52,70,4,64,65,42,49,25,37,72,60,74,61,75,20,46,66,78,79,58,36,31,5,39,59,27,51,3,44,43,55,63,11,71,68,76,21,19,67,57,73,17,77,35,69,47,13,12,41,28,33,45,+10 MissingAxioms=0,1,8,9,16,24,26,32,34,40 TotalTime=23.0
Step=96 PrevRays= 31430 ResultRays= 31320 RayPairs=  88881342 NewAxiom=11 PrevAxioms=80,81,82,83,84,85,86,87,88,89,90,91,92,93,94,95,96,97,98,99,100,101,102,103,104,105,7,14,6,15,22,23,48,29,30,38,53,54,56,62,2,18,50,52,70,4,64,65,10,37,72,58,66,20,46,42,60,55,74,78,3,45,17,73,49,75,36,47,21,39,61,44,28,13,57,5,12,31,25,68,76,77,69,63,41,19,33,71,79,27,43,35,67,59,51,+11 MissingAxioms=0,1,8,9,16,24,26,32,34,40 TotalTime=41.7
Step=96 PrevRays= 30825 ResultRays= 31320 RayPairs=  94396583 NewAxiom=12 PrevAxioms=80,81,82,83,84,85,86,87,88,89,90,91,92,93,94,95,96,97,98,99,100,101,102,103,104,105,7,14,6,15,22,23,48,29,30,38,53,54,56,62,2,18,50,52,70,4,64,65,10,37,72,58,66,20,46,42,60,55,74,78,11,45,17,73,49,75,36,47,21,39,61,44,28,13,57,5,31,25,68,76,77,69,41,71,19,3,33,63,79,27,43,35,59,67,51,+12 MissingAxioms=0,1,8,9,16,24,26,32,34,40 TotalTime=44.8
Step=96 PrevRays= 32569 ResultRays= 31320 RayPairs= 114135688 NewAxiom=13 PrevAxioms=80,81,82,83,84,85,86,87,88,89,90,91,92,93,94,95,96,97,98,99,100,101,102,103,104,105,7,14,6,15,22,23,48,29,30,38,53,54,56,62,2,18,50,52,70,4,64,65,10,37,72,58,66,20,46,42,60,55,74,78,11,45,17,73,49,75,36,47,21,39,61,44,28,12,57,5,31,25,68,76,77,69,41,71,19,3,63,33,79,27,43,35,67,59,51,+13 MissingAxioms=0,1,8,9,16,24,26,32,34,40 TotalTime=30.7
Step=96 PrevRays= 35496 ResultRays= 31320 RayPairs= 152691154 NewAxiom=14 PrevAxioms=80,81,82,83,84,85,86,87,88,89,90,91,92,93,94,95,96,97,98,99,100,101,102,103,104,105,7,15,22,6,23,29,46,48,53,70,2,4,56,18,30,64,20,72,25,49,42,66,37,57,36,58,31,13,38,47,39,59,77,62,61,60,55,11,74,78,71,75,65,67,43,79,63,5,12,44,50,68,51,76,54,45,33,28,73,69,21,17,41,35,27,19,3,10,52,+14 MissingAxioms=0,1,8,9,16,24,26,32,34,40 TotalTime=23.2
Step=96 PrevRays= 28543 ResultRays= 31320 RayPairs=  70821596 NewAxiom=15 PrevAxioms=80,81,82,83,84,85,86,87,88,89,90,91,92,93,94,95,96,97,98,99,100,101,102,103,104,105,7,14,6,23,22,48,30,38,54,56,61,62,2,10,52,50,53,33,37,57,58,64,68,55,69,3,4,66,12,65,28,29,45,49,44,72,31,39,21,76,78,47,5,59,17,77,36,67,51,13,41,46,63,79,35,20,71,25,11,19,18,43,75,60,70,74,42,27,73,+15 MissingAxioms=0,1,8,9,16,24,26,32,34,40 TotalTime=21.9
Step=96 PrevRays= 24937 ResultRays= 31320 RayPairs=  47222676 NewAxiom=17 PrevAxioms=80,81,82,83,84,85,86,87,88,89,90,91,92,93,94,95,96,97,98,99,100,101,102,103,104,105,7,14,6,15,22,23,48,29,30,38,53,54,56,62,2,18,50,52,70,4,64,65,10,37,72,58,66,20,46,42,60,55,74,78,11,45,57,49,79,61,36,47,21,39,73,75,44,28,13,5,12,31,25,68,76,77,69,41,71,19,33,3,63,27,43,35,67,51,59,+17 MissingAxioms=0,1,8,9,16,24,26,32,34,40 TotalTime=18.8
Step=96 PrevRays= 27847 ResultRays= 31320 RayPairs=  75541800 NewAxiom=18 PrevAxioms=80,81,82,83,84,85,86,87,88,89,90,91,92,93,94,95,96,97,98,99,100,101,102,103,104,105,7,14,6,15,22,23,48,29,30,38,53,54,56,62,2,50,52,4,64,65,10,37,72,58,66,20,69,68,61,46,55,71,43,45,63,76,78,57,3,77,36,31,5,39,28,12,44,19,73,75,17,70,41,60,11,74,49,21,47,42,13,25,67,79,51,59,35,27,33,+18 MissingAxioms=0,1,8,9,16,24,26,32,34,40 TotalTime=13.6
Step=96 PrevRays= 33632 ResultRays= 31320 RayPairs= 111063835 NewAxiom=19 PrevAxioms=80,81,82,83,84,85,86,87,88,89,90,91,92,93,94,95,96,97,98,99,100,101,102,103,104,105,7,14,6,15,22,23,48,29,30,38,53,54,56,62,2,18,50,52,70,4,64,65,10,37,72,58,66,20,46,42,60,55,74,78,11,45,17,73,49,75,36,47,21,39,61,44,28,13,57,5,12,31,25,68,76,77,69,41,71,3,33,63,79,27,43,67,59,51,35,+19 MissingAxioms=0,1,8,9,16,24,26,32,34,40 TotalTime=25.0
Step=96 PrevRays= 30720 ResultRays= 31320 RayPairs=  93056480 NewAxiom=20 PrevAxioms=80,81,82,83,84,85,86,87,88,89,90,91,92,93,94,95,96,97,98,99,100,101,102,103,104,105,7,14,6,15,22,23,48,29,30,38,53,54,56,62,2,18,50,52,70,4,64,65,10,37,72,58,66,60,68,12,45,17,55,74,3,76,78,46,73,49,75,77,69,28,39,21,31,36,44,57,61,47,13,5,33,42,63,11,41,25,19,71,79,59,67,51,35,27,43,+20 MissingAxioms=0,1,8,9,16,24,26,32,34,40 TotalTime=24.5
Step=96 PrevRays= 35996 ResultRays= 31320 RayPairs= 165444306 NewAxiom=21 PrevAxioms=80,81,82,83,84,85,86,87,88,89,90,91,92,93,94,95,96,97,98,99,100,101,102,103,104,105,7,14,6,15,22,23,48,29,30,38,53,54,56,62,2,18,50,52,70,4,64,65,10,37,72,58,66,20,46,42,60,55,74,78,11,45,17,73,49,75,36,47,13,39,61,44,28,57,31,5,12,25,68,76,77,69,63,41,3,19,33,71,79,59,35,43,27,67,51,+21 MissingAxioms=0,1,8,9,16,24,26,32,34,40 TotalTime=26.9
Step=96 PrevRays= 34814 ResultRays= 31320 RayPairs= 141100000 NewAxiom=22 PrevAxioms=80,81,82,83,84,85,86,87,88,89,90,91,92,93,94,95,96,97,98,99,100,101,102,103,104,105,7,14,6,15,23,37,45,48,61,69,2,10,38,56,4,64,12,72,33,57,41,65,29,49,28,50,30,53,39,21,47,31,51,78,25,5,66,55,79,58,27,59,67,44,17,20,73,52,54,77,35,63,36,19,68,76,62,46,13,11,71,75,18,3,70,42,43,74,60,+22 MissingAxioms=0,1,8,9,16,24,26,32,34,40 TotalTime=23.6
Step=96 PrevRays= 29569 ResultRays= 31320 RayPairs=  80961728 NewAxiom=23 PrevAxioms=80,81,82,83,84,85,86,87,88,89,90,91,92,93,94,95,96,97,98,99,100,101,102,103,104,105,7,14,6,15,22,48,29,30,38,53,54,56,62,2,18,60,50,52,61,4,64,65,49,68,63,70,3,10,42,20,36,57,37,46,66,58,28,12,77,69,76,44,45,79,72,47,13,33,78,19,31,5,73,75,55,21,39,41,17,11,71,25,74,27,43,67,35,59,51,+23 MissingAxioms=0,1,8,9,16,24,26,32,34,40 TotalTime=29.1
Step=96 PrevRays= 26396 ResultRays= 31320 RayPairs=  81337155 NewAxiom=25 PrevAxioms=80,81,82,83,84,85,86,87,88,89,90,91,92,93,94,95,96,97,98,99,100,101,102,103,104,105,7,14,6,15,22,23,48,29,30,38,53,54,56,62,2,18,50,52,70,4,64,65,10,37,72,58,66,20,46,42,60,55,74,78,11,45,17,73,49,75,36,47,21,39,61,44,28,13,57,5,12,31,33,71,3,68,76,77,69,41,19,63,79,27,67,59,51,35,43,+25 MissingAxioms=0,1,8,9,16,24,26,32,34,40 TotalTime=21.7
Step=96 PrevRays= 29353 ResultRays= 31320 RayPairs=  83825648 NewAxiom=27 PrevAxioms=80,81,82,83,84,85,86,87,88,89,90,91,92,93,94,95,96,97,98,99,100,101,102,103,104,105,7,14,6,15,22,23,48,29,30,38,53,54,56,62,2,18,50,52,70,4,64,65,10,37,72,58,66,20,46,42,60,55,74,78,11,45,17,73,49,75,36,47,21,39,61,44,28,13,57,5,12,31,25,68,76,77,69,41,71,19,33,3,63,79,35,43,67,51,59,+27 MissingAxioms=0,1,8,9,16,24,26,32,34,40 TotalTime=22.4
Step=96 PrevRays= 31656 ResultRays= 31320 RayPairs= 117872891 NewAxiom=28 PrevAxioms=80,81,82,83,84,85,86,87,88,89,90,91,92,93,94,95,96,97,98,99,100,101,102,103,104,105,7,14,6,15,22,23,48,29,30,38,53,54,56,62,2,18,50,52,70,4,64,65,10,37,72,58,66,20,46,42,60,55,74,78,11,45,17,73,49,75,36,47,21,39,61,44,12,57,5,31,13,33,25,3,19,68,76,77,69,63,41,71,79,27,43,35,67,59,51,+28 MissingAxioms=0,1,8,9,16,24,26,32,34,40 TotalTime=24.9
Step=96 PrevRays= 34604 ResultRays= 31320 RayPairs= 136625729 NewAxiom=29 PrevAxioms=80,81,82,83,84,85,86,87,88,89,90,91,92,93,94,95,96,97,98,99,100,101,102,103,104,105,7,14,6,15,22,23,48,30,38,53,54,56,62,2,18,50,52,70,10,37,4,64,57,49,58,72,20,46,66,42,12,65,28,47,13,60,55,74,78,3,27,73,36,31,79,75,61,5,45,51,59,44,25,68,67,76,39,21,33,17,69,77,63,43,71,11,35,41,19,+29 MissingAxioms=0,1,8,9,16,24,26,32,34,40 TotalTime=24.8
Step=96 PrevRays= 31449 ResultRays= 31320 RayPairs=  96068350 NewAxiom=30 PrevAxioms=80,81,82,83,84,85,86,87,88,89,90,91,92,93,94,95,96,97,98,99,100,101,102,103,104,105,7,14,6,15,22,23,48,29,38,53,54,56,62,2,18,50,52,70,4,72,10,37,58,64,66,12,65,60,68,61,20,69,45,17,63,73,19,44,31,13,35,33,75,77,46,47,36,74,57,28,78,21,42,41,43,3,25,71,67,79,5,39,27,49,11,59,51,55,76,+30 MissingAxioms=0,1,8,9,16,24,26,32,34,40 TotalTime=26.8
Step=96 PrevRays= 32313 ResultRays= 31320 RayPairs=  93893800 NewAxiom=31 PrevAxioms=80,81,82,83,84,85,86,87,88,89,90,91,92,93,94,95,96,97,98,99,100,101,102,103,104,105,7,14,6,15,22,23,48,29,30,38,53,54,56,62,2,18,50,52,70,4,64,65,10,37,72,58,66,20,46,42,60,55,74,78,11,45,17,73,49,75,36,47,21,39,61,44,28,13,57,5,12,33,71,3,68,76,77,69,19,41,25,63,79,35,43,67,27,59,51,+31 MissingAxioms=0,1,8,9,16,24,26,32,34,40 TotalTime=22.6
Step=96 PrevRays= 29095 ResultRays= 31320 RayPairs= 106235346 NewAxiom=33 PrevAxioms=80,81,82,83,84,85,86,87,88,89,90,91,92,93,94,95,96,97,98,99,100,101,102,103,104,105,7,14,6,15,22,23,48,29,30,38,53,54,56,62,2,18,50,52,70,4,64,65,10,37,72,58,66,20,46,42,60,55,74,78,11,45,17,73,49,75,36,47,21,39,61,44,28,13,57,5,12,31,25,68,76,77,69,41,71,19,3,63,79,35,59,67,51,43,27,+33 MissingAxioms=0,1,8,9,16,24,26,32,34,40 TotalTime=21.0
Step=96 PrevRays= 30200 ResultRays= 31320 RayPairs=  81853880 NewAxiom=35 PrevAxioms=80,81,82,83,84,85,86,87,88,89,90,91,92,93,94,95,96,97,98,99,100,101,102,103,104,105,7,14,6,15,22,23,48,29,30,38,53,54,56,62,2,18,50,52,70,4,64,65,10,37,72,58,66,20,46,42,60,55,74,78,11,45,17,73,49,75,36,47,21,39,61,44,28,13,57,5,12,31,25,68,76,77,69,41,71,19,33,3,63,79,27,43,67,59,51,+35 MissingAxioms=0,1,8,9,16,24,26,32,34,40 TotalTime=22.3
Step=96 PrevRays= 31688 ResultRays= 31320 RayPairs= 120603678 NewAxiom=36 PrevAxioms=80,81,82,83,84,85,86,87,88,89,90,91,92,93,94,95,96,97,98,99,100,101,102,103,104,105,7,14,6,15,22,23,48,29,30,38,53,54,56,62,2,18,50,52,70,4,64,65,10,37,72,58,66,20,46,42,60,55,74,78,11,45,17,73,49,75,12,44,39,21,61,28,57,47,13,31,25,33,3,68,19,76,77,69,41,63,5,71,79,35,43,59,27,67,51,+36 MissingAxioms=0,1,8,9,16,24,26,32,34,40 TotalTime=25.8
Step=96 PrevRays= 33934 ResultRays= 31320 RayPairs= 128172589 NewAxiom=37 PrevAxioms=80,81,82,83,84,85,86,87,88,89,90,91,92,93,94,95,96,97,98,99,100,101,102,103,104,105,7,14,6,15,22,23,48,29,30,38,53,54,56,62,2,18,50,52,70,4,64,65,10,42,49,20,72,46,66,57,58,36,47,31,13,39,73,5,21,60,55,11,74,78,51,79,44,59,67,45,12,61,71,27,68,76,69,17,75,77,63,28,35,41,25,3,19,43,33,+37 MissingAxioms=0,1,8,9,16,24,26,32,34,40 TotalTime=22.5
Step=96 PrevRays= 31009 ResultRays= 31320 RayPairs=  95194356 NewAxiom=38 PrevAxioms=80,81,82,83,84,85,86,87,88,89,90,91,92,93,94,95,96,97,98,99,100,101,102,103,104,105,7,14,6,15,22,23,48,29,30,46,53,54,56,62,2,18,50,52,70,4,64,65,10,37,72,20,42,66,58,49,57,60,55,3,74,78,12,44,39,21,73,45,47,27,28,75,61,13,5,36,31,79,25,51,59,67,68,76,17,77,69,63,35,71,11,41,19,43,33,+38 MissingAxioms=0,1,8,9,16,24,26,32,34,40 TotalTime=19.9
Step=96 PrevRays= 32280 ResultRays= 31320 RayPairs=  99563531 NewAxiom=39 PrevAxioms=80,81,82,83,84,85,86,87,88,89,90,91,92,93,94,95,96,97,98,99,100,101,102,103,104,105,7,14,6,15,22,23,48,29,30,38,53,54,56,62,2,18,50,52,70,4,64,65,10,37,72,58,66,20,46,42,60,55,74,78,11,45,17,73,49,75,36,47,21,61,28,44,12,57,13,5,31,25,68,76,77,69,41,71,19,3,33,63,79,27,43,67,35,51,59,+39 MissingAxioms=0,1,8,9,16,24,26,32,34,40 TotalTime=23.7
Step=96 PrevRays= 27847 ResultRays= 31320 RayPairs=  82809944 NewAxiom=41 PrevAxioms=80,81,82,83,84,85,86,87,88,89,90,91,92,93,94,95,96,97,98,99,100,101,102,103,104,105,7,14,6,15,22,23,48,29,30,38,53,54,56,62,2,18,50,52,70,4,64,65,10,37,72,58,66,20,46,42,60,55,74,78,11,45,17,73,49,75,36,47,21,39,61,44,28,13,57,5,12,31,25,68,76,77,69,63,3,33,19,71,79,35,59,51,67,43,27,+41 MissingAxioms=0,1,8,9,16,24,26,32,34,40 TotalTime=19.6
Step=96 PrevRays= 25180 ResultRays= 31320 RayPairs=  52296968 NewAxiom=42 PrevAxioms=80,81,82,83,84,85,86,87,88,89,90,91,92,93,94,95,96,97,98,99,100,101,102,103,104,105,7,14,6,15,22,23,48,29,30,38,53,54,56,62,2,18,50,52,70,4,64,65,10,37,72,58,66,20,46,45,17,73,60,55,11,68,74,76,78,77,49,69,75,12,36,31,13,44,28,61,57,47,21,5,39,41,25,71,19,33,3,63,79,27,43,67,35,59,51,+42 MissingAxioms=0,1,8,9,16,24,26,32,34,40 TotalTime=18.4
Step=96 PrevRays= 33059 ResultRays= 31320 RayPairs= 107095664 NewAxiom=43 PrevAxioms=80,81,82,83,84,85,86,87,88,89,90,91,92,93,94,95,96,97,98,99,100,101,102,103,104,105,7,14,6,15,22,23,48,29,30,38,53,54,56,62,2,18,50,52,70,4,64,65,10,37,72,58,66,20,46,42,60,55,74,78,11,45,17,73,49,75,36,47,21,39,61,44,28,13,57,5,12,31,25,68,76,77,69,41,71,19,33,3,63,79,27,67,59,51,35,+43 MissingAxioms=0,1,8,9,16,24,26,32,34,40 TotalTime=23.6
Step=96 PrevRays= 31460 ResultRays= 31320 RayPairs= 105677584 NewAxiom=44 PrevAxioms=80,81,82,83,84,85,86,87,88,89,90,91,92,93,94,95,96,97,98,99,100,101,102,103,104,105,7,14,6,15,22,23,48,29,30,38,53,54,56,62,2,18,50,52,70,4,64,65,10,37,72,58,66,20,46,42,60,55,74,78,11,45,17,73,49,75,36,47,21,39,61,28,13,57,5,12,31,25,71,3,68,76,77,69,41,33,19,63,79,27,43,67,35,59,51,+44 MissingAxioms=0,1,8,9,16,24,26,32,34,40 TotalTime=24.8
Step=96 PrevRays= 34978 ResultRays= 31320 RayPairs= 145825416 NewAxiom=45 PrevAxioms=80,81,82,83,84,85,86,87,88,89,90,91,92,93,94,95,96,97,98,99,100,101,102,103,104,105,7,14,6,15,22,23,48,29,30,38,53,54,56,62,2,18,50,52,70,4,64,65,10,37,72,58,66,20,46,42,60,55,74,78,11,57,49,17,61,28,47,13,12,31,73,75,36,5,44,25,21,39,68,76,77,69,63,3,19,33,41,71,79,27,43,35,67,59,51,+45 MissingAxioms=0,1,8,9,16,24,26,32,34,40 TotalTime=26.6
Step=96 PrevRays= 35718 ResultRays= 31320 RayPairs= 157156736 NewAxiom=46 PrevAxioms=80,81,82,83,84,85,86,87,88,89,90,91,92,93,94,95,96,97,98,99,100,101,102,103,104,105,7,14,6,15,22,23,48,29,30,38,53,54,56,62,2,18,50,52,70,4,64,65,10,37,72,58,66,20,60,68,69,61,44,39,31,13,63,3,73,49,57,5,77,67,59,51,36,47,79,55,76,35,12,74,28,45,41,78,21,25,75,17,71,11,42,27,43,19,33,+46 MissingAxioms=0,1,8,9,16,24,26,32,34,40 TotalTime=22.4
Step=96 PrevRays= 29500 ResultRays= 31320 RayPairs=  75323904 NewAxiom=47 PrevAxioms=80,81,82,83,84,85,86,87,88,89,90,91,92,93,94,95,96,97,98,99,100,101,102,103,104,105,7,14,6,15,22,23,48,29,30,38,53,54,56,62,2,18,50,52,70,4,64,65,10,37,72,58,66,20,46,42,60,55,74,78,11,45,17,73,49,75,36,31,13,39,61,28,44,57,12,5,21,25,68,76,77,69,41,63,19,3,33,71,79,27,43,35,59,67,51,+47 MissingAxioms=0,1,8,9,16,24,26,32,34,40 TotalTime=23.2
Step=96 PrevRays= 55746 ResultRays= 31320 RayPairs= 270305752 NewAxiom=48 PrevAxioms=80,81,82,83,84,85,86,87,88,89,90,91,92,93,94,95,96,97,98,99,100,101,102,103,104,105,7,14,6,15,22,23,56,30,37,38,53,54,62,64,2,17,18,52,70,4,72,10,58,66,57,12,45,28,39,47,21,67,59,65,5,13,31,60,55,74,78,3,73,61,75,44,76,29,68,69,46,20,41,77,63,11,19,42,36,33,71,79,43,35,51,27,50,25,49,+48 MissingAxioms=0,1,8,9,16,24,26,32,34,40 TotalTime=43.6
Step=96 PrevRays= 37040 ResultRays= 31320 RayPairs= 166613316 NewAxiom=49 PrevAxioms=80,81,82,83,84,85,86,87,88,89,90,91,92,93,94,95,96,97,98,99,100,101,102,103,104,105,7,14,6,15,22,23,48,29,30,38,53,54,56,62,2,18,50,52,70,4,64,65,10,37,72,58,66,20,46,42,60,55,74,78,11,45,17,73,36,47,13,25,75,39,61,44,28,33,31,3,21,71,68,76,77,12,69,41,5,19,57,63,79,35,43,67,27,59,51,+49 MissingAxioms=0,1,8,9,16,24,26,32,34,40 TotalTime=30.1
Step=96 PrevRays= 32849 ResultRays= 31320 RayPairs= 104596416 NewAxiom=50 PrevAxioms=80,81,82,83,84,85,86,87,88,89,90,91,92,93,94,95,96,97,98,99,100,101,102,103,104,105,7,14,6,15,22,23,48,29,30,38,53,54,56,62,2,18,52,70,4,64,10,37,72,58,66,57,17,73,12,60,68,45,55,74,76,78,3,46,49,65,28,39,21,31,75,61,36,44,77,69,47,13,5,20,42,63,11,41,33,25,19,71,79,35,43,27,59,67,51,+50 MissingAxioms=0,1,8,9,16,24,26,32,34,40 TotalTime=24.6
Step=96 PrevRays= 31037 ResultRays= 31320 RayPairs=  94996935 NewAxiom=51 PrevAxioms=80,81,82,83,84,85,86,87,88,89,90,91,92,93,94,95,96,97,98,99,100,101,102,103,104,105,7,14,6,15,22,23,48,29,30,38,53,54,56,62,2,18,50,52,70,4,64,65,10,37,72,58,66,20,46,42,60,55,74,78,11,45,17,73,49,75,36,47,21,39,61,44,28,13,57,5,12,31,25,68,76,77,69,41,71,19,33,3,63,79,27,43,67,35,59,+51 MissingAxioms=0,1,8,9,16,24,26,32,34,40 TotalTime=24.6
Step=96 PrevRays= 38430 ResultRays= 31320 RayPairs= 188098050 NewAxiom=52 PrevAxioms=80,81,82,83,84,85,86,87,88,89,90,91,92,93,94,95,96,97,98,99,100,101,102,103,104,105,7,14,6,15,22,23,48,29,30,38,53,54,56,62,2,18,50,58,60,71,43,4,64,65,11,55,70,61,49,25,20,66,46,63,42,27,37,75,74,78,36,3,57,72,31,39,79,5,44,51,47,68,59,67,76,45,28,12,10,77,69,21,17,13,35,73,19,41,33,+52 MissingAxioms=0,1,8,9,16,24,26,32,34,40 TotalTime=18.5
Step=96 PrevRays= 30482 ResultRays= 31320 RayPairs=  43993724 NewAxiom=53 PrevAxioms=80,81,82,83,84,85,86,87,88,89,90,91,92,93,94,95,96,97,98,99,100,101,102,103,104,105,7,14,6,15,22,23,48,29,30,38,54,56,61,62,2,10,50,52,58,71,43,12,64,65,19,63,69,3,11,68,66,20,45,77,36,76,78,33,28,37,4,72,39,5,44,46,55,73,75,70,21,13,79,47,67,57,49,60,51,31,17,59,18,74,42,27,25,35,41,+53 MissingAxioms=0,1,8,9,16,24,26,32,34,40 TotalTime=13.0
Step=96 PrevRays= 31234 ResultRays= 31320 RayPairs=  84678116 NewAxiom=54 PrevAxioms=80,81,82,83,84,85,86,87,88,89,90,91,92,93,94,95,96,97,98,99,100,101,102,103,104,105,7,14,6,15,22,23,48,29,30,38,53,56,62,69,2,10,18,50,52,63,77,3,4,37,64,65,73,49,57,58,66,60,61,12,45,41,46,74,75,79,28,72,47,13,31,44,36,21,55,5,20,33,78,39,42,11,19,76,70,25,71,17,68,35,43,27,67,59,51,+54 MissingAxioms=0,1,8,9,16,24,26,32,34,40 TotalTime=27.3
Step=96 PrevRays= 30501 ResultRays= 31320 RayPairs=  82969833 NewAxiom=55 PrevAxioms=80,81,82,83,84,85,86,87,88,89,90,91,92,93,94,95,96,97,98,99,100,101,102,103,104,105,7,14,6,15,22,23,48,29,30,38,53,54,56,62,2,18,50,52,70,4,64,65,10,37,72,58,66,20,46,42,60,74,78,45,17,71,11,61,36,47,13,73,49,75,39,44,28,57,31,25,12,79,5,68,69,63,77,41,19,3,76,21,33,27,43,67,35,59,51,+55 MissingAxioms=0,1,8,9,16,24,26,32,34,40 TotalTime=28.3
Step=96 PrevRays= 50996 ResultRays= 31320 RayPairs= 270146161 NewAxiom=56 PrevAxioms=80,81,82,83,84,85,86,87,88,89,90,91,92,93,94,95,96,97,98,99,100,101,102,103,104,105,7,14,6,15,22,23,48,29,30,38,53,54,62,64,2,18,25,49,60,12,72,50,65,61,58,45,20,71,11,55,70,63,66,28,39,5,44,46,43,78,31,3,36,37,47,75,79,67,10,77,76,69,52,73,41,21,4,13,42,27,19,68,51,59,35,74,33,17,57,+56 MissingAxioms=0,1,8,9,16,24,26,32,34,40 TotalTime=47.3
Step=96 PrevRays= 38453 ResultRays= 31320 RayPairs= 187935000 NewAxiom=57 PrevAxioms=80,81,82,83,84,85,86,87,88,89,90,91,92,93,94,95,96,97,98,99,100,101,102,103,104,105,7,14,6,15,22,23,48,29,30,38,53,54,56,62,2,18,50,52,70,4,64,65,10,37,72,58,66,20,46,42,60,55,74,78,11,45,17,73,49,75,36,47,21,39,61,44,28,13,5,12,31,25,76,77,69,41,3,63,71,33,19,79,68,35,43,67,27,59,51,+57 MissingAxioms=0,1,8,9,16,24,26,32,34,40 TotalTime=31.0
Step=96 PrevRays= 32627 ResultRays= 31320 RayPairs=  97935004 NewAxiom=58 PrevAxioms=80,81,82,83,84,85,86,87,88,89,90,91,92,93,94,95,96,97,98,99,100,101,102,103,104,105,7,14,6,15,22,23,48,29,30,38,53,54,56,62,2,18,50,52,70,4,64,65,10,37,72,42,49,57,20,46,66,60,55,74,78,11,45,73,79,36,47,21,39,75,61,44,28,13,5,12,33,3,71,68,76,77,69,31,41,19,17,25,63,27,43,35,67,59,51,+58 MissingAxioms=0,1,8,9,16,24,26,32,34,40 TotalTime=22.6
Step=96 PrevRays= 31531 ResultRays= 31320 RayPairs=  92822912 NewAxiom=59 PrevAxioms=80,81,82,83,84,85,86,87,88,89,90,91,92,93,94,95,96,97,98,99,100,101,102,103,104,105,7,14,6,15,22,23,48,29,30,38,53,54,56,62,2,18,50,52,70,4,64,65,10,37,72,58,66,20,46,42,60,55,74,78,11,45,17,73,49,75,36,47,21,39,61,44,28,13,57,5,12,31,25,68,76,77,69,41,71,19,33,3,63,79,27,43,67,35,51,+59 MissingAxioms=0,1,8,9,16,24,26,32,34,40 TotalTime=22.2

Ordered by number of ray pairs:
Step=96 #####......................... (min) Axiom53 04(1,3) - g2 f(0,1,3) + f(1,3,4) >= f(1,3) + f(0,1,2,3,4)
Step=96 #####......................... Axiom17 12(0) - g1 f(0,1) + f(0,2) >= f(0) + f(0,1,2)
Step=96 ######........................ Axiom42 23(1) - g1 f(1,2) + f(1,3) >= f(1) + f(1,2,3)
Step=96 ########...................... Axiom15 02(1,3,4) - g3 f(0,1,2,3,4) >= f(1,3,4)
Step=96 ########...................... Axiom47 23(0,1,4) - g3 f(0,1,2,3,4) >= f(0,1,4)
Step=96 ########...................... Axiom18 12(3) - g1 f(1,3) + f(2,3) >= f(3) + f(1,2,3)
Step=96 ########...................... Axiom10 02(3) - g1 f(0,3) + f(2,3) >= f(3) + f(0,2,3)
Step=96 #########..................... Axiom23 12(0,3,4) - g3 f(0,1,2,3,4) >= f(0,3,4)
Step=96 #########..................... Axiom25 03(1) - g1 f(0,1) + f(1,3) >= f(1) + f(0,1,3)
Step=96 #########..................... Axiom35 13(0,2) - g2 f(0,1,2) + f(0,2,3) >= f(0,2) + f(0,1,2,3,4)
Step=96 #########..................... Axiom41 23(0) - g1 f(0,2) + f(0,3) >= f(0) + f(0,2,3)
Step=96 #########..................... Axiom55 04(1,2,3) - g3 f(0,1,2,3,4) >= f(1,2,3)
Step=96 #########..................... Axiom27 03(1,2) - g2 f(0,1,2) + f(1,2,3) >= f(1,2) + f(0,1,2,3,4)
Step=96 #########..................... Axiom54 04(2,3) - g2 f(0,2,3) + f(2,3,4) >= f(2,3) + f(0,1,2,3,4)
Step=96 ##########.................... Axiom11 02(1,3) - g2 f(0,1,3) + f(1,2,3) >= f(1,3) + f(0,1,2,3,4)
Step=96 ##########.................... Axiom59 14(0,2) - g2 f(0,1,2) + f(0,2,4) >= f(0,2) + f(0,1,2,3,4)
Step=96 ##########.................... Axiom20 12(4) - g1 f(1,4) + f(2,4) >= f(4) + f(1,2,4)
Step=96 ##########.................... Axiom31 03(1,2,4) - g3 f(0,1,2,3,4) >= f(1,2,4)
Step=96 ##########.................... Axiom7 01(2,3,4) - g3 f(0,1,2,3,4) >= f(2,3,4)
Step=96 ##########.................... Axiom3 01(2,3) - g2 f(0,2,3) + f(1,2,3) >= f(2,3) + f(0,1,2,3,4)
Step=96 ##########.................... Axiom12 02(4) - g1 f(0,4) + f(2,4) >= f(4) + f(0,2,4)
Step=96 ###########................... Axiom51 04(1,2) - g2 f(0,1,2) + f(1,2,4) >= f(1,2) + f(0,1,2,3,4)
Step=96 ###########................... Axiom38 13(2,4) - g2 f(1,2,4) + f(2,3,4) >= f(0,1,2,3,4) + f(2,4)
Step=96 ###########................... Axiom30 03(2,4) - g2 f(0,2,4) + f(2,3,4) >= f(0,1,2,3,4) + f(2,4)
Step=96 ###########................... Axiom58 14(2) - g1 f(1,2) + f(2,4) >= f(2) + f(1,2,4)
Step=96 ###########................... Axiom39 13(0,2,4) - g3 f(0,1,2,3,4) >= f(0,2,4)
Step=96 ###########................... Axiom2 01(3) - g1 f(0,3) + f(1,3) >= f(3) + f(0,1,3)
Step=96 ############.................. Axiom50 04(2) - g1 f(0,2) + f(2,4) >= f(2) + f(0,2,4)
Step=96 ############.................. Axiom44 23(4) - g1 f(2,4) + f(3,4) >= f(4) + f(2,3,4)
Step=96 ############.................. Axiom33 13(0) - g1 f(0,1) + f(0,3) >= f(0) + f(0,1,3)
Step=96 ############.................. Axiom43 23(0,1) - g2 f(0,1,2) + f(0,1,3) >= f(0,1) + f(0,1,2,3,4)
Step=96 ############.................. Axiom5 01(2,4) - g2 f(0,2,4) + f(1,2,4) >= f(0,1,2,3,4) + f(2,4)
Step=96 ############.................. Axiom19 12(0,3) - g2 f(0,1,3) + f(0,2,3) >= f(0,3) + f(0,1,2,3,4)
Step=96 #############................. Axiom13 02(1,4) - g2 f(0,1,4) + f(1,2,4) >= f(0,1,2,3,4) + f(1,4)
Step=96 #############................. Axiom28 03(4) - g1 f(0,4) + f(3,4) >= f(4) + f(0,3,4)
Step=96 #############................. Axiom6 01(3,4) - g2 f(0,3,4) + f(1,3,4) >= f(0,1,2,3,4) + f(3,4)
Step=96 #############................. Axiom36 13(4) - g1 f(1,4) + f(3,4) >= f(4) + f(1,3,4)
Step=96 #############................. Axiom4 01(4) - g1 f(0,4) + f(1,4) >= f(4) + f(0,1,4)
Step=96 ##############................ Axiom37 13(0,4) - g2 f(0,1,4) + f(0,3,4) >= f(0,1,2,3,4) + f(0,4)
Step=96 ###############............... Axiom29 03(1,4) - g2 f(0,1,4) + f(1,3,4) >= f(0,1,2,3,4) + f(1,4)
Step=96 ################.............. Axiom22 12(3,4) - g2 f(1,3,4) + f(2,3,4) >= f(0,1,2,3,4) + f(3,4)
Step=96 ################.............. Axiom45 23(0,4) - g2 f(0,2,4) + f(0,3,4) >= f(0,1,2,3,4) + f(0,4)
Step=96 #################............. Axiom14 02(3,4) - g2 f(0,3,4) + f(2,3,4) >= f(0,1,2,3,4) + f(3,4)
Step=96 #################............. Axiom46 23(1,4) - g2 f(1,2,4) + f(1,3,4) >= f(0,1,2,3,4) + f(1,4)
Step=96 ##################............ Axiom21 12(0,4) - g2 f(0,1,4) + f(0,2,4) >= f(0,1,2,3,4) + f(0,4)
Step=96 ##################............ Axiom49 04(1) - g1 f(0,1) + f(1,4) >= f(1) + f(0,1,4)
Step=96 #####################......... Axiom57 14(0) - g1 f(0,1) + f(0,4) >= f(0) + f(0,1,4)
Step=96 #####################......... Axiom52 04(3) - g1 f(0,3) + f(3,4) >= f(3) + f(0,3,4)
Step=96 ############################## Axiom56 14() - g0 f(1) + f(4) >= f(1,4)
Step=96 ############################## Axiom48 04() - g0 f(0) + f(4) >= f(0,4)

Ordered by number of previous rays:
Step=96 $$$$$$$$$$$$$................. (min) Axiom17 12(0) - g1 f(0,1) + f(0,2) >= f(0) + f(0,1,2)
Step=96 $$$$$$$$$$$$$$................ Axiom42 23(1) - g1 f(1,2) + f(1,3) >= f(1) + f(1,2,3)
Step=96 $$$$$$$$$$$$$$................ Axiom25 03(1) - g1 f(0,1) + f(1,3) >= f(1) + f(0,1,3)
Step=96 $$$$$$$$$$$$$$$............... Axiom10 02(3) - g1 f(0,3) + f(2,3) >= f(3) + f(0,2,3)
Step=96 $$$$$$$$$$$$$$$............... Axiom18 12(3) - g1 f(1,3) + f(2,3) >= f(3) + f(1,2,3)
Step=96 $$$$$$$$$$$$$$$............... Axiom41 23(0) - g1 f(0,2) + f(0,3) >= f(0) + f(0,2,3)
Step=96 $$$$$$$$$$$$$$$............... Axiom15 02(1,3,4) - g3 f(0,1,2,3,4) >= f(1,3,4)
Step=96 $$$$$$$$$$$$$$$$.............. Axiom2 01(3) - g1 f(0,3) + f(1,3) >= f(3) + f(0,1,3)
Step=96 $$$$$$$$$$$$$$$$.............. Axiom33 13(0) - g1 f(0,1) + f(0,3) >= f(0) + f(0,1,3)
Step=96 $$$$$$$$$$$$$$$$.............. Axiom27 03(1,2) - g2 f(0,1,2) + f(1,2,3) >= f(1,2) + f(0,1,2,3,4)
Step=96 $$$$$$$$$$$$$$$$.............. Axiom47 23(0,1,4) - g3 f(0,1,2,3,4) >= f(0,1,4)
Step=96 $$$$$$$$$$$$$$$$.............. Axiom23 12(0,3,4) - g3 f(0,1,2,3,4) >= f(0,3,4)
Step=96 $$$$$$$$$$$$$$$$.............. Axiom35 13(0,2) - g2 f(0,1,2) + f(0,2,3) >= f(0,2) + f(0,1,2,3,4)
Step=96 $$$$$$$$$$$$$$$$.............. Axiom53 04(1,3) - g2 f(0,1,3) + f(1,3,4) >= f(1,3) + f(0,1,2,3,4)
Step=96 $$$$$$$$$$$$$$$$.............. Axiom55 04(1,2,3) - g3 f(0,1,2,3,4) >= f(1,2,3)
Step=96 $$$$$$$$$$$$$$$$$............. Axiom20 12(4) - g1 f(1,4) + f(2,4) >= f(4) + f(1,2,4)
Step=96 $$$$$$$$$$$$$$$$$............. Axiom12 02(4) - g1 f(0,4) + f(2,4) >= f(4) + f(0,2,4)
Step=96 $$$$$$$$$$$$$$$$$............. Axiom38 13(2,4) - g2 f(1,2,4) + f(2,3,4) >= f(0,1,2,3,4) + f(2,4)
Step=96 $$$$$$$$$$$$$$$$$............. Axiom51 04(1,2) - g2 f(0,1,2) + f(1,2,4) >= f(1,2) + f(0,1,2,3,4)
Step=96 $$$$$$$$$$$$$$$$$............. Axiom3 01(2,3) - g2 f(0,2,3) + f(1,2,3) >= f(2,3) + f(0,1,2,3,4)
Step=96 $$$$$$$$$$$$$$$$$............. Axiom54 04(2,3) - g2 f(0,2,3) + f(2,3,4) >= f(2,3) + f(0,1,2,3,4)
Step=96 $$$$$$$$$$$$$$$$$............. Axiom11 02(1,3) - g2 f(0,1,3) + f(1,2,3) >= f(1,3) + f(0,1,2,3,4)
Step=96 $$$$$$$$$$$$$$$$$............. Axiom30 03(2,4) - g2 f(0,2,4) + f(2,3,4) >= f(0,1,2,3,4) + f(2,4)
Step=96 $$$$$$$$$$$$$$$$$............. Axiom44 23(4) - g1 f(2,4) + f(3,4) >= f(4) + f(2,3,4)
Step=96 $$$$$$$$$$$$$$$$$............. Axiom59 14(0,2) - g2 f(0,1,2) + f(0,2,4) >= f(0,2) + f(0,1,2,3,4)
Step=96 $$$$$$$$$$$$$$$$$............. Axiom28 03(4) - g1 f(0,4) + f(3,4) >= f(4) + f(0,3,4)
Step=96 $$$$$$$$$$$$$$$$$............. Axiom36 13(4) - g1 f(1,4) + f(3,4) >= f(4) + f(1,3,4)
Step=96 $$$$$$$$$$$$$$$$$............. Axiom4 01(4) - g1 f(0,4) + f(1,4) >= f(4) + f(0,1,4)
Step=96 $$$$$$$$$$$$$$$$$............. Axiom7 01(2,3,4) - g3 f(0,1,2,3,4) >= f(2,3,4)
Step=96 $$$$$$$$$$$$$$$$$............. Axiom5 01(2,4) - g2 f(0,2,4) + f(1,2,4) >= f(0,1,2,3,4) + f(2,4)
Step=96 $$$$$$$$$$$$$$$$$............. Axiom39 13(0,2,4) - g3 f(0,1,2,3,4) >= f(0,2,4)
Step=96 $$$$$$$$$$$$$$$$$............. Axiom31 03(1,2,4) - g3 f(0,1,2,3,4) >= f(1,2,4)
Step=96 $$$$$$$$$$$$$$$$$$............ Axiom13 02(1,4) - g2 f(0,1,4) + f(1,2,4) >= f(0,1,2,3,4) + f(1,4)
Step=96 $$$$$$$$$$$$$$$$$$............ Axiom58 14(2) - g1 f(1,2) + f(2,4) >= f(2) + f(1,2,4)
Step=96 $$$$$$$$$$$$$$$$$$............ Axiom50 04(2) - g1 f(0,2) + f(2,4) >= f(2) + f(0,2,4)
Step=96 $$$$$$$$$$$$$$$$$$............ Axiom43 23(0,1) - g2 f(0,1,2) + f(0,1,3) >= f(0,1) + f(0,1,2,3,4)
Step=96 $$$$$$$$$$$$$$$$$$............ Axiom19 12(0,3) - g2 f(0,1,3) + f(0,2,3) >= f(0,3) + f(0,1,2,3,4)
Step=96 $$$$$$$$$$$$$$$$$$............ Axiom6 01(3,4) - g2 f(0,3,4) + f(1,3,4) >= f(0,1,2,3,4) + f(3,4)
Step=96 $$$$$$$$$$$$$$$$$$............ Axiom37 13(0,4) - g2 f(0,1,4) + f(0,3,4) >= f(0,1,2,3,4) + f(0,4)
Step=96 $$$$$$$$$$$$$$$$$$$........... Axiom29 03(1,4) - g2 f(0,1,4) + f(1,3,4) >= f(0,1,2,3,4) + f(1,4)
Step=96 $$$$$$$$$$$$$$$$$$$........... Axiom22 12(3,4) - g2 f(1,3,4) + f(2,3,4) >= f(0,1,2,3,4) + f(3,4)
Step=96 $$$$$$$$$$$$$$$$$$$........... Axiom45 23(0,4) - g2 f(0,2,4) + f(0,3,4) >= f(0,1,2,3,4) + f(0,4)
Step=96 $$$$$$$$$$$$$$$$$$$........... Axiom14 02(3,4) - g2 f(0,3,4) + f(2,3,4) >= f(0,1,2,3,4) + f(3,4)
Step=96 $$$$$$$$$$$$$$$$$$$........... Axiom46 23(1,4) - g2 f(1,2,4) + f(1,3,4) >= f(0,1,2,3,4) + f(1,4)
Step=96 $$$$$$$$$$$$$$$$$$$........... Axiom21 12(0,4) - g2 f(0,1,4) + f(0,2,4) >= f(0,1,2,3,4) + f(0,4)
Step=96 $$$$$$$$$$$$$$$$$$$$.......... Axiom49 04(1) - g1 f(0,1) + f(1,4) >= f(1) + f(0,1,4)
Step=96 $$$$$$$$$$$$$$$$$$$$$......... Axiom52 04(3) - g1 f(0,3) + f(3,4) >= f(3) + f(0,3,4)
Step=96 $$$$$$$$$$$$$$$$$$$$$......... Axiom57 14(0) - g1 f(0,1) + f(0,4) >= f(0) + f(0,1,4)
Step=96 $$$$$$$$$$$$$$$$$$$$$$$$$$$... Axiom56 14() - g0 f(1) + f(4) >= f(1,4)
Step=96 $$$$$$$$$$$$$$$$$$$$$$$$$$$$$$ Axiom48 04() - g0 f(0) + f(4) >= f(0,4)
