Step=99 PrevRays= 47996 ResultRays= 53222 RayPairs= 274118425 NewAxiom=2 PrevAxioms=80,81,82,83,84,85,86,87,88,89,90,91,92,93,94,95,96,97,98,99,100,101,102,103,104,105,7,14,6,15,22,23,48,29,30,38,53,54,56,62,10,18,26,50,34,58,69,68,55,3,64,70,25,49,63,4,57,37,77,76,78,44,36,46,66,11,72,31,13,20,59,79,71,39,65,47,5,51,67,60,21,9,52,12,19,74,75,43,45,61,73,28,41,17,27,35,33,42,+2 MissingAxioms=0,1,8,16,24,32,40 TotalTime=37.1
Step=99 PrevRays= 51295 ResultRays= 53222 RayPairs= 212259840 NewAxiom=3 PrevAxioms=80,81,82,83,84,85,86,87,88,89,90,91,92,93,94,95,96,97,98,99,100,101,102,103,104,105,7,14,6,15,22,23,48,29,30,38,53,54,56,62,2,18,26,50,34,58,52,70,4,64,37,72,65,68,49,25,66,69,36,47,44,46,13,55,11,76,78,77,20,43,10,73,12,61,79,5,31,60,51,75,71,67,9,57,21,45,39,59,17,63,33,19,35,27,74,41,42,28,+3 MissingAxioms=0,1,8,16,24,32,40 TotalTime=57.2
Step=99 PrevRays= 52678 ResultRays= 53222 RayPairs= 334500075 NewAxiom=4 PrevAxioms=80,81,82,83,84,85,86,87,88,89,90,91,92,93,94,95,96,97,98,99,100,101,102,103,104,105,7,14,6,15,22,23,48,29,30,38,53,54,56,62,2,18,26,50,34,58,52,70,49,64,25,68,55,3,60,61,12,65,45,20,66,46,78,76,77,72,44,39,5,67,28,73,69,10,31,51,79,47,36,37,74,75,57,11,59,21,17,13,41,42,35,63,71,43,19,27,9,33,+4 MissingAxioms=0,1,8,16,24,32,40 TotalTime=45.5
Step=99 PrevRays= 52554 ResultRays= 53222 RayPairs= 270983988 NewAxiom=5 PrevAxioms=80,81,82,83,84,85,86,87,88,89,90,91,92,93,94,95,96,97,98,99,100,101,102,103,104,105,7,14,6,15,22,23,48,29,30,38,53,54,56,62,2,18,26,50,34,58,52,70,4,64,37,72,65,68,49,25,66,69,36,47,44,46,13,55,3,76,78,20,77,43,63,11,9,10,19,61,12,28,45,39,73,67,51,21,71,79,59,75,57,33,31,60,17,35,27,42,41,74,+5 MissingAxioms=0,1,8,16,24,32,40 TotalTime=47.0
Step=99 PrevRays= 57873 ResultRays= 53222 RayPairs= 391065626 NewAxiom=6 PrevAxioms=80,81,82,83,84,85,86,87,88,89,90,91,92,93,94,95,96,97,98,99,100,101,102,103,104,105,7,14,15,22,23,30,38,48,54,62,10,12,56,18,20,64,72,26,50,34,58,45,65,44,66,31,5,46,39,49,9,69,41,61,13,4,57,70,68,55,3,2,76,78,28,21,17,77,36,63,19,52,47,29,71,11,42,75,60,37,33,53,73,74,25,79,43,67,27,35,51,59,+6 MissingAxioms=0,1,8,16,24,32,40 TotalTime=62.9
Step=99 PrevRays= 49711 ResultRays= 53222 RayPairs= 215700331 NewAxiom=7 PrevAxioms=80,81,82,83,84,85,86,87,88,89,90,91,92,93,94,95,96,97,98,99,100,101,102,103,104,105,15,6,14,23,22,48,29,46,53,56,69,70,2,52,10,50,54,60,55,27,9,61,4,74,28,42,66,78,37,36,68,11,43,72,31,5,79,59,51,73,58,64,44,38,20,21,39,13,76,47,62,18,75,25,12,45,65,67,49,30,77,57,17,35,63,71,19,3,41,26,34,33,+7 MissingAxioms=0,1,8,16,24,32,40 TotalTime=26.8
Step=99 PrevRays= 46545 ResultRays= 53222 RayPairs= 245748408 NewAxiom=9 PrevAxioms=80,81,82,83,84,85,86,87,88,89,90,91,92,93,94,95,96,97,98,99,100,101,102,103,104,105,7,14,6,15,22,23,48,29,30,38,53,54,56,62,2,18,26,50,34,58,52,70,4,64,37,72,65,68,49,25,66,69,36,47,44,46,13,55,3,76,78,20,77,43,63,11,42,27,35,10,19,61,73,28,79,45,39,31,71,75,57,33,59,60,67,51,21,17,5,12,41,74,+9 MissingAxioms=0,1,8,16,24,32,40 TotalTime=41.7
Step=99 PrevRays= 50364 ResultRays= 53222 RayPairs= 301547155 NewAxiom=10 PrevAxioms=80,81,82,83,84,85,86,87,88,89,90,91,92,93,94,95,96,97,98,99,100,101,102,103,104,105,7,14,6,15,22,23,48,29,30,38,53,54,56,62,2,18,26,50,34,58,52,70,4,64,37,72,65,68,49,25,66,69,36,47,44,46,13,55,3,76,78,20,77,43,63,11,9,19,12,61,5,28,31,73,21,67,51,71,79,59,75,39,57,33,45,60,17,35,27,41,42,74,+10 MissingAxioms=0,1,8,16,24,32,40 TotalTime=44.6
Step=99 PrevRays= 55622 ResultRays= 53222 RayPairs= 283299732 NewAxiom=11 PrevAxioms=80,81,82,83,84,85,86,87,88,89,90,91,92,93,94,95,96,97,98,99,100,101,102,103,104,105,7,14,6,15,22,23,48,29,30,38,53,54,56,62,2,18,26,50,34,58,52,70,4,64,37,72,65,68,49,25,66,69,36,47,44,46,13,55,3,76,78,20,77,43,63,60,10,73,31,39,79,5,61,28,45,51,21,71,59,67,9,75,57,33,19,35,17,41,27,74,42,12,+11 MissingAxioms=0,1,8,16,24,32,40 TotalTime=63.1
Step=99 PrevRays= 55205 ResultRays= 53222 RayPairs= 392768667 NewAxiom=12 PrevAxioms=80,81,82,83,84,85,86,87,88,89,90,91,92,93,94,95,96,97,98,99,100,101,102,103,104,105,7,14,6,15,22,23,48,29,30,38,53,54,56,62,2,18,26,50,34,58,52,70,4,64,37,72,65,68,49,25,66,69,36,47,44,46,13,55,3,76,78,20,77,43,63,11,9,10,19,61,39,45,28,73,67,51,5,71,79,31,59,35,57,75,33,21,60,17,27,42,41,74,+12 MissingAxioms=0,1,8,16,24,32,40 TotalTime=52.9
Step=99 PrevRays= 57985 ResultRays= 53222 RayPairs= 393491952 NewAxiom=13 PrevAxioms=80,81,82,83,84,85,86,87,88,89,90,91,92,93,94,95,96,97,98,99,100,101,102,103,104,105,7,14,6,15,22,23,48,29,30,38,53,54,56,62,2,18,26,50,34,58,52,70,4,64,37,72,65,68,49,25,66,69,36,47,44,46,55,3,20,76,77,78,43,63,11,60,74,75,79,19,61,35,28,27,51,31,73,39,45,21,71,12,57,33,17,59,67,5,42,9,41,10,+13 MissingAxioms=0,1,8,16,24,32,40 TotalTime=33.6
Step=99 PrevRays= 56581 ResultRays= 53222 RayPairs= 352480387 NewAxiom=14 PrevAxioms=80,81,82,83,84,85,86,87,88,89,90,91,92,93,94,95,96,97,98,99,100,101,102,103,104,105,7,15,22,6,23,29,46,48,53,70,2,4,56,18,30,64,20,72,25,49,42,66,37,57,36,58,31,13,38,47,39,59,77,62,34,50,63,79,35,65,67,51,5,9,21,45,12,33,17,61,44,28,19,3,60,74,75,43,78,71,41,27,69,55,11,10,54,26,68,52,73,76,+14 MissingAxioms=0,1,8,16,24,32,40 TotalTime=51.5
Step=99 PrevRays= 51106 ResultRays= 53222 RayPairs= 235774800 NewAxiom=15 PrevAxioms=80,81,82,83,84,85,86,87,88,89,90,91,92,93,94,95,96,97,98,99,100,101,102,103,104,105,7,14,6,23,22,48,30,38,54,56,61,62,2,10,52,34,58,50,26,60,37,4,64,53,57,49,68,55,69,36,44,46,66,3,20,28,45,78,65,79,29,33,12,35,51,67,59,76,63,72,5,73,77,19,75,70,17,18,11,71,74,42,25,13,9,21,47,43,27,31,39,41,+15 MissingAxioms=0,1,8,16,24,32,40 TotalTime=43.3
Step=99 PrevRays= 46545 ResultRays= 53222 RayPairs= 245748408 NewAxiom=17 PrevAxioms=80,81,82,83,84,85,86,87,88,89,90,91,92,93,94,95,96,97,98,99,100,101,102,103,104,105,7,14,6,15,22,23,48,29,30,38,53,54,56,62,2,18,26,50,34,58,52,70,4,64,37,72,65,68,49,25,66,69,36,47,44,46,13,55,3,76,78,20,77,43,63,11,9,10,19,61,12,28,45,39,73,67,51,5,71,79,59,31,21,75,57,33,60,27,35,41,74,42,+17 MissingAxioms=0,1,8,16,24,32,40 TotalTime=40.7
Step=99 PrevRays= 50364 ResultRays= 53222 RayPairs= 301547155 NewAxiom=18 PrevAxioms=80,81,82,83,84,85,86,87,88,89,90,91,92,93,94,95,96,97,98,99,100,101,102,103,104,105,7,14,6,15,22,23,48,29,30,38,53,54,56,62,2,26,50,34,58,52,4,64,37,72,65,49,25,61,60,74,68,75,28,47,44,55,76,78,45,21,39,3,66,70,5,77,12,43,79,10,31,46,42,69,13,20,73,27,51,57,63,19,71,11,9,59,67,33,41,35,17,36,+18 MissingAxioms=0,1,8,16,24,32,40 TotalTime=33.6
Step=99 PrevRays= 55622 ResultRays= 53222 RayPairs= 283299732 NewAxiom=19 PrevAxioms=80,81,82,83,84,85,86,87,88,89,90,91,92,93,94,95,96,97,98,99,100,101,102,103,104,105,7,14,6,15,22,23,48,29,30,38,53,54,56,62,2,18,26,50,34,58,52,70,4,64,37,72,65,68,49,25,66,69,36,47,44,46,13,55,3,76,78,20,77,43,63,11,9,10,12,28,31,5,57,21,51,45,39,60,79,59,67,71,27,35,61,75,73,33,17,42,41,74,+19 MissingAxioms=0,1,8,16,24,32,40 TotalTime=48.0
Step=99 PrevRays= 55205 ResultRays= 53222 RayPairs= 392768667 NewAxiom=20 PrevAxioms=80,81,82,83,84,85,86,87,88,89,90,91,92,93,94,95,96,97,98,99,100,101,102,103,104,105,7,14,6,15,22,23,48,29,30,38,53,54,56,62,2,18,26,50,34,58,52,70,4,64,37,72,65,68,49,25,66,69,36,47,44,46,13,55,3,76,78,77,43,31,63,28,11,75,79,5,39,73,21,12,57,51,9,67,59,71,10,27,35,61,45,33,60,17,19,41,74,42,+20 MissingAxioms=0,1,8,16,24,32,40 TotalTime=51.2
Step=99 PrevRays= 57985 ResultRays= 53222 RayPairs= 393491952 NewAxiom=21 PrevAxioms=80,81,82,83,84,85,86,87,88,89,90,91,92,93,94,95,96,97,98,99,100,101,102,103,104,105,7,14,6,15,22,23,48,29,30,38,53,54,56,62,2,18,26,50,34,58,52,70,4,64,37,72,65,68,49,25,66,69,36,47,44,46,13,55,3,76,78,20,77,43,63,11,9,10,19,61,12,28,45,39,73,67,51,5,71,79,59,31,57,35,75,33,60,27,41,17,74,42,+21 MissingAxioms=0,1,8,16,24,32,40 TotalTime=45.5
Step=99 PrevRays= 56581 ResultRays= 53222 RayPairs= 352480387 NewAxiom=22 PrevAxioms=80,81,82,83,84,85,86,87,88,89,90,91,92,93,94,95,96,97,98,99,100,101,102,103,104,105,7,14,6,15,23,37,45,48,61,69,2,10,38,56,4,64,12,72,33,57,41,65,29,49,28,50,30,53,39,21,47,31,51,78,25,5,66,55,79,58,27,59,67,44,17,20,26,52,54,73,77,35,63,19,68,36,62,34,3,13,46,11,18,43,9,75,71,70,42,60,74,76,+22 MissingAxioms=0,1,8,16,24,32,40 TotalTime=61.5
Step=99 PrevRays= 51106 ResultRays= 53222 RayPairs= 235774800 NewAxiom=23 PrevAxioms=80,81,82,83,84,85,86,87,88,89,90,91,92,93,94,95,96,97,98,99,100,101,102,103,104,105,7,14,6,15,22,48,29,30,38,53,54,56,62,2,18,60,26,50,52,61,4,64,49,57,68,63,70,3,9,44,20,46,36,37,65,72,39,31,76,5,77,47,74,67,59,13,51,28,25,79,73,21,45,55,35,75,17,69,10,66,58,78,71,43,42,41,34,27,19,11,33,12,+23 MissingAxioms=0,1,8,16,24,32,40 TotalTime=46.2
Step=99 PrevRays= 50364 ResultRays= 53222 RayPairs= 323416664 NewAxiom=25 PrevAxioms=80,81,82,83,84,85,86,87,88,89,90,91,92,93,94,95,96,97,98,99,100,101,102,103,104,105,7,14,6,15,22,23,48,29,30,38,53,54,56,62,2,18,26,50,34,58,52,70,4,64,37,72,65,68,49,66,69,28,47,36,44,46,13,55,3,76,78,45,20,77,67,9,39,57,51,59,5,21,73,17,41,42,31,10,11,79,35,71,43,19,75,63,61,27,60,33,74,12,+25 MissingAxioms=0,1,8,16,24,32,40 TotalTime=44.1
Step=99 PrevRays= 46056 ResultRays= 53222 RayPairs= 243890619 NewAxiom=26 PrevAxioms=80,81,82,83,84,85,86,87,88,89,90,91,92,93,94,95,96,97,98,99,100,101,102,103,104,105,7,14,6,15,22,23,48,29,30,38,53,54,56,62,2,18,34,58,50,52,70,4,64,65,10,37,72,49,57,68,12,45,55,66,76,78,3,46,17,69,77,20,36,47,21,28,44,73,13,5,39,31,25,19,41,60,63,11,75,61,33,71,42,9,79,74,35,43,27,67,59,51,+26 MissingAxioms=0,1,8,16,24,32,40 TotalTime=44.7
Step=99 PrevRays= 53979 ResultRays= 53222 RayPairs= 257617286 NewAxiom=27 PrevAxioms=80,81,82,83,84,85,86,87,88,89,90,91,92,93,94,95,96,97,98,99,100,101,102,103,104,105,7,14,6,15,22,23,48,29,30,38,53,54,56,62,2,18,26,50,34,58,52,70,4,64,37,72,65,68,49,25,66,69,36,47,44,46,13,55,3,76,78,20,77,43,63,11,9,10,19,61,12,28,45,39,73,67,51,5,71,79,59,31,21,17,75,35,33,60,74,41,42,57,+27 MissingAxioms=0,1,8,16,24,32,40 TotalTime=56.0
Step=99 PrevRays= 55757 ResultRays= 53222 RayPairs= 419650875 NewAxiom=28 PrevAxioms=80,81,82,83,84,85,86,87,88,89,90,91,92,93,94,95,96,97,98,99,100,101,102,103,104,105,7,14,6,15,22,23,48,29,30,38,53,54,56,62,2,18,26,50,34,58,52,70,4,64,37,72,65,68,49,25,66,69,36,47,44,46,13,55,3,76,78,20,77,43,63,11,9,10,19,61,12,5,31,57,21,67,51,59,71,39,79,45,35,33,27,17,75,73,60,74,41,42,+28 MissingAxioms=0,1,8,16,24,32,40 TotalTime=55.5
Step=99 PrevRays= 56055 ResultRays= 53222 RayPairs= 337841855 NewAxiom=29 PrevAxioms=80,81,82,83,84,85,86,87,88,89,90,91,92,93,94,95,96,97,98,99,100,101,102,103,104,105,7,14,6,15,22,23,48,30,38,53,54,56,62,2,18,26,50,34,58,52,70,37,4,64,57,49,68,55,3,60,61,12,45,65,44,78,76,77,28,72,47,21,25,43,5,74,75,79,66,20,39,46,31,69,10,63,11,41,19,71,67,51,17,59,13,9,27,35,33,73,42,36,+29 MissingAxioms=0,1,8,16,24,32,40 TotalTime=63.0
Step=99 PrevRays= 57690 ResultRays= 53222 RayPairs= 381612525 NewAxiom=30 PrevAxioms=80,81,82,83,84,85,86,87,88,89,90,91,92,93,94,95,96,97,98,99,100,101,102,103,104,105,7,14,6,15,22,23,48,29,38,53,54,56,62,2,18,26,34,58,52,70,4,64,10,37,72,66,12,73,68,45,55,76,78,3,49,20,44,31,13,57,46,47,59,36,69,21,17,5,77,28,41,63,11,60,79,67,51,65,71,27,35,61,75,33,74,42,19,43,50,39,9,25,+30 MissingAxioms=0,1,8,16,24,32,40 TotalTime=44.7
Step=99 PrevRays= 51700 ResultRays= 53222 RayPairs= 240501332 NewAxiom=31 PrevAxioms=80,81,82,83,84,85,86,87,88,89,90,91,92,93,94,95,96,97,98,99,100,101,102,103,104,105,7,14,6,15,22,23,48,29,30,38,53,54,56,62,2,18,26,50,34,58,52,70,4,64,37,72,65,68,49,25,66,69,36,47,44,46,13,55,3,76,78,20,77,43,63,11,9,10,19,61,12,28,45,39,73,67,51,5,71,79,59,21,75,57,33,74,27,17,35,42,41,60,+31 MissingAxioms=0,1,8,16,24,32,40 TotalTime=46.3
Step=99 PrevRays= 50364 ResultRays= 53222 RayPairs= 323416664 NewAxiom=33 PrevAxioms=80,81,82,83,84,85,86,87,88,89,90,91,92,93,94,95,96,97,98,99,100,101,102,103,104,105,7,14,6,15,22,23,48,29,30,38,53,54,56,62,2,18,26,50,34,58,52,70,4,64,37,72,65,68,49,25,66,69,36,47,44,46,13,55,3,76,78,20,77,43,63,11,9,10,19,61,12,28,45,39,73,67,51,5,71,79,59,31,21,17,75,35,27,60,74,41,57,42,+33 MissingAxioms=0,1,8,16,24,32,40 TotalTime=48.5
Step=99 PrevRays= 46056 ResultRays= 53222 RayPairs= 243890619 NewAxiom=34 PrevAxioms=80,81,82,83,84,85,86,87,88,89,90,91,92,93,94,95,96,97,98,99,100,101,102,103,104,105,7,14,6,15,22,23,48,29,30,38,53,54,56,62,2,18,26,50,52,70,4,64,37,72,65,60,61,58,66,68,69,20,46,9,63,19,74,28,47,13,67,31,57,10,76,77,78,36,12,49,75,59,44,45,71,73,42,51,3,5,21,39,33,17,35,11,43,79,55,27,41,25,+34 MissingAxioms=0,1,8,16,24,32,40 TotalTime=31.6
Step=99 PrevRays= 53979 ResultRays= 53222 RayPairs= 257617286 NewAxiom=35 PrevAxioms=80,81,82,83,84,85,86,87,88,89,90,91,92,93,94,95,96,97,98,99,100,101,102,103,104,105,7,14,6,15,22,23,48,29,30,38,53,54,56,62,2,18,26,50,34,58,52,70,4,64,37,72,65,68,49,25,66,69,36,47,44,46,13,55,3,76,78,20,77,43,63,11,9,10,19,61,12,28,45,39,73,67,51,5,71,79,59,31,21,17,75,27,60,74,41,57,33,42,+35 MissingAxioms=0,1,8,16,24,32,40 TotalTime=50.5
Step=99 PrevRays= 55757 ResultRays= 53222 RayPairs= 419650875 NewAxiom=36 PrevAxioms=80,81,82,83,84,85,86,87,88,89,90,91,92,93,94,95,96,97,98,99,100,101,102,103,104,105,7,14,6,15,22,23,48,29,30,38,53,54,56,62,2,18,26,50,34,58,52,70,4,64,37,72,65,68,49,25,66,69,44,31,5,55,43,11,46,76,78,77,39,21,20,73,13,28,57,12,45,10,47,79,51,71,60,3,9,27,35,19,67,59,17,63,41,75,61,33,74,42,+36 MissingAxioms=0,1,8,16,24,32,40 TotalTime=47.6
Step=99 PrevRays= 56055 ResultRays= 53222 RayPairs= 337841855 NewAxiom=37 PrevAxioms=80,81,82,83,84,85,86,87,88,89,90,91,92,93,94,95,96,97,98,99,100,101,102,103,104,105,7,14,6,15,22,23,48,29,30,38,53,54,56,62,2,18,26,50,34,58,52,70,4,64,49,57,68,55,3,60,61,44,65,20,46,78,76,77,12,72,31,13,36,5,21,51,9,69,45,74,75,39,66,63,10,25,19,47,42,27,67,59,79,71,73,35,43,11,17,41,33,28,+37 MissingAxioms=0,1,8,16,24,32,40 TotalTime=49.8
Step=99 PrevRays= 57690 ResultRays= 53222 RayPairs= 381612525 NewAxiom=38 PrevAxioms=80,81,82,83,84,85,86,87,88,89,90,91,92,93,94,95,96,97,98,99,100,101,102,103,104,105,7,14,6,15,22,23,48,29,30,46,53,54,56,62,2,18,26,50,34,52,70,4,64,20,65,72,37,44,39,21,73,12,60,74,55,3,68,76,45,47,67,17,77,69,57,13,49,75,5,36,31,59,42,78,41,61,33,10,19,66,51,25,63,79,35,27,43,11,9,71,58,28,+38 MissingAxioms=0,1,8,16,24,32,40 TotalTime=74.3
Step=99 PrevRays= 51700 ResultRays= 53222 RayPairs= 240501332 NewAxiom=39 PrevAxioms=80,81,82,83,84,85,86,87,88,89,90,91,92,93,94,95,96,97,98,99,100,101,102,103,104,105,7,14,6,15,22,23,48,29,30,38,53,54,56,62,2,18,26,50,34,58,52,70,4,64,37,72,65,68,49,25,66,69,36,47,44,46,13,55,3,76,78,20,77,43,63,11,9,10,19,61,12,28,45,73,51,21,5,31,67,71,79,59,75,57,33,60,17,27,35,41,74,42,+39 MissingAxioms=0,1,8,16,24,32,40 TotalTime=45.5
Step=99 PrevRays= 51994 ResultRays= 53222 RayPairs= 340046720 NewAxiom=41 PrevAxioms=80,81,82,83,84,85,86,87,88,89,90,91,92,93,94,95,96,97,98,99,100,101,102,103,104,105,7,14,6,15,22,23,48,29,30,38,53,54,56,62,2,18,26,50,34,58,52,70,4,64,37,72,65,68,49,25,66,69,36,47,44,46,13,55,3,76,78,20,77,43,63,11,9,10,19,61,12,28,45,39,73,67,51,5,71,79,59,31,21,17,75,35,27,33,42,74,60,57,+41 MissingAxioms=0,1,8,16,24,32,40 TotalTime=62.0
Step=99 PrevRays= 51994 ResultRays= 53222 RayPairs= 340046720 NewAxiom=42 PrevAxioms=80,81,82,83,84,85,86,87,88,89,90,91,92,93,94,95,96,97,98,99,100,101,102,103,104,105,7,14,6,15,22,23,48,29,30,38,53,54,56,62,2,18,26,50,34,58,52,70,4,64,37,72,65,68,49,25,66,69,36,47,44,46,13,55,3,76,78,20,77,43,63,11,9,10,19,61,12,28,45,39,73,67,51,5,71,79,59,31,21,17,75,35,27,33,60,74,41,57,+42 MissingAxioms=0,1,8,16,24,32,40 TotalTime=56.8
Step=99 PrevRays= 54366 ResultRays= 53222 RayPairs= 239167800 NewAxiom=43 PrevAxioms=80,81,82,83,84,85,86,87,88,89,90,91,92,93,94,95,96,97,98,99,100,101,102,103,104,105,7,14,6,15,22,23,48,29,30,38,53,54,56,62,2,18,26,50,34,58,52,70,4,64,37,72,65,68,49,25,66,69,36,47,44,46,13,55,3,76,78,20,77,67,9,63,11,42,74,75,12,28,45,21,39,73,5,51,31,79,19,71,59,35,10,57,61,27,41,33,17,60,+43 MissingAxioms=0,1,8,16,24,32,40 TotalTime=45.3
Step=99 PrevRays= 55822 ResultRays= 53222 RayPairs= 429110896 NewAxiom=44 PrevAxioms=80,81,82,83,84,85,86,87,88,89,90,91,92,93,94,95,96,97,98,99,100,101,102,103,104,105,7,14,6,15,22,23,48,29,30,38,53,54,56,62,2,18,26,50,34,58,52,70,4,64,37,72,65,68,49,25,66,69,36,47,20,13,46,63,31,3,76,77,78,35,79,10,55,11,19,60,28,61,75,27,39,73,57,59,9,45,21,5,41,67,51,71,33,43,12,17,42,74,+44 MissingAxioms=0,1,8,16,24,32,40 TotalTime=48.0
Step=99 PrevRays= 55794 ResultRays= 53222 RayPairs= 345443580 NewAxiom=45 PrevAxioms=80,81,82,83,84,85,86,87,88,89,90,91,92,93,94,95,96,97,98,99,100,101,102,103,104,105,7,14,6,15,22,23,48,29,30,38,53,54,56,62,2,18,26,50,34,58,52,70,4,64,37,72,65,68,49,25,66,69,36,47,44,46,13,55,3,76,78,20,77,43,63,11,9,10,19,61,12,28,51,5,31,67,71,73,79,59,75,21,39,57,33,60,17,35,27,42,41,74,+45 MissingAxioms=0,1,8,16,24,32,40 TotalTime=56.0
Step=99 PrevRays= 55794 ResultRays= 53222 RayPairs= 345443580 NewAxiom=46 PrevAxioms=80,81,82,83,84,85,86,87,88,89,90,91,92,93,94,95,96,97,98,99,100,101,102,103,104,105,7,14,6,15,22,23,48,29,30,38,53,54,56,62,2,18,26,50,34,58,52,70,4,64,37,72,65,68,49,25,66,69,36,47,44,55,13,3,76,78,77,20,43,63,11,60,74,75,79,19,39,31,5,73,28,21,57,61,45,12,71,67,59,51,17,10,35,9,27,33,42,41,+46 MissingAxioms=0,1,8,16,24,32,40 TotalTime=37.7
Step=99 PrevRays= 51494 ResultRays= 53222 RayPairs= 262123827 NewAxiom=47 PrevAxioms=80,81,82,83,84,85,86,87,88,89,90,91,92,93,94,95,96,97,98,99,100,101,102,103,104,105,7,14,6,15,22,23,48,29,30,38,53,54,56,62,2,18,26,50,34,58,52,70,4,64,37,72,65,68,49,25,66,69,36,44,31,46,5,55,3,20,76,77,78,67,39,13,9,73,21,57,51,59,19,17,10,45,75,71,12,11,27,41,35,61,63,79,43,33,60,74,42,28,+47 MissingAxioms=0,1,8,16,24,32,40 TotalTime=54.1
Step=99 PrevRays= 88180 ResultRays= 53222 RayPairs= 866921480 NewAxiom=48 PrevAxioms=80,81,82,83,84,85,86,87,88,89,90,91,92,93,94,95,96,97,98,99,100,101,102,103,104,105,7,14,6,15,22,23,56,30,37,38,53,54,62,64,2,17,18,52,70,4,72,10,34,58,66,57,12,45,28,39,47,21,67,59,65,5,13,44,68,76,55,78,3,69,73,77,31,41,63,79,35,11,29,46,36,61,71,60,74,75,42,19,33,43,27,51,20,49,9,25,50,26,+48 MissingAxioms=0,1,8,16,24,32,40 TotalTime=102.6
Step=99 PrevRays= 60789 ResultRays= 53222 RayPairs= 452019454 NewAxiom=49 PrevAxioms=80,81,82,83,84,85,86,87,88,89,90,91,92,93,94,95,96,97,98,99,100,101,102,103,104,105,7,14,6,15,22,23,48,29,30,38,53,54,56,62,2,18,26,50,34,58,52,70,4,64,37,72,65,68,66,69,28,47,67,36,44,46,13,9,55,3,45,76,78,21,57,77,31,39,5,73,59,51,79,12,41,60,75,61,71,63,74,11,33,43,42,10,19,27,35,17,25,20,+49 MissingAxioms=0,1,8,16,24,32,40 TotalTime=71.6
Step=99 PrevRays= 57653 ResultRays= 53222 RayPairs= 386616033 NewAxiom=50 PrevAxioms=80,81,82,83,84,85,86,87,88,89,90,91,92,93,94,95,96,97,98,99,100,101,102,103,104,105,7,14,6,15,22,23,48,29,30,38,53,54,56,62,2,18,26,34,58,52,70,4,64,10,37,72,66,57,73,68,12,45,55,76,77,78,3,9,60,36,47,21,39,20,69,28,75,61,5,46,44,41,63,49,11,33,31,13,65,17,71,74,19,25,42,79,67,59,51,43,35,27,+50 MissingAxioms=0,1,8,16,24,32,40 TotalTime=68.9
Step=99 PrevRays= 52032 ResultRays= 53222 RayPairs= 226826713 NewAxiom=51 PrevAxioms=80,81,82,83,84,85,86,87,88,89,90,91,92,93,94,95,96,97,98,99,100,101,102,103,104,105,7,14,6,15,22,23,48,29,30,38,53,54,56,62,2,18,26,50,34,58,52,70,4,64,37,72,65,68,49,25,66,69,36,47,44,46,13,55,3,76,78,20,77,43,63,11,9,10,19,61,12,28,45,39,73,67,71,57,75,33,21,5,79,59,31,27,60,17,35,42,41,74,+51 MissingAxioms=0,1,8,16,24,32,40 TotalTime=51.1
Step=99 PrevRays= 60374 ResultRays= 53222 RayPairs= 454348299 NewAxiom=52 PrevAxioms=80,81,82,83,84,85,86,87,88,89,90,91,92,93,94,95,96,97,98,99,100,101,102,103,104,105,7,14,6,15,22,23,48,29,30,38,53,54,56,62,2,18,26,50,34,58,70,68,4,64,25,49,55,3,57,60,19,37,78,76,77,66,11,44,10,36,46,72,39,21,20,35,79,12,45,28,65,69,31,63,59,67,51,17,5,41,71,61,75,13,47,43,33,27,9,74,73,42,+52 MissingAxioms=0,1,8,16,24,32,40 TotalTime=59.6
Step=99 PrevRays= 52633 ResultRays= 53222 RayPairs= 204908760 NewAxiom=53 PrevAxioms=80,81,82,83,84,85,86,87,88,89,90,91,92,93,94,95,96,97,98,99,100,101,102,103,104,105,7,14,6,15,22,23,48,29,30,38,54,56,61,62,2,10,26,50,34,58,60,69,4,64,37,72,65,68,74,20,46,63,76,78,3,77,44,39,21,33,43,66,70,5,52,36,47,73,75,79,45,31,18,13,55,19,12,41,35,59,27,57,17,11,51,67,71,49,42,9,28,25,+53 MissingAxioms=0,1,8,16,24,32,40 TotalTime=35.8
Step=99 PrevRays= 53814 ResultRays= 53222 RayPairs= 233020705 NewAxiom=54 PrevAxioms=80,81,82,83,84,85,86,87,88,89,90,91,92,93,94,95,96,97,98,99,100,101,102,103,104,105,7,14,6,15,22,23,48,29,30,38,53,56,62,69,2,10,18,34,58,50,52,63,77,3,4,37,68,64,65,66,70,57,49,35,44,12,45,28,46,73,72,31,5,36,20,76,78,39,79,26,55,60,47,11,74,75,27,61,21,33,19,41,43,17,59,13,42,67,51,71,9,25,+54 MissingAxioms=0,1,8,16,24,32,40 TotalTime=33.2
Step=99 PrevRays= 50967 ResultRays= 53222 RayPairs= 268072596 NewAxiom=55 PrevAxioms=80,81,82,83,84,85,86,87,88,89,90,91,92,93,94,95,96,97,98,99,100,101,102,103,104,105,7,14,6,15,22,23,48,29,30,38,53,54,56,62,2,18,26,50,34,58,52,70,4,64,37,72,65,68,49,25,66,69,36,47,44,46,13,63,3,76,77,78,20,67,9,10,51,31,5,39,19,60,21,73,74,75,45,12,42,71,11,57,61,59,79,43,33,17,35,27,41,28,+55 MissingAxioms=0,1,8,16,24,32,40 TotalTime=42.7
Step=99 PrevRays= 88180 ResultRays= 53222 RayPairs= 866921480 NewAxiom=56 PrevAxioms=80,81,82,83,84,85,86,87,88,89,90,91,92,93,94,95,96,97,98,99,100,101,102,103,104,105,7,14,6,15,22,23,48,29,30,38,53,54,62,64,2,9,18,52,70,4,72,10,50,65,37,20,42,46,66,73,49,60,55,11,45,74,78,75,61,3,71,21,47,36,39,28,13,12,58,68,44,5,34,31,26,77,69,19,41,63,25,76,79,33,57,17,35,43,67,27,51,59,+56 MissingAxioms=0,1,8,16,24,32,40 TotalTime=168.1
Step=99 PrevRays= 60789 ResultRays= 53222 RayPairs= 452019454 NewAxiom=57 PrevAxioms=80,81,82,83,84,85,86,87,88,89,90,91,92,93,94,95,96,97,98,99,100,101,102,103,104,105,7,14,6,15,22,23,48,29,30,38,53,54,56,62,2,18,26,50,34,58,52,70,4,64,37,72,65,68,49,25,66,69,36,47,44,46,13,55,3,76,78,20,77,43,63,11,9,10,19,61,12,28,45,39,73,67,51,5,71,79,59,31,21,17,75,35,27,33,42,74,60,41,+57 MissingAxioms=0,1,8,16,24,32,40 TotalTime=62.0
Step=99 PrevRays= 57653 ResultRays= 53222 RayPairs= 386616033 NewAxiom=58 PrevAxioms=80,81,82,83,84,85,86,87,88,89,90,91,92,93,94,95,96,97,98,99,100,101,102,103,104,105,7,14,6,15,22,23,48,29,30,38,53,54,56,62,2,18,26,50,34,52,70,4,64,37,72,65,60,61,49,25,74,75,20,46,55,3,73,44,39,31,5,51,21,36,27,35,10,13,47,68,76,79,42,78,28,69,77,45,43,66,57,33,19,63,41,17,59,67,71,11,9,12,+58 MissingAxioms=0,1,8,16,24,32,40 TotalTime=43.9
Step=99 PrevRays= 52032 ResultRays= 53222 RayPairs= 226826713 NewAxiom=59 PrevAxioms=80,81,82,83,84,85,86,87,88,89,90,91,92,93,94,95,96,97,98,99,100,101,102,103,104,105,7,14,6,15,22,23,48,29,30,38,53,54,56,62,2,18,26,50,34,58,52,70,4,64,37,72,65,68,49,25,66,69,36,47,44,46,13,55,3,76,78,20,77,43,63,11,9,10,19,61,12,28,45,39,73,67,51,5,71,79,31,57,35,75,33,21,41,27,17,60,74,42,+59 MissingAxioms=0,1,8,16,24,32,40 TotalTime=46.4
Step=99 PrevRays= 60374 ResultRays= 53222 RayPairs= 454348299 NewAxiom=60 PrevAxioms=80,81,82,83,84,85,86,87,88,89,90,91,92,93,94,95,96,97,98,99,100,101,102,103,104,105,7,14,6,15,22,23,48,29,30,38,53,54,56,62,2,18,26,50,34,58,52,70,4,64,37,72,65,68,49,25,66,69,36,47,44,46,13,55,3,76,78,20,77,43,63,11,9,10,19,61,12,28,45,39,73,67,51,5,71,79,59,31,21,17,75,35,27,33,42,74,57,41,+60 MissingAxioms=0,1,8,16,24,32,40 TotalTime=62.1
Step=99 PrevRays= 52633 ResultRays= 53222 RayPairs= 204908760 NewAxiom=61 PrevAxioms=80,81,82,83,84,85,86,87,88,89,90,91,92,93,94,95,96,97,98,99,100,101,102,103,104,105,7,14,6,15,22,23,48,29,30,38,53,54,56,62,2,18,26,50,34,58,52,70,4,64,37,72,65,68,49,25,66,69,36,47,44,46,13,55,3,76,78,20,77,43,63,11,9,10,19,12,28,31,5,57,60,67,51,59,71,79,75,45,39,73,21,33,17,35,27,41,74,42,+61 MissingAxioms=0,1,8,16,24,32,40 TotalTime=54.8
Step=99 PrevRays= 53814 ResultRays= 53222 RayPairs= 233020705 NewAxiom=62 PrevAxioms=80,81,82,83,84,85,86,87,88,89,90,91,92,93,94,95,96,97,98,99,100,101,102,103,104,105,7,14,6,15,22,23,48,29,30,38,53,54,56,70,2,18,26,50,52,4,64,37,72,65,68,58,66,61,60,69,20,46,9,55,11,74,28,47,13,31,51,67,49,57,36,76,77,39,59,5,21,73,75,17,33,44,41,10,19,3,35,63,25,27,43,78,79,42,45,71,34,12,+62 MissingAxioms=0,1,8,16,24,32,40 TotalTime=44.1
Step=99 PrevRays= 50967 ResultRays= 53222 RayPairs= 268072596 NewAxiom=63 PrevAxioms=80,81,82,83,84,85,86,87,88,89,90,91,92,93,94,95,96,97,98,99,100,101,102,103,104,105,7,14,6,15,22,23,48,29,30,38,53,54,56,62,2,18,26,50,34,58,52,70,4,64,37,72,65,68,49,25,66,69,36,47,44,46,13,55,3,76,78,20,77,43,39,73,31,57,5,21,79,10,45,51,12,60,71,11,19,9,27,35,67,59,17,61,75,41,33,74,42,28,+63 MissingAxioms=0,1,8,16,24,32,40 TotalTime=47.6
Step=99 PrevRays= 82550 ResultRays= 53222 RayPairs= 865827984 NewAxiom=64 PrevAxioms=80,81,82,83,84,85,86,87,88,89,90,91,92,93,94,95,96,97,98,99,100,101,102,103,104,105,7,14,6,15,22,23,48,29,30,38,53,54,56,62,2,18,26,50,34,58,52,70,4,72,37,73,68,55,76,77,78,3,49,57,60,74,28,47,36,17,61,75,65,12,21,45,39,69,44,46,31,5,33,13,20,10,41,11,19,71,63,25,79,42,66,9,43,67,51,59,27,35,+64 MissingAxioms=0,1,8,16,24,32,40 TotalTime=145.1
Step=99 PrevRays= 61055 ResultRays= 53222 RayPairs= 464886532 NewAxiom=65 PrevAxioms=80,81,82,83,84,85,86,87,88,89,90,91,92,93,94,95,96,97,98,99,100,101,102,103,104,105,7,14,6,15,22,23,48,29,30,38,53,54,56,62,2,18,26,50,34,58,52,70,4,64,37,72,66,68,73,12,45,55,76,77,3,78,44,31,13,25,43,63,69,5,28,10,47,75,79,46,11,27,39,42,36,35,33,59,60,21,9,51,61,71,67,41,49,57,19,17,20,74,+65 MissingAxioms=0,1,8,16,24,32,40 TotalTime=71.9
Step=99 PrevRays= 61055 ResultRays= 53222 RayPairs= 464886532 NewAxiom=66 PrevAxioms=80,81,82,83,84,85,86,87,88,89,90,91,92,93,94,95,96,97,98,99,100,101,102,103,104,105,7,14,6,15,22,23,48,29,30,38,53,54,56,62,2,18,26,50,34,58,52,70,4,64,37,72,65,68,49,25,60,74,75,61,79,44,39,21,76,77,78,28,45,47,59,35,5,12,3,73,10,69,31,46,13,57,36,51,42,63,19,71,67,17,27,43,11,9,41,55,33,20,+66 MissingAxioms=0,1,8,16,24,32,40 TotalTime=51.6
Step=99 PrevRays= 52867 ResultRays= 53222 RayPairs= 215402738 NewAxiom=67 PrevAxioms=80,81,82,83,84,85,86,87,88,89,90,91,92,93,94,95,96,97,98,99,100,101,102,103,104,105,7,14,6,15,22,23,48,29,30,38,53,54,56,62,2,18,26,50,34,58,52,70,4,64,37,72,65,68,49,25,66,69,36,47,44,46,13,55,3,76,78,20,77,43,63,11,9,10,19,61,12,28,45,39,73,51,5,31,79,59,71,21,75,57,33,60,17,35,27,42,41,74,+67 MissingAxioms=0,1,8,16,24,32,40 TotalTime=59.5
Step=99 PrevRays= 61066 ResultRays= 53222 RayPairs= 477142932 NewAxiom=68 PrevAxioms=80,81,82,83,84,85,86,87,88,89,90,91,92,93,94,95,96,97,98,99,100,101,102,103,104,105,7,14,6,15,22,23,48,29,30,38,53,54,56,62,2,18,26,50,34,58,52,70,4,64,37,72,65,49,25,66,28,36,47,44,46,13,42,73,79,67,9,12,20,60,74,75,43,61,31,5,57,59,51,71,11,21,17,45,39,10,3,55,19,27,78,35,63,69,41,77,76,33,+68 MissingAxioms=0,1,8,16,24,32,40 TotalTime=46.0
Step=99 PrevRays= 51582 ResultRays= 53222 RayPairs= 202392000 NewAxiom=69 PrevAxioms=80,81,82,83,84,85,86,87,88,89,90,91,92,93,94,95,96,97,98,99,100,101,102,103,104,105,7,14,6,15,22,23,48,29,30,38,53,54,56,62,2,18,26,50,34,58,52,70,4,64,37,72,65,68,49,25,66,60,61,44,39,21,63,76,77,3,78,28,45,47,67,17,5,12,73,10,31,46,75,51,13,20,9,71,59,11,55,79,43,19,74,27,36,35,33,42,57,41,+69 MissingAxioms=0,1,8,16,24,32,40 TotalTime=62.0
Step=99 PrevRays= 51582 ResultRays= 53222 RayPairs= 202392000 NewAxiom=70 PrevAxioms=80,81,82,83,84,85,86,87,88,89,90,91,92,93,94,95,96,97,98,99,100,101,102,103,104,105,7,14,6,15,22,23,48,29,30,38,53,54,56,62,2,18,26,50,34,58,52,4,64,37,72,65,49,25,66,68,28,36,69,20,46,31,5,55,76,77,3,44,78,60,67,73,39,13,9,74,75,57,59,51,21,47,17,61,45,41,33,42,63,19,35,71,43,11,27,79,10,12,+70 MissingAxioms=0,1,8,16,24,32,40 TotalTime=41.8
Step=99 PrevRays= 50527 ResultRays= 53222 RayPairs= 286120942 NewAxiom=71 PrevAxioms=80,81,82,83,84,85,86,87,88,89,90,91,92,93,94,95,96,97,98,99,100,101,102,103,104,105,7,14,6,15,22,23,48,29,30,38,53,54,56,62,2,18,26,50,34,58,52,70,4,64,37,72,65,68,49,25,66,69,36,47,44,46,13,55,3,76,78,20,77,43,63,11,9,10,19,61,12,28,45,39,73,67,51,5,79,59,31,21,17,75,35,27,33,42,74,60,57,41,+71 MissingAxioms=0,1,8,16,24,32,40 TotalTime=59.3
Step=99 PrevRays= 85330 ResultRays= 53222 RayPairs= 850191100 NewAxiom=72 PrevAxioms=80,81,82,83,84,85,86,87,88,89,90,91,92,93,94,95,96,97,98,99,100,101,102,103,104,105,7,14,6,15,22,23,48,29,30,38,53,54,56,62,2,18,26,50,34,58,52,70,4,64,37,65,66,68,55,3,60,61,57,44,33,74,12,45,69,9,41,10,77,5,13,49,78,11,19,63,76,75,39,31,21,47,36,46,25,42,20,17,71,73,28,79,43,67,51,59,27,35,+72 MissingAxioms=0,1,8,16,24,32,40 TotalTime=153.3
Step=99 PrevRays= 61377 ResultRays= 53222 RayPairs= 482806730 NewAxiom=73 PrevAxioms=80,81,82,83,84,85,86,87,88,89,90,91,92,93,94,95,96,97,98,99,100,101,102,103,104,105,7,14,6,15,22,23,48,29,30,38,53,54,56,62,2,18,26,50,34,58,52,70,4,64,37,72,65,68,49,25,66,69,36,47,44,46,13,55,3,76,78,20,77,43,63,11,9,10,19,61,12,28,45,39,57,67,51,5,59,71,79,31,35,27,21,33,75,17,60,74,41,42,+73 MissingAxioms=0,1,8,16,24,32,40 TotalTime=52.8
Step=99 PrevRays= 61377 ResultRays= 53222 RayPairs= 482806730 NewAxiom=74 PrevAxioms=80,81,82,83,84,85,86,87,88,89,90,91,92,93,94,95,96,97,98,99,100,101,102,103,104,105,7,14,6,15,22,23,48,29,30,38,53,54,56,62,2,18,26,50,34,58,52,70,4,64,37,72,65,68,49,25,66,69,36,47,44,46,13,55,3,76,78,20,77,43,63,11,9,10,19,61,12,28,45,39,73,67,51,5,71,79,59,31,21,17,75,35,27,33,42,60,57,41,+74 MissingAxioms=0,1,8,16,24,32,40 TotalTime=63.4
Step=99 PrevRays= 50831 ResultRays= 53222 RayPairs= 140966400 NewAxiom=75 PrevAxioms=80,81,82,83,84,85,86,87,88,89,90,91,92,93,94,95,96,97,98,99,100,101,102,103,104,105,7,14,6,15,22,23,48,29,30,38,53,54,56,62,2,18,26,50,34,58,52,70,4,64,37,72,65,68,49,25,66,69,36,47,44,46,13,55,3,76,78,20,77,43,63,11,9,10,19,61,12,28,45,39,73,67,51,5,71,79,59,31,21,17,35,27,41,33,60,74,57,42,+75 MissingAxioms=0,1,8,16,24,32,40 TotalTime=54.8
Step=99 PrevRays= 62356 ResultRays= 53222 RayPairs= 515410208 NewAxiom=76 PrevAxioms=80,81,82,83,84,85,86,87,88,89,90,91,92,93,94,95,96,97,98,99,100,101,102,103,104,105,7,14,6,15,22,23,48,29,30,38,53,54,56,62,2,18,26,50,34,58,52,70,4,64,37,72,65,68,49,25,66,69,36,47,44,46,13,55,3,51,9,78,20,10,73,42,5,59,67,31,39,21,12,77,57,17,45,11,41,19,43,27,35,79,63,61,75,71,33,74,60,28,+76 MissingAxioms=0,1,8,16,24,32,40 TotalTime=67.2
Step=99 PrevRays= 52940 ResultRays= 53222 RayPairs= 222448722 NewAxiom=77 PrevAxioms=80,81,82,83,84,85,86,87,88,89,90,91,92,93,94,95,96,97,98,99,100,101,102,103,104,105,7,14,6,15,22,23,48,29,30,38,53,54,56,62,2,18,26,50,34,58,52,70,4,64,37,72,65,68,49,25,66,69,36,47,44,46,13,55,3,76,78,20,35,27,63,11,9,43,10,19,61,73,28,45,39,67,79,31,71,5,12,75,57,33,51,59,21,17,60,42,41,74,+77 MissingAxioms=0,1,8,16,24,32,40 TotalTime=56.5
Step=99 PrevRays= 52940 ResultRays= 53222 RayPairs= 222448722 NewAxiom=78 PrevAxioms=80,81,82,83,84,85,86,87,88,89,90,91,92,93,94,95,96,97,98,99,100,101,102,103,104,105,7,14,6,15,22,23,48,29,30,38,53,54,56,62,2,18,26,50,34,58,52,70,4,64,37,72,65,68,49,25,66,69,36,47,44,46,13,55,3,76,77,20,27,73,63,35,11,9,10,19,61,51,67,31,5,79,39,12,21,57,75,43,71,45,33,59,17,74,42,41,60,28,+78 MissingAxioms=0,1,8,16,24,32,40 TotalTime=56.1
Step=99 PrevRays= 48389 ResultRays= 53222 RayPairs= 227678703 NewAxiom=79 PrevAxioms=80,81,82,83,84,85,86,87,88,89,90,91,92,93,94,95,96,97,98,99,100,101,102,103,104,105,7,14,6,15,22,23,48,29,30,38,53,54,56,62,2,18,26,50,34,58,52,70,4,64,37,72,65,68,49,25,66,69,36,47,44,46,13,55,3,76,78,20,77,43,63,11,9,10,19,61,12,28,45,39,73,67,51,5,71,31,57,75,33,21,59,17,35,27,60,41,74,42,+79 MissingAxioms=0,1,8,16,24,32,40 TotalTime=43.4

Ordered by number of ray pairs:
Step=99 #####......................... (min) Axiom75 34(0,1) - g2 f(0,1,3) + f(0,1,4) >= f(0,1) + f(0,1,2,3,4)
Step=99 #######....................... Axiom69 24(0,3) - g2 f(0,2,3) + f(0,3,4) >= f(0,3) + f(0,1,2,3,4)
Step=99 #######....................... Axiom70 24(1,3) - g2 f(1,2,3) + f(1,3,4) >= f(1,3) + f(0,1,2,3,4)
Step=99 #######....................... Axiom53 04(1,3) - g2 f(0,1,3) + f(1,3,4) >= f(1,3) + f(0,1,2,3,4)
Step=99 #######....................... Axiom61 14(0,3) - g2 f(0,1,3) + f(0,3,4) >= f(0,3) + f(0,1,2,3,4)
Step=99 #######....................... Axiom3 01(2,3) - g2 f(0,2,3) + f(1,2,3) >= f(2,3) + f(0,1,2,3,4)
Step=99 #######....................... Axiom67 24(0,1) - g2 f(0,1,2) + f(0,1,4) >= f(0,1) + f(0,1,2,3,4)
Step=99 #######....................... Axiom7 01(2,3,4) - g3 f(0,1,2,3,4) >= f(2,3,4)
Step=99 ########...................... Axiom77 34(0,2) - g2 f(0,2,3) + f(0,2,4) >= f(0,2) + f(0,1,2,3,4)
Step=99 ########...................... Axiom78 34(1,2) - g2 f(1,2,3) + f(1,2,4) >= f(1,2) + f(0,1,2,3,4)
Step=99 ########...................... Axiom51 04(1,2) - g2 f(0,1,2) + f(1,2,4) >= f(1,2) + f(0,1,2,3,4)
Step=99 ########...................... Axiom59 14(0,2) - g2 f(0,1,2) + f(0,2,4) >= f(0,2) + f(0,1,2,3,4)
Step=99 ########...................... Axiom79 34(0,1,2) - g3 f(0,1,2,3,4) >= f(0,1,2)
Step=99 ########...................... Axiom54 04(2,3) - g2 f(0,2,3) + f(2,3,4) >= f(2,3) + f(0,1,2,3,4)
Step=99 ########...................... Axiom62 14(2,3) - g2 f(1,2,3) + f(2,3,4) >= f(2,3) + f(0,1,2,3,4)
Step=99 ########...................... Axiom15 02(1,3,4) - g3 f(0,1,2,3,4) >= f(1,3,4)
Step=99 ########...................... Axiom23 12(0,3,4) - g3 f(0,1,2,3,4) >= f(0,3,4)
Step=99 ########...................... Axiom43 23(0,1) - g2 f(0,1,2) + f(0,1,3) >= f(0,1) + f(0,1,2,3,4)
Step=99 ########...................... Axiom31 03(1,2,4) - g3 f(0,1,2,3,4) >= f(1,2,4)
Step=99 ########...................... Axiom39 13(0,2,4) - g3 f(0,1,2,3,4) >= f(0,2,4)
Step=99 ########...................... Axiom26 03(2) - g1 f(0,2) + f(2,3) >= f(2) + f(0,2,3)
Step=99 ########...................... Axiom34 13(2) - g1 f(1,2) + f(2,3) >= f(2) + f(1,2,3)
Step=99 #########..................... Axiom9 02(1) - g1 f(0,1) + f(1,2) >= f(1) + f(0,1,2)
Step=99 #########..................... Axiom17 12(0) - g1 f(0,1) + f(0,2) >= f(0) + f(0,1,2)
Step=99 #########..................... Axiom27 03(1,2) - g2 f(0,1,2) + f(1,2,3) >= f(1,2) + f(0,1,2,3,4)
Step=99 #########..................... Axiom35 13(0,2) - g2 f(0,1,2) + f(0,2,3) >= f(0,2) + f(0,1,2,3,4)
Step=99 #########..................... Axiom47 23(0,1,4) - g3 f(0,1,2,3,4) >= f(0,1,4)
Step=99 #########..................... Axiom55 04(1,2,3) - g3 f(0,1,2,3,4) >= f(1,2,3)
Step=99 #########..................... Axiom63 14(0,2,3) - g3 f(0,1,2,3,4) >= f(0,2,3)
Step=99 #########..................... Axiom5 01(2,4) - g2 f(0,2,4) + f(1,2,4) >= f(0,1,2,3,4) + f(2,4)
Step=99 #########..................... Axiom2 01(3) - g1 f(0,3) + f(1,3) >= f(3) + f(0,1,3)
Step=99 ##########.................... Axiom11 02(1,3) - g2 f(0,1,3) + f(1,2,3) >= f(1,3) + f(0,1,2,3,4)
Step=99 ##########.................... Axiom19 12(0,3) - g2 f(0,1,3) + f(0,2,3) >= f(0,3) + f(0,1,2,3,4)
Step=99 ##########.................... Axiom71 24(0,1,3) - g3 f(0,1,2,3,4) >= f(0,1,3)
Step=99 ##########.................... Axiom10 02(3) - g1 f(0,3) + f(2,3) >= f(3) + f(0,2,3)
Step=99 ##########.................... Axiom18 12(3) - g1 f(1,3) + f(2,3) >= f(3) + f(1,2,3)
Step=99 ###########................... Axiom25 03(1) - g1 f(0,1) + f(1,3) >= f(1) + f(0,1,3)
Step=99 ###########................... Axiom33 13(0) - g1 f(0,1) + f(0,3) >= f(0) + f(0,1,3)
Step=99 ############.................. Axiom4 01(4) - g1 f(0,4) + f(1,4) >= f(4) + f(0,1,4)
Step=99 ############.................. Axiom29 03(1,4) - g2 f(0,1,4) + f(1,3,4) >= f(0,1,2,3,4) + f(1,4)
Step=99 ############.................. Axiom37 13(0,4) - g2 f(0,1,4) + f(0,3,4) >= f(0,1,2,3,4) + f(0,4)
Step=99 ############.................. Axiom41 23(0) - g1 f(0,2) + f(0,3) >= f(0) + f(0,2,3)
Step=99 ############.................. Axiom42 23(1) - g1 f(1,2) + f(1,3) >= f(1) + f(1,2,3)
Step=99 ############.................. Axiom45 23(0,4) - g2 f(0,2,4) + f(0,3,4) >= f(0,1,2,3,4) + f(0,4)
Step=99 ############.................. Axiom46 23(1,4) - g2 f(1,2,4) + f(1,3,4) >= f(0,1,2,3,4) + f(1,4)
Step=99 ############.................. Axiom14 02(3,4) - g2 f(0,3,4) + f(2,3,4) >= f(0,1,2,3,4) + f(3,4)
Step=99 ############.................. Axiom22 12(3,4) - g2 f(1,3,4) + f(2,3,4) >= f(0,1,2,3,4) + f(3,4)
Step=99 #############................. Axiom30 03(2,4) - g2 f(0,2,4) + f(2,3,4) >= f(0,1,2,3,4) + f(2,4)
Step=99 #############................. Axiom38 13(2,4) - g2 f(1,2,4) + f(2,3,4) >= f(0,1,2,3,4) + f(2,4)
Step=99 #############................. Axiom50 04(2) - g1 f(0,2) + f(2,4) >= f(2) + f(0,2,4)
Step=99 #############................. Axiom58 14(2) - g1 f(1,2) + f(2,4) >= f(2) + f(1,2,4)
Step=99 ##############................ Axiom6 01(3,4) - g2 f(0,3,4) + f(1,3,4) >= f(0,1,2,3,4) + f(3,4)
Step=99 ##############................ Axiom12 02(4) - g1 f(0,4) + f(2,4) >= f(4) + f(0,2,4)
Step=99 ##############................ Axiom20 12(4) - g1 f(1,4) + f(2,4) >= f(4) + f(1,2,4)
Step=99 ##############................ Axiom13 02(1,4) - g2 f(0,1,4) + f(1,2,4) >= f(0,1,2,3,4) + f(1,4)
Step=99 ##############................ Axiom21 12(0,4) - g2 f(0,1,4) + f(0,2,4) >= f(0,1,2,3,4) + f(0,4)
Step=99 ###############............... Axiom28 03(4) - g1 f(0,4) + f(3,4) >= f(4) + f(0,3,4)
Step=99 ###############............... Axiom36 13(4) - g1 f(1,4) + f(3,4) >= f(4) + f(1,3,4)
Step=99 ###############............... Axiom44 23(4) - g1 f(2,4) + f(3,4) >= f(4) + f(2,3,4)
Step=99 ################.............. Axiom49 04(1) - g1 f(0,1) + f(1,4) >= f(1) + f(0,1,4)
Step=99 ################.............. Axiom57 14(0) - g1 f(0,1) + f(0,4) >= f(0) + f(0,1,4)
Step=99 ################.............. Axiom52 04(3) - g1 f(0,3) + f(3,4) >= f(3) + f(0,3,4)
Step=99 ################.............. Axiom60 14(3) - g1 f(1,3) + f(3,4) >= f(3) + f(1,3,4)
Step=99 ################.............. Axiom65 24(0) - g1 f(0,2) + f(0,4) >= f(0) + f(0,2,4)
Step=99 ################.............. Axiom66 24(1) - g1 f(1,2) + f(1,4) >= f(1) + f(1,2,4)
Step=99 #################............. Axiom68 24(3) - g1 f(2,3) + f(3,4) >= f(3) + f(2,3,4)
Step=99 #################............. Axiom73 34(0) - g1 f(0,3) + f(0,4) >= f(0) + f(0,3,4)
Step=99 #################............. Axiom74 34(1) - g1 f(1,3) + f(1,4) >= f(1) + f(1,3,4)
Step=99 ##################............ Axiom76 34(2) - g1 f(2,3) + f(2,4) >= f(2) + f(2,3,4)
Step=99 #############################. Axiom72 34() - g0 f(3) + f(4) >= f(3,4)
Step=99 ############################## Axiom64 24() - g0 f(2) + f(4) >= f(2,4)
Step=99 ############################## Axiom48 04() - g0 f(0) + f(4) >= f(0,4)
Step=99 ############################## Axiom56 14() - g0 f(1) + f(4) >= f(1,4)

Ordered by number of previous rays:
Step=99 $$$$$$$$$$$$$$$$.............. (min) Axiom26 03(2) - g1 f(0,2) + f(2,3) >= f(2) + f(0,2,3)
Step=99 $$$$$$$$$$$$$$$$.............. (min) Axiom34 13(2) - g1 f(1,2) + f(2,3) >= f(2) + f(1,2,3)
Step=99 $$$$$$$$$$$$$$$$.............. Axiom9 02(1) - g1 f(0,1) + f(1,2) >= f(1) + f(0,1,2)
Step=99 $$$$$$$$$$$$$$$$.............. Axiom17 12(0) - g1 f(0,1) + f(0,2) >= f(0) + f(0,1,2)
Step=99 $$$$$$$$$$$$$$$$.............. Axiom2 01(3) - g1 f(0,3) + f(1,3) >= f(3) + f(0,1,3)
Step=99 $$$$$$$$$$$$$$$$.............. Axiom79 34(0,1,2) - g3 f(0,1,2,3,4) >= f(0,1,2)
Step=99 $$$$$$$$$$$$$$$$$............. Axiom7 01(2,3,4) - g3 f(0,1,2,3,4) >= f(2,3,4)
Step=99 $$$$$$$$$$$$$$$$$............. Axiom10 02(3) - g1 f(0,3) + f(2,3) >= f(3) + f(0,2,3)
Step=99 $$$$$$$$$$$$$$$$$............. Axiom18 12(3) - g1 f(1,3) + f(2,3) >= f(3) + f(1,2,3)
Step=99 $$$$$$$$$$$$$$$$$............. Axiom25 03(1) - g1 f(0,1) + f(1,3) >= f(1) + f(0,1,3)
Step=99 $$$$$$$$$$$$$$$$$............. Axiom33 13(0) - g1 f(0,1) + f(0,3) >= f(0) + f(0,1,3)
Step=99 $$$$$$$$$$$$$$$$$............. Axiom71 24(0,1,3) - g3 f(0,1,2,3,4) >= f(0,1,3)
Step=99 $$$$$$$$$$$$$$$$$............. Axiom75 34(0,1) - g2 f(0,1,3) + f(0,1,4) >= f(0,1) + f(0,1,2,3,4)
Step=99 $$$$$$$$$$$$$$$$$............. Axiom55 04(1,2,3) - g3 f(0,1,2,3,4) >= f(1,2,3)
Step=99 $$$$$$$$$$$$$$$$$............. Axiom63 14(0,2,3) - g3 f(0,1,2,3,4) >= f(0,2,3)
Step=99 $$$$$$$$$$$$$$$$$............. Axiom15 02(1,3,4) - g3 f(0,1,2,3,4) >= f(1,3,4)
Step=99 $$$$$$$$$$$$$$$$$............. Axiom23 12(0,3,4) - g3 f(0,1,2,3,4) >= f(0,3,4)
Step=99 $$$$$$$$$$$$$$$$$............. Axiom3 01(2,3) - g2 f(0,2,3) + f(1,2,3) >= f(2,3) + f(0,1,2,3,4)
Step=99 $$$$$$$$$$$$$$$$$$............ Axiom47 23(0,1,4) - g3 f(0,1,2,3,4) >= f(0,1,4)
Step=99 $$$$$$$$$$$$$$$$$$............ Axiom69 24(0,3) - g2 f(0,2,3) + f(0,3,4) >= f(0,3) + f(0,1,2,3,4)
Step=99 $$$$$$$$$$$$$$$$$$............ Axiom70 24(1,3) - g2 f(1,2,3) + f(1,3,4) >= f(1,3) + f(0,1,2,3,4)
Step=99 $$$$$$$$$$$$$$$$$$............ Axiom31 03(1,2,4) - g3 f(0,1,2,3,4) >= f(1,2,4)
Step=99 $$$$$$$$$$$$$$$$$$............ Axiom39 13(0,2,4) - g3 f(0,1,2,3,4) >= f(0,2,4)
Step=99 $$$$$$$$$$$$$$$$$$............ Axiom41 23(0) - g1 f(0,2) + f(0,3) >= f(0) + f(0,2,3)
Step=99 $$$$$$$$$$$$$$$$$$............ Axiom42 23(1) - g1 f(1,2) + f(1,3) >= f(1) + f(1,2,3)
Step=99 $$$$$$$$$$$$$$$$$$............ Axiom51 04(1,2) - g2 f(0,1,2) + f(1,2,4) >= f(1,2) + f(0,1,2,3,4)
Step=99 $$$$$$$$$$$$$$$$$$............ Axiom59 14(0,2) - g2 f(0,1,2) + f(0,2,4) >= f(0,2) + f(0,1,2,3,4)
Step=99 $$$$$$$$$$$$$$$$$$............ Axiom5 01(2,4) - g2 f(0,2,4) + f(1,2,4) >= f(0,1,2,3,4) + f(2,4)
Step=99 $$$$$$$$$$$$$$$$$$............ Axiom53 04(1,3) - g2 f(0,1,3) + f(1,3,4) >= f(1,3) + f(0,1,2,3,4)
Step=99 $$$$$$$$$$$$$$$$$$............ Axiom61 14(0,3) - g2 f(0,1,3) + f(0,3,4) >= f(0,3) + f(0,1,2,3,4)
Step=99 $$$$$$$$$$$$$$$$$$............ Axiom4 01(4) - g1 f(0,4) + f(1,4) >= f(4) + f(0,1,4)
Step=99 $$$$$$$$$$$$$$$$$$............ Axiom67 24(0,1) - g2 f(0,1,2) + f(0,1,4) >= f(0,1) + f(0,1,2,3,4)
Step=99 $$$$$$$$$$$$$$$$$$............ Axiom77 34(0,2) - g2 f(0,2,3) + f(0,2,4) >= f(0,2) + f(0,1,2,3,4)
Step=99 $$$$$$$$$$$$$$$$$$............ Axiom78 34(1,2) - g2 f(1,2,3) + f(1,2,4) >= f(1,2) + f(0,1,2,3,4)
Step=99 $$$$$$$$$$$$$$$$$$............ Axiom54 04(2,3) - g2 f(0,2,3) + f(2,3,4) >= f(2,3) + f(0,1,2,3,4)
Step=99 $$$$$$$$$$$$$$$$$$............ Axiom62 14(2,3) - g2 f(1,2,3) + f(2,3,4) >= f(2,3) + f(0,1,2,3,4)
Step=99 $$$$$$$$$$$$$$$$$$............ Axiom27 03(1,2) - g2 f(0,1,2) + f(1,2,3) >= f(1,2) + f(0,1,2,3,4)
Step=99 $$$$$$$$$$$$$$$$$$............ Axiom35 13(0,2) - g2 f(0,1,2) + f(0,2,3) >= f(0,2) + f(0,1,2,3,4)
Step=99 $$$$$$$$$$$$$$$$$$............ Axiom43 23(0,1) - g2 f(0,1,2) + f(0,1,3) >= f(0,1) + f(0,1,2,3,4)
Step=99 $$$$$$$$$$$$$$$$$$$........... Axiom12 02(4) - g1 f(0,4) + f(2,4) >= f(4) + f(0,2,4)
Step=99 $$$$$$$$$$$$$$$$$$$........... Axiom20 12(4) - g1 f(1,4) + f(2,4) >= f(4) + f(1,2,4)
Step=99 $$$$$$$$$$$$$$$$$$$........... Axiom11 02(1,3) - g2 f(0,1,3) + f(1,2,3) >= f(1,3) + f(0,1,2,3,4)
Step=99 $$$$$$$$$$$$$$$$$$$........... Axiom19 12(0,3) - g2 f(0,1,3) + f(0,2,3) >= f(0,3) + f(0,1,2,3,4)
Step=99 $$$$$$$$$$$$$$$$$$$........... Axiom28 03(4) - g1 f(0,4) + f(3,4) >= f(4) + f(0,3,4)
Step=99 $$$$$$$$$$$$$$$$$$$........... Axiom36 13(4) - g1 f(1,4) + f(3,4) >= f(4) + f(1,3,4)
Step=99 $$$$$$$$$$$$$$$$$$$........... Axiom45 23(0,4) - g2 f(0,2,4) + f(0,3,4) >= f(0,1,2,3,4) + f(0,4)
Step=99 $$$$$$$$$$$$$$$$$$$........... Axiom46 23(1,4) - g2 f(1,2,4) + f(1,3,4) >= f(0,1,2,3,4) + f(1,4)
Step=99 $$$$$$$$$$$$$$$$$$$........... Axiom44 23(4) - g1 f(2,4) + f(3,4) >= f(4) + f(2,3,4)
Step=99 $$$$$$$$$$$$$$$$$$$........... Axiom29 03(1,4) - g2 f(0,1,4) + f(1,3,4) >= f(0,1,2,3,4) + f(1,4)
Step=99 $$$$$$$$$$$$$$$$$$$........... Axiom37 13(0,4) - g2 f(0,1,4) + f(0,3,4) >= f(0,1,2,3,4) + f(0,4)
Step=99 $$$$$$$$$$$$$$$$$$$........... Axiom14 02(3,4) - g2 f(0,3,4) + f(2,3,4) >= f(0,1,2,3,4) + f(3,4)
Step=99 $$$$$$$$$$$$$$$$$$$........... Axiom22 12(3,4) - g2 f(1,3,4) + f(2,3,4) >= f(0,1,2,3,4) + f(3,4)
Step=99 $$$$$$$$$$$$$$$$$$$$.......... Axiom50 04(2) - g1 f(0,2) + f(2,4) >= f(2) + f(0,2,4)
Step=99 $$$$$$$$$$$$$$$$$$$$.......... Axiom58 14(2) - g1 f(1,2) + f(2,4) >= f(2) + f(1,2,4)
Step=99 $$$$$$$$$$$$$$$$$$$$.......... Axiom30 03(2,4) - g2 f(0,2,4) + f(2,3,4) >= f(0,1,2,3,4) + f(2,4)
Step=99 $$$$$$$$$$$$$$$$$$$$.......... Axiom38 13(2,4) - g2 f(1,2,4) + f(2,3,4) >= f(0,1,2,3,4) + f(2,4)
Step=99 $$$$$$$$$$$$$$$$$$$$.......... Axiom6 01(3,4) - g2 f(0,3,4) + f(1,3,4) >= f(0,1,2,3,4) + f(3,4)
Step=99 $$$$$$$$$$$$$$$$$$$$.......... Axiom13 02(1,4) - g2 f(0,1,4) + f(1,2,4) >= f(0,1,2,3,4) + f(1,4)
Step=99 $$$$$$$$$$$$$$$$$$$$.......... Axiom21 12(0,4) - g2 f(0,1,4) + f(0,2,4) >= f(0,1,2,3,4) + f(0,4)
Step=99 $$$$$$$$$$$$$$$$$$$$$......... Axiom52 04(3) - g1 f(0,3) + f(3,4) >= f(3) + f(0,3,4)
Step=99 $$$$$$$$$$$$$$$$$$$$$......... Axiom60 14(3) - g1 f(1,3) + f(3,4) >= f(3) + f(1,3,4)
Step=99 $$$$$$$$$$$$$$$$$$$$$......... Axiom49 04(1) - g1 f(0,1) + f(1,4) >= f(1) + f(0,1,4)
Step=99 $$$$$$$$$$$$$$$$$$$$$......... Axiom57 14(0) - g1 f(0,1) + f(0,4) >= f(0) + f(0,1,4)
Step=99 $$$$$$$$$$$$$$$$$$$$$......... Axiom65 24(0) - g1 f(0,2) + f(0,4) >= f(0) + f(0,2,4)
Step=99 $$$$$$$$$$$$$$$$$$$$$......... Axiom66 24(1) - g1 f(1,2) + f(1,4) >= f(1) + f(1,2,4)
Step=99 $$$$$$$$$$$$$$$$$$$$$......... Axiom68 24(3) - g1 f(2,3) + f(3,4) >= f(3) + f(2,3,4)
Step=99 $$$$$$$$$$$$$$$$$$$$$......... Axiom73 34(0) - g1 f(0,3) + f(0,4) >= f(0) + f(0,3,4)
Step=99 $$$$$$$$$$$$$$$$$$$$$......... Axiom74 34(1) - g1 f(1,3) + f(1,4) >= f(1) + f(1,3,4)
Step=99 $$$$$$$$$$$$$$$$$$$$$......... Axiom76 34(2) - g1 f(2,3) + f(2,4) >= f(2) + f(2,3,4)
Step=99 $$$$$$$$$$$$$$$$$$$$$$$$$$$$.. Axiom64 24() - g0 f(2) + f(4) >= f(2,4)
Step=99 $$$$$$$$$$$$$$$$$$$$$$$$$$$$$. Axiom72 34() - g0 f(3) + f(4) >= f(3,4)
Step=99 $$$$$$$$$$$$$$$$$$$$$$$$$$$$$$ Axiom48 04() - g0 f(0) + f(4) >= f(0,4)
Step=99 $$$$$$$$$$$$$$$$$$$$$$$$$$$$$$ Axiom56 14() - g0 f(1) + f(4) >= f(1,4)
