Step=101 PrevRays= 68811 ResultRays= 73005 RayPairs= 595393890 NewAxiom=1 PrevAxioms=80,81,82,83,84,85,86,87,88,89,90,91,92,93,94,95,96,97,98,99,100,101,102,103,104,105,7,14,6,15,22,23,40,48,29,30,38,53,56,69,70,10,2,52,63,35,17,4,37,73,72,18,3,62,77,68,42,54,55,20,50,65,64,57,49,28,47,12,36,44,45,21,46,59,67,41,79,39,51,76,11,31,25,13,9,5,66,58,34,78,26,19,43,75,71,61,27,33,60,74,+1 MissingAxioms=0,8,16,24,32 TotalTime=75.5
Step=101 PrevRays= 68811 ResultRays= 73005 RayPairs= 595393890 NewAxiom=2 PrevAxioms=80,81,82,83,84,85,86,87,88,89,90,91,92,93,94,95,96,97,98,99,100,101,102,103,104,105,7,14,6,15,22,23,40,48,29,30,38,53,56,69,70,10,54,52,63,35,17,68,12,20,45,18,3,62,55,65,77,66,9,71,4,60,61,28,44,64,58,1,34,50,11,76,39,5,78,72,31,13,59,67,46,36,26,73,74,79,51,47,21,37,75,57,33,43,19,27,25,41,49,42,+2 MissingAxioms=0,8,16,24,32 TotalTime=105.1
Step=101 PrevRays= 75669 ResultRays= 73005 RayPairs= 624007328 NewAxiom=3 PrevAxioms=80,81,82,83,84,85,86,87,88,89,90,91,92,93,94,95,96,97,98,99,100,101,102,103,104,105,7,14,6,15,22,23,40,48,29,30,38,53,56,69,70,10,2,52,63,35,17,4,37,73,72,18,19,33,11,28,47,36,12,71,75,20,21,45,39,1,27,61,54,57,49,25,9,74,5,13,44,76,68,64,46,59,58,66,78,62,34,42,43,67,55,31,79,51,41,77,65,50,26,60,+3 MissingAxioms=0,8,16,24,32 TotalTime=97.0
Step=101 PrevRays= 71704 ResultRays= 73005 RayPairs= 629892585 NewAxiom=4 PrevAxioms=80,81,82,83,84,85,86,87,88,89,90,91,92,93,94,95,96,97,98,99,100,101,102,103,104,105,7,14,6,15,22,23,40,48,29,30,38,53,56,69,70,10,2,52,63,35,17,19,33,41,43,42,54,12,20,73,61,71,55,72,28,46,66,36,47,37,57,49,67,75,79,11,13,31,51,27,26,34,44,76,77,39,59,78,9,18,5,3,45,65,62,1,21,58,74,64,68,60,50,25,+4 MissingAxioms=0,8,16,24,32 TotalTime=107.0
Step=101 PrevRays= 77086 ResultRays= 73005 RayPairs= 711974912 NewAxiom=5 PrevAxioms=80,81,82,83,84,85,86,87,88,89,90,91,92,93,94,95,96,97,98,99,100,101,102,103,104,105,7,14,6,15,22,23,40,48,29,30,38,53,56,69,70,10,2,52,63,35,17,4,37,73,72,18,3,62,77,68,42,54,55,20,50,65,64,57,49,28,47,12,36,44,45,21,46,59,67,41,79,39,51,76,11,31,25,13,9,66,58,34,78,75,61,71,26,27,43,19,33,60,74,1,+5 MissingAxioms=0,8,16,24,32 TotalTime=91.4
Step=101 PrevRays= 77086 ResultRays= 73005 RayPairs= 711974912 NewAxiom=6 PrevAxioms=80,81,82,83,84,85,86,87,88,89,90,91,92,93,94,95,96,97,98,99,100,101,102,103,104,105,7,14,15,22,23,30,38,40,48,12,56,20,53,54,62,64,10,18,28,72,26,1,36,49,57,60,69,50,71,58,29,25,47,74,75,37,19,52,73,61,63,68,3,44,76,77,78,13,45,11,70,2,66,34,46,31,5,65,39,21,4,33,55,9,41,42,17,79,27,43,35,67,51,59,+6 MissingAxioms=0,8,16,24,32 TotalTime=103.6
Step=101 PrevRays= 70873 ResultRays= 73005 RayPairs= 375511430 NewAxiom=7 PrevAxioms=80,81,82,83,84,85,86,87,88,89,90,91,92,93,94,95,96,97,98,99,100,101,102,103,104,105,15,6,14,23,22,40,48,29,46,53,56,69,70,10,2,52,54,41,17,72,42,66,60,61,68,45,65,36,47,31,74,78,13,28,37,4,73,12,5,55,11,77,49,75,21,44,76,57,33,62,18,38,63,20,39,64,50,58,19,71,34,25,30,26,3,1,9,79,27,43,35,67,51,59,+7 MissingAxioms=0,8,16,24,32 TotalTime=81.8
Step=101 PrevRays= 68457 ResultRays= 73005 RayPairs= 594351158 NewAxiom=9 PrevAxioms=80,81,82,83,84,85,86,87,88,89,90,91,92,93,94,95,96,97,98,99,100,101,102,103,104,105,7,14,6,15,22,23,40,48,29,30,38,53,56,69,70,10,2,52,63,35,17,4,37,73,72,18,3,62,77,68,42,54,55,20,50,65,64,57,49,28,47,12,36,44,45,21,46,59,67,41,79,39,51,76,11,31,25,13,66,58,34,78,5,19,61,75,71,43,27,1,33,60,26,74,+9 MissingAxioms=0,8,16,24,32 TotalTime=72.4
Step=101 PrevRays= 70671 ResultRays= 73005 RayPairs= 600793640 NewAxiom=10 PrevAxioms=80,81,82,83,84,85,86,87,88,89,90,91,92,93,94,95,96,97,98,99,100,101,102,103,104,105,7,14,6,15,22,23,40,48,29,30,38,53,56,69,70,18,2,52,63,35,3,17,4,37,73,72,62,68,60,74,41,12,54,77,65,28,47,67,36,20,9,45,26,79,39,44,21,76,59,55,11,5,64,61,78,34,71,58,50,51,1,57,75,46,33,43,66,31,19,27,25,13,49,42,+10 MissingAxioms=0,8,16,24,32 TotalTime=140.3
Step=101 PrevRays= 74655 ResultRays= 73005 RayPairs= 514807084 NewAxiom=11 PrevAxioms=80,81,82,83,84,85,86,87,88,89,90,91,92,93,94,95,96,97,98,99,100,101,102,103,104,105,7,14,6,15,22,23,40,48,29,30,38,53,56,69,70,10,2,52,63,35,17,4,37,73,72,18,3,62,77,68,42,54,55,20,50,65,64,57,49,28,47,12,36,44,45,21,46,59,67,41,79,39,51,76,31,25,13,19,61,71,9,75,66,58,78,34,43,27,26,5,33,60,74,1,+11 MissingAxioms=0,8,16,24,32 TotalTime=90.0
Step=101 PrevRays= 73774 ResultRays= 73005 RayPairs= 684364439 NewAxiom=12 PrevAxioms=80,81,82,83,84,85,86,87,88,89,90,91,92,93,94,95,96,97,98,99,100,101,102,103,104,105,7,14,6,15,22,23,40,48,29,30,38,53,56,69,70,10,2,52,63,35,17,4,37,73,72,18,3,62,77,68,42,54,55,20,50,65,64,57,49,28,47,36,44,45,21,46,39,67,79,13,11,25,76,31,78,58,34,19,60,27,43,61,75,71,5,59,1,51,9,26,66,33,74,41,+12 MissingAxioms=0,8,16,24,32 TotalTime=103.8
Step=101 PrevRays= 76520 ResultRays= 73005 RayPairs= 674296840 NewAxiom=13 PrevAxioms=80,81,82,83,84,85,86,87,88,89,90,91,92,93,94,95,96,97,98,99,100,101,102,103,104,105,7,14,6,15,22,23,40,48,29,30,38,53,56,69,70,10,2,52,63,35,17,4,37,73,72,18,3,62,77,68,42,54,55,20,50,65,64,57,49,28,47,12,36,44,45,21,46,59,67,41,79,39,51,76,11,31,25,5,66,58,34,78,19,61,75,71,43,1,27,33,74,9,26,60,+13 MissingAxioms=0,8,16,24,32 TotalTime=82.2
Step=101 PrevRays= 73086 ResultRays= 73005 RayPairs= 607324167 NewAxiom=14 PrevAxioms=80,81,82,83,84,85,86,87,88,89,90,91,92,93,94,95,96,97,98,99,100,101,102,103,104,105,7,15,22,6,23,29,40,46,48,53,70,4,56,18,2,30,72,25,49,42,66,37,57,36,20,31,13,38,47,39,59,77,50,58,51,79,35,63,67,5,61,33,9,21,45,12,64,1,65,44,68,76,54,26,28,19,34,3,27,78,55,11,43,74,62,71,10,75,60,69,52,73,17,41,+14 MissingAxioms=0,8,16,24,32 TotalTime=93.3
Step=101 PrevRays= 70672 ResultRays= 73005 RayPairs= 452306979 NewAxiom=15 PrevAxioms=80,81,82,83,84,85,86,87,88,89,90,91,92,93,94,95,96,97,98,99,100,101,102,103,104,105,7,14,6,23,22,40,48,30,38,56,61,69,10,68,2,34,60,37,4,12,28,47,67,21,39,45,29,59,31,78,76,62,70,18,17,57,49,79,65,27,44,72,74,73,52,53,75,54,5,36,41,13,77,46,26,35,33,20,64,43,42,19,63,3,1,11,50,51,55,71,58,66,25,9,+15 MissingAxioms=0,8,16,24,32 TotalTime=60.3
Step=101 PrevRays= 68457 ResultRays= 73005 RayPairs= 594351158 NewAxiom=17 PrevAxioms=80,81,82,83,84,85,86,87,88,89,90,91,92,93,94,95,96,97,98,99,100,101,102,103,104,105,7,14,6,15,22,23,40,48,29,30,38,53,56,69,70,10,2,52,63,35,4,37,73,72,18,3,62,77,49,57,68,42,54,55,20,50,65,64,28,47,12,36,44,46,13,45,31,78,11,41,5,60,1,51,21,26,67,19,71,74,75,79,25,39,61,76,27,59,34,43,33,58,66,9,+17 MissingAxioms=0,8,16,24,32 TotalTime=86.7
Step=101 PrevRays= 70671 ResultRays= 73005 RayPairs= 600793640 NewAxiom=18 PrevAxioms=80,81,82,83,84,85,86,87,88,89,90,91,92,93,94,95,96,97,98,99,100,101,102,103,104,105,7,14,6,15,22,23,40,48,29,30,38,53,56,69,70,10,2,52,63,35,17,4,37,73,72,19,33,61,57,68,54,49,12,58,28,47,75,41,77,65,20,36,26,71,55,11,60,74,43,67,79,50,51,62,66,64,59,39,78,45,76,34,46,31,5,27,1,3,13,25,21,42,44,9,+18 MissingAxioms=0,8,16,24,32 TotalTime=84.8
Step=101 PrevRays= 74655 ResultRays= 73005 RayPairs= 514807084 NewAxiom=19 PrevAxioms=80,81,82,83,84,85,86,87,88,89,90,91,92,93,94,95,96,97,98,99,100,101,102,103,104,105,7,14,6,15,22,23,40,48,29,30,38,53,56,69,70,10,2,52,63,35,17,4,37,73,72,18,3,62,77,68,42,54,55,20,50,65,64,57,49,28,47,12,36,44,45,21,46,59,67,41,79,39,51,76,11,31,25,13,9,5,66,58,34,78,26,75,71,61,43,27,33,60,74,1,+19 MissingAxioms=0,8,16,24,32 TotalTime=90.2
Step=101 PrevRays= 73774 ResultRays= 73005 RayPairs= 684364439 NewAxiom=20 PrevAxioms=80,81,82,83,84,85,86,87,88,89,90,91,92,93,94,95,96,97,98,99,100,101,102,103,104,105,7,14,6,15,22,23,40,48,29,30,38,53,56,69,70,10,2,52,63,35,17,4,37,73,72,18,3,62,77,68,42,54,55,28,47,36,50,12,65,64,57,49,44,46,13,45,31,21,67,41,11,25,51,66,9,76,79,39,71,19,61,75,27,78,58,34,26,43,59,5,60,1,74,33,+20 MissingAxioms=0,8,16,24,32 TotalTime=98.8
Step=101 PrevRays= 76520 ResultRays= 73005 RayPairs= 674296840 NewAxiom=21 PrevAxioms=80,81,82,83,84,85,86,87,88,89,90,91,92,93,94,95,96,97,98,99,100,101,102,103,104,105,7,14,6,15,22,23,40,48,29,30,38,53,56,69,70,10,2,52,63,35,17,4,37,73,72,18,3,62,77,68,42,54,55,20,50,65,64,57,49,28,47,12,36,44,45,46,13,31,78,41,39,79,76,59,67,58,11,71,34,61,26,51,75,33,66,9,5,43,19,27,60,74,1,25,+21 MissingAxioms=0,8,16,24,32 TotalTime=106.8
Step=101 PrevRays= 73086 ResultRays= 73005 RayPairs= 607324167 NewAxiom=22 PrevAxioms=80,81,82,83,84,85,86,87,88,89,90,91,92,93,94,95,96,97,98,99,100,101,102,103,104,105,7,14,6,15,23,37,40,45,48,61,69,10,2,38,56,4,72,33,57,41,65,29,49,28,12,30,34,53,25,62,58,39,21,47,5,50,31,51,1,64,66,79,67,13,46,20,17,59,44,76,78,27,55,68,36,11,26,3,35,77,63,19,43,73,54,71,18,75,52,70,60,74,9,42,+22 MissingAxioms=0,8,16,24,32 TotalTime=93.0
Step=101 PrevRays= 70672 ResultRays= 73005 RayPairs= 452306979 NewAxiom=23 PrevAxioms=80,81,82,83,84,85,86,87,88,89,90,91,92,93,94,95,96,97,98,99,100,101,102,103,104,105,7,14,6,15,22,40,48,29,30,38,53,56,70,10,54,18,68,52,69,12,72,20,36,47,67,21,73,13,31,39,2,46,51,63,9,49,66,57,44,76,5,60,74,17,59,35,61,75,62,37,64,28,58,45,34,78,25,65,50,77,79,43,71,4,1,55,3,11,27,19,26,33,41,42,+23 MissingAxioms=0,8,16,24,32 TotalTime=92.8
Step=101 PrevRays= 68457 ResultRays= 73005 RayPairs= 594351158 NewAxiom=25 PrevAxioms=80,81,82,83,84,85,86,87,88,89,90,91,92,93,94,95,96,97,98,99,100,101,102,103,104,105,7,14,6,15,22,23,40,48,29,30,38,53,56,69,70,10,2,52,63,35,17,4,37,73,72,18,3,62,77,68,42,54,55,20,50,65,64,57,49,28,47,12,36,44,45,21,46,59,67,41,79,39,51,76,11,31,13,71,9,5,26,1,27,19,43,75,61,78,34,33,60,74,58,66,+25 MissingAxioms=0,8,16,24,32 TotalTime=79.8
Step=101 PrevRays= 70671 ResultRays= 73005 RayPairs= 600793640 NewAxiom=26 PrevAxioms=80,81,82,83,84,85,86,87,88,89,90,91,92,93,94,95,96,97,98,99,100,101,102,103,104,105,7,14,6,15,22,23,40,48,29,30,38,53,56,69,70,10,2,52,63,35,17,4,37,73,72,18,3,62,77,68,42,54,55,20,50,65,64,57,49,28,47,12,36,44,45,21,46,59,67,41,79,39,51,76,11,31,25,13,9,5,66,58,34,78,75,61,71,1,27,19,43,33,60,74,+26 MissingAxioms=0,8,16,24,32 TotalTime=83.8
Step=101 PrevRays= 74655 ResultRays= 73005 RayPairs= 514807084 NewAxiom=27 PrevAxioms=80,81,82,83,84,85,86,87,88,89,90,91,92,93,94,95,96,97,98,99,100,101,102,103,104,105,7,14,6,15,22,23,40,48,29,30,38,53,56,69,70,10,2,52,63,35,17,4,37,73,72,18,3,62,77,68,42,54,55,20,50,65,64,57,49,28,47,12,36,44,45,21,46,59,67,41,79,39,51,76,11,31,25,13,9,5,66,58,34,78,26,19,43,75,71,61,33,60,74,1,+27 MissingAxioms=0,8,16,24,32 TotalTime=79.6
Step=101 PrevRays= 73774 ResultRays= 73005 RayPairs= 684364439 NewAxiom=28 PrevAxioms=80,81,82,83,84,85,86,87,88,89,90,91,92,93,94,95,96,97,98,99,100,101,102,103,104,105,7,14,6,15,22,23,40,48,29,30,38,53,56,69,70,10,2,52,63,35,17,4,37,73,72,18,3,62,77,68,42,54,55,20,50,65,64,57,49,12,36,47,44,45,21,46,39,67,79,41,66,51,31,76,58,78,34,11,13,71,19,43,61,75,27,9,26,59,5,60,1,74,25,33,+28 MissingAxioms=0,8,16,24,32 TotalTime=66.9
Step=101 PrevRays= 76520 ResultRays= 73005 RayPairs= 674296840 NewAxiom=29 PrevAxioms=80,81,82,83,84,85,86,87,88,89,90,91,92,93,94,95,96,97,98,99,100,101,102,103,104,105,7,14,6,15,22,23,40,48,30,38,53,56,69,70,10,2,52,63,35,17,19,33,37,4,73,41,43,72,18,12,11,3,75,28,47,42,9,21,39,31,45,62,65,68,54,5,13,60,74,26,77,20,59,46,78,55,44,76,64,66,58,34,27,79,67,51,1,71,61,57,49,36,25,50,+29 MissingAxioms=0,8,16,24,32 TotalTime=102.5
Step=101 PrevRays= 73086 ResultRays= 73005 RayPairs= 607324167 NewAxiom=30 PrevAxioms=80,81,82,83,84,85,86,87,88,89,90,91,92,93,94,95,96,97,98,99,100,101,102,103,104,105,7,14,6,15,22,23,40,48,29,38,53,56,69,70,10,2,52,63,35,77,17,4,37,65,73,19,33,54,61,57,49,28,72,47,71,11,55,1,50,64,67,43,41,20,75,36,26,79,60,68,59,12,74,39,62,18,9,76,44,51,66,78,45,21,58,31,46,27,34,3,5,13,25,42,+30 MissingAxioms=0,8,16,24,32 TotalTime=107.8
Step=101 PrevRays= 70672 ResultRays= 73005 RayPairs= 452306979 NewAxiom=31 PrevAxioms=80,81,82,83,84,85,86,87,88,89,90,91,92,93,94,95,96,97,98,99,100,101,102,103,104,105,7,14,6,15,22,23,40,48,29,30,38,53,56,69,70,10,2,52,63,35,17,4,37,73,72,18,3,62,77,68,42,54,55,20,50,65,64,57,49,28,47,12,36,44,45,21,46,59,67,41,79,39,51,76,11,71,66,58,78,61,34,13,75,9,26,5,60,43,19,33,74,27,1,25,+31 MissingAxioms=0,8,16,24,32 TotalTime=68.4
Step=101 PrevRays= 68457 ResultRays= 73005 RayPairs= 594351158 NewAxiom=33 PrevAxioms=80,81,82,83,84,85,86,87,88,89,90,91,92,93,94,95,96,97,98,99,100,101,102,103,104,105,7,14,6,15,22,23,40,48,29,30,38,53,56,69,70,10,2,52,63,35,17,4,37,73,72,18,3,62,77,68,42,54,55,20,50,65,64,57,49,28,47,12,36,44,45,21,46,59,67,41,79,39,51,76,11,31,25,13,9,5,66,58,34,78,26,19,43,75,71,61,27,60,74,1,+33 MissingAxioms=0,8,16,24,32 TotalTime=72.8
Step=101 PrevRays= 70671 ResultRays= 73005 RayPairs= 600793640 NewAxiom=34 PrevAxioms=80,81,82,83,84,85,86,87,88,89,90,91,92,93,94,95,96,97,98,99,100,101,102,103,104,105,7,14,6,15,22,23,40,48,29,30,38,53,56,69,70,10,2,52,63,35,17,4,37,73,72,18,3,62,77,68,42,54,55,20,50,65,64,57,49,28,47,12,36,44,45,21,46,59,67,41,79,39,51,76,11,31,25,13,9,5,66,58,26,19,43,27,75,71,61,78,33,1,60,74,+34 MissingAxioms=0,8,16,24,32 TotalTime=65.2
Step=101 PrevRays= 74655 ResultRays= 73005 RayPairs= 514807084 NewAxiom=35 PrevAxioms=80,81,82,83,84,85,86,87,88,89,90,91,92,93,94,95,96,97,98,99,100,101,102,103,104,105,7,14,6,15,22,23,40,48,29,30,38,53,56,69,70,10,2,52,63,4,37,73,72,18,3,62,77,49,57,9,36,47,20,50,65,64,28,12,67,59,79,54,55,42,66,13,51,58,31,5,34,11,27,71,75,61,21,1,43,39,19,78,25,68,45,33,60,46,26,76,74,41,17,44,+35 MissingAxioms=0,8,16,24,32 TotalTime=127.6
Step=101 PrevRays= 73774 ResultRays= 73005 RayPairs= 684364439 NewAxiom=36 PrevAxioms=80,81,82,83,84,85,86,87,88,89,90,91,92,93,94,95,96,97,98,99,100,101,102,103,104,105,7,14,6,15,22,23,40,48,29,30,38,53,56,69,70,10,2,52,63,35,17,4,37,73,72,18,3,62,77,68,42,54,55,20,50,65,64,57,49,28,47,12,44,45,21,46,59,67,41,79,39,76,51,31,25,11,13,66,9,58,34,78,60,61,75,71,5,26,43,27,19,74,1,33,+36 MissingAxioms=0,8,16,24,32 TotalTime=83.5
Step=101 PrevRays= 76520 ResultRays= 73005 RayPairs= 674296840 NewAxiom=37 PrevAxioms=80,81,82,83,84,85,86,87,88,89,90,91,92,93,94,95,96,97,98,99,100,101,102,103,104,105,7,14,6,15,22,23,40,48,29,30,38,53,56,69,70,10,2,52,63,35,17,4,19,33,20,73,72,18,11,3,28,12,42,46,66,65,77,36,31,5,71,75,61,44,76,45,39,62,78,13,54,58,64,50,59,34,26,1,55,57,49,47,27,43,79,68,67,60,51,9,25,21,74,41,+37 MissingAxioms=0,8,16,24,32 TotalTime=135.8
Step=101 PrevRays= 73086 ResultRays= 73005 RayPairs= 607324167 NewAxiom=38 PrevAxioms=80,81,82,83,84,85,86,87,88,89,90,91,92,93,94,95,96,97,98,99,100,101,102,103,104,105,7,14,6,15,22,23,40,48,29,30,46,53,56,69,70,10,2,52,63,35,17,4,37,73,72,18,3,62,77,66,42,28,47,13,36,50,65,64,12,58,57,49,54,55,31,1,5,68,59,51,67,9,26,39,79,27,45,21,34,60,78,11,25,43,19,71,61,75,76,44,33,74,20,41,+38 MissingAxioms=0,8,16,24,32 TotalTime=135.8
Step=101 PrevRays= 70672 ResultRays= 73005 RayPairs= 452306979 NewAxiom=39 PrevAxioms=80,81,82,83,84,85,86,87,88,89,90,91,92,93,94,95,96,97,98,99,100,101,102,103,104,105,7,14,6,15,22,23,40,48,29,30,38,53,56,69,70,10,2,52,63,35,17,4,37,73,72,18,3,62,77,68,42,54,55,20,50,65,64,57,49,28,47,12,36,44,45,21,46,59,67,41,79,76,11,60,78,13,58,51,71,61,75,33,26,66,31,9,5,34,43,19,27,1,74,25,+39 MissingAxioms=0,8,16,24,32 TotalTime=83.1
Step=101 PrevRays= 56000 ResultRays= 73005 RayPairs= 271586139 NewAxiom=40 PrevAxioms=80,81,82,83,84,85,86,87,88,89,90,91,92,93,94,95,96,97,98,99,100,101,102,103,104,105,7,14,6,15,22,23,48,29,30,38,53,54,56,62,1,2,18,52,70,4,72,10,37,64,73,49,9,20,60,74,55,27,58,46,66,42,78,11,25,43,75,36,31,5,59,39,61,71,13,3,68,76,47,67,44,12,57,45,34,21,51,50,65,33,19,63,35,69,17,79,77,26,41,28,+40 MissingAxioms=0,8,16,24,32 TotalTime=37.5
Step=101 PrevRays= 77504 ResultRays= 73005 RayPairs= 807818704 NewAxiom=41 PrevAxioms=80,81,82,83,84,85,86,87,88,89,90,91,92,93,94,95,96,97,98,99,100,101,102,103,104,105,7,14,6,15,22,23,40,48,29,30,38,53,56,69,70,10,2,52,63,35,17,4,37,73,72,18,3,62,77,68,42,54,55,20,50,65,64,57,49,28,47,12,36,44,45,21,46,59,67,79,39,51,76,13,11,58,78,71,34,19,61,75,26,43,31,5,1,33,27,25,66,60,9,74,+41 MissingAxioms=0,8,16,24,32 TotalTime=98.4
Step=101 PrevRays= 77504 ResultRays= 73005 RayPairs= 807818704 NewAxiom=42 PrevAxioms=80,81,82,83,84,85,86,87,88,89,90,91,92,93,94,95,96,97,98,99,100,101,102,103,104,105,7,14,6,15,22,23,40,48,29,30,38,53,56,69,70,10,2,52,63,35,17,4,37,73,72,18,3,62,77,68,54,55,20,1,50,65,64,58,66,57,28,47,12,36,44,45,21,46,67,41,49,51,59,11,79,39,76,78,34,60,61,71,75,33,74,19,43,27,31,13,9,26,5,25,+42 MissingAxioms=0,8,16,24,32 TotalTime=68.9
Step=101 PrevRays= 74717 ResultRays= 73005 RayPairs= 475027481 NewAxiom=43 PrevAxioms=80,81,82,83,84,85,86,87,88,89,90,91,92,93,94,95,96,97,98,99,100,101,102,103,104,105,7,14,6,15,22,23,40,48,29,30,38,53,56,69,70,10,2,52,63,35,17,4,37,73,72,18,3,62,77,68,42,54,55,20,50,65,64,57,49,28,47,12,36,44,45,21,46,59,67,41,79,39,51,76,11,31,25,13,9,5,66,58,34,78,26,19,75,27,71,61,33,60,1,74,+43 MissingAxioms=0,8,16,24,32 TotalTime=82.3
Step=101 PrevRays= 84363 ResultRays= 73005 RayPairs= 901338237 NewAxiom=44 PrevAxioms=80,81,82,83,84,85,86,87,88,89,90,91,92,93,94,95,96,97,98,99,100,101,102,103,104,105,7,14,6,15,22,23,40,48,29,30,38,53,56,69,70,10,2,52,63,35,17,4,37,73,72,18,3,62,77,68,42,54,55,20,50,65,64,57,49,28,47,12,36,76,45,21,59,67,79,39,5,26,13,46,51,66,58,34,11,31,27,71,19,1,9,43,75,61,78,60,74,25,41,33,+44 MissingAxioms=0,8,16,24,32 TotalTime=96.3
Step=101 PrevRays= 74585 ResultRays= 73005 RayPairs= 621245736 NewAxiom=45 PrevAxioms=80,81,82,83,84,85,86,87,88,89,90,91,92,93,94,95,96,97,98,99,100,101,102,103,104,105,7,14,6,15,22,23,40,48,29,30,38,53,56,69,70,10,2,52,63,35,17,4,37,73,72,18,3,62,77,68,42,54,55,20,50,65,64,57,49,28,47,12,36,44,21,46,59,67,79,39,51,76,13,11,58,71,78,34,19,61,5,26,75,43,1,31,33,9,27,60,74,25,66,41,+45 MissingAxioms=0,8,16,24,32 TotalTime=98.8
Step=101 PrevRays= 74585 ResultRays= 73005 RayPairs= 621245736 NewAxiom=46 PrevAxioms=80,81,82,83,84,85,86,87,88,89,90,91,92,93,94,95,96,97,98,99,100,101,102,103,104,105,7,14,6,15,22,23,40,48,29,30,38,53,56,69,70,10,2,52,63,35,17,4,37,73,72,18,3,62,77,68,42,54,55,20,50,65,64,57,49,28,47,12,36,44,45,21,76,59,67,79,39,5,13,51,9,66,58,78,34,11,60,71,61,75,43,31,26,19,1,27,33,74,25,41,+46 MissingAxioms=0,8,16,24,32 TotalTime=90.2
Step=101 PrevRays= 69544 ResultRays= 73005 RayPairs= 425583015 NewAxiom=47 PrevAxioms=80,81,82,83,84,85,86,87,88,89,90,91,92,93,94,95,96,97,98,99,100,101,102,103,104,105,7,14,6,15,22,23,40,48,29,30,38,53,56,69,70,10,2,52,63,35,17,4,37,73,72,18,3,62,77,68,42,54,55,20,50,65,64,57,49,28,12,36,44,39,5,45,46,31,21,67,41,79,66,51,1,76,11,27,19,71,61,75,33,13,59,43,34,78,9,25,74,60,26,58,+47 MissingAxioms=0,8,16,24,32 TotalTime=95.2
Step=101 PrevRays=106281 ResultRays= 73005 RayPairs=1494039948 NewAxiom=48 PrevAxioms=80,81,82,83,84,85,86,87,88,89,90,91,92,93,94,95,96,97,98,99,100,101,102,103,104,105,7,14,6,15,22,23,40,56,30,37,38,53,69,70,4,64,17,36,72,20,2,12,61,18,28,47,67,33,73,57,75,41,29,34,60,74,55,71,11,62,63,26,42,19,43,9,35,54,68,10,65,27,79,58,39,50,3,1,66,31,25,49,52,44,45,77,46,78,59,76,51,13,21,5,+48 MissingAxioms=0,8,16,24,32 TotalTime=245.3
Step=101 PrevRays= 81857 ResultRays= 73005 RayPairs= 842072220 NewAxiom=49 PrevAxioms=80,81,82,83,84,85,86,87,88,89,90,91,92,93,94,95,96,97,98,99,100,101,102,103,104,105,7,14,6,15,22,23,40,48,29,30,38,53,56,69,70,10,2,52,63,35,17,4,37,73,72,18,3,62,77,68,42,54,55,20,50,65,64,57,28,47,12,36,44,45,21,46,59,67,41,79,51,39,76,11,31,13,71,58,66,34,9,43,78,75,26,19,5,1,33,61,60,74,27,25,+49 MissingAxioms=0,8,16,24,32 TotalTime=84.1
Step=101 PrevRays= 80075 ResultRays= 73005 RayPairs= 798797848 NewAxiom=50 PrevAxioms=80,81,82,83,84,85,86,87,88,89,90,91,92,93,94,95,96,97,98,99,100,101,102,103,104,105,7,14,6,15,22,23,40,48,29,30,38,53,56,69,70,10,2,52,63,35,17,4,37,73,72,18,3,62,77,68,42,54,55,20,58,1,46,66,45,64,5,59,57,11,49,12,21,25,34,19,61,13,75,60,33,47,39,31,78,74,44,28,76,71,36,79,9,41,43,27,67,51,65,26,+50 MissingAxioms=0,8,16,24,32 TotalTime=94.4
Step=101 PrevRays= 72762 ResultRays= 73005 RayPairs= 464080320 NewAxiom=51 PrevAxioms=80,81,82,83,84,85,86,87,88,89,90,91,92,93,94,95,96,97,98,99,100,101,102,103,104,105,7,14,6,15,22,23,40,48,29,30,38,53,56,69,70,10,2,52,63,35,17,4,37,73,72,18,3,62,77,68,42,54,55,20,50,65,64,57,49,28,47,12,36,44,45,21,46,59,67,41,79,39,76,11,60,78,13,58,71,61,75,34,5,1,33,19,26,43,27,31,74,66,25,9,+51 MissingAxioms=0,8,16,24,32 TotalTime=74.8
Step=101 PrevRays= 80075 ResultRays= 73005 RayPairs= 798797848 NewAxiom=52 PrevAxioms=80,81,82,83,84,85,86,87,88,89,90,91,92,93,94,95,96,97,98,99,100,101,102,103,104,105,7,14,6,15,22,23,40,48,29,30,38,53,56,69,70,10,2,61,60,55,27,71,11,3,9,43,17,63,4,37,74,72,25,49,57,20,36,47,67,75,79,78,31,39,19,28,35,33,73,62,18,54,42,34,41,51,66,58,5,21,64,68,59,76,65,44,45,77,50,26,46,12,13,1,+52 MissingAxioms=0,8,16,24,32 TotalTime=101.0
Step=101 PrevRays= 72762 ResultRays= 73005 RayPairs= 464080320 NewAxiom=53 PrevAxioms=80,81,82,83,84,85,86,87,88,89,90,91,92,93,94,95,96,97,98,99,100,101,102,103,104,105,7,14,6,15,22,23,40,48,29,30,38,56,61,69,70,10,2,54,52,63,35,71,19,12,20,43,45,28,4,73,72,39,5,31,34,59,44,76,78,46,17,41,33,77,55,79,11,26,65,21,36,18,3,62,47,13,27,67,1,51,66,9,42,75,37,74,58,64,68,25,60,57,49,50,+53 MissingAxioms=0,8,16,24,32 TotalTime=137.7
Step=101 PrevRays= 73428 ResultRays= 73005 RayPairs= 602016240 NewAxiom=54 PrevAxioms=80,81,82,83,84,85,86,87,88,89,90,91,92,93,94,95,96,97,98,99,100,101,102,103,104,105,7,14,6,15,22,23,40,48,29,30,38,53,56,69,70,10,2,52,63,35,17,4,37,73,72,18,3,62,77,68,42,60,74,50,65,64,20,12,36,47,34,1,61,19,33,75,55,57,44,45,21,39,41,28,59,5,51,58,43,11,67,76,78,49,27,71,79,31,13,25,66,46,9,26,+54 MissingAxioms=0,8,16,24,32 TotalTime=88.0
Step=101 PrevRays= 70278 ResultRays= 73005 RayPairs= 483875313 NewAxiom=55 PrevAxioms=80,81,82,83,84,85,86,87,88,89,90,91,92,93,94,95,96,97,98,99,100,101,102,103,104,105,7,14,6,15,22,23,40,48,29,30,38,53,56,69,70,10,2,52,63,35,17,4,37,73,72,18,3,62,77,68,42,54,20,50,65,64,57,49,28,47,12,36,44,45,21,46,41,59,67,79,39,76,51,71,66,58,31,13,9,5,26,34,11,27,43,19,75,61,1,78,60,74,25,33,+55 MissingAxioms=0,8,16,24,32 TotalTime=64.1
Step=101 PrevRays=106281 ResultRays= 73005 RayPairs=1494039948 NewAxiom=56 PrevAxioms=80,81,82,83,84,85,86,87,88,89,90,91,92,93,94,95,96,97,98,99,100,101,102,103,104,105,7,14,6,15,22,23,40,48,29,30,38,53,69,70,4,64,9,28,72,12,2,61,20,10,25,36,47,67,74,49,75,42,37,26,52,73,63,71,19,54,55,34,41,11,43,17,27,62,68,18,66,35,79,50,31,58,3,1,65,39,33,57,60,44,46,78,45,77,51,76,59,21,13,5,+56 MissingAxioms=0,8,16,24,32 TotalTime=245.2
Step=101 PrevRays= 81857 ResultRays= 73005 RayPairs= 842072220 NewAxiom=57 PrevAxioms=80,81,82,83,84,85,86,87,88,89,90,91,92,93,94,95,96,97,98,99,100,101,102,103,104,105,7,14,6,15,22,23,40,48,29,30,38,53,56,69,70,10,2,52,63,35,17,4,37,73,72,18,3,62,77,68,42,54,55,20,50,65,64,28,47,12,49,36,44,45,21,46,67,39,79,11,78,13,41,76,71,58,34,19,61,75,1,66,31,43,27,25,26,51,59,33,5,74,9,60,+57 MissingAxioms=0,8,16,24,32 TotalTime=136.3
Step=101 PrevRays= 80075 ResultRays= 73005 RayPairs= 798797848 NewAxiom=58 PrevAxioms=80,81,82,83,84,85,86,87,88,89,90,91,92,93,94,95,96,97,98,99,100,101,102,103,104,105,7,14,6,15,22,23,40,48,29,30,38,53,56,69,70,10,2,52,63,35,17,4,37,73,72,18,3,62,77,68,42,54,55,20,50,65,64,57,49,28,47,12,36,44,45,21,46,59,67,41,79,39,51,76,11,31,25,13,9,5,66,1,34,78,19,27,43,61,75,71,33,74,60,26,+58 MissingAxioms=0,8,16,24,32 TotalTime=93.7
Step=101 PrevRays= 72762 ResultRays= 73005 RayPairs= 464080320 NewAxiom=59 PrevAxioms=80,81,82,83,84,85,86,87,88,89,90,91,92,93,94,95,96,97,98,99,100,101,102,103,104,105,7,14,6,15,22,23,40,48,29,30,38,53,56,69,70,10,2,52,63,35,17,4,37,73,72,18,3,62,77,68,42,54,55,20,50,65,64,57,49,28,47,12,36,44,45,21,46,67,41,79,39,11,76,78,58,13,34,71,19,61,75,5,1,51,33,43,31,27,25,66,26,60,74,9,+59 MissingAxioms=0,8,16,24,32 TotalTime=88.0
Step=101 PrevRays= 80075 ResultRays= 73005 RayPairs= 798797848 NewAxiom=60 PrevAxioms=80,81,82,83,84,85,86,87,88,89,90,91,92,93,94,95,96,97,98,99,100,101,102,103,104,105,7,14,6,15,22,23,40,48,29,30,38,53,56,69,70,10,2,52,63,35,17,4,37,73,72,18,3,62,77,68,42,54,55,20,50,65,64,57,49,28,47,12,36,44,45,21,46,59,67,41,79,39,51,76,11,31,25,13,9,5,66,58,34,78,26,19,43,75,71,61,27,33,74,1,+60 MissingAxioms=0,8,16,24,32 TotalTime=77.9
Step=101 PrevRays= 72762 ResultRays= 73005 RayPairs= 464080320 NewAxiom=61 PrevAxioms=80,81,82,83,84,85,86,87,88,89,90,91,92,93,94,95,96,97,98,99,100,101,102,103,104,105,7,14,6,15,22,23,40,48,29,30,38,53,56,69,70,10,2,52,63,35,17,4,37,73,72,18,3,62,77,68,42,54,55,20,50,65,64,57,49,28,47,12,36,44,45,21,46,59,67,41,79,39,51,76,11,31,25,13,9,5,66,58,34,78,26,19,43,75,71,27,74,60,1,33,+61 MissingAxioms=0,8,16,24,32 TotalTime=71.7
Step=101 PrevRays= 73428 ResultRays= 73005 RayPairs= 602016240 NewAxiom=62 PrevAxioms=80,81,82,83,84,85,86,87,88,89,90,91,92,93,94,95,96,97,98,99,100,101,102,103,104,105,7,14,6,15,22,23,40,48,29,30,38,53,56,69,70,10,2,52,63,35,17,4,37,73,72,18,3,28,47,36,12,20,1,34,64,50,65,71,61,60,74,42,54,66,19,33,75,25,55,11,27,43,67,79,68,9,49,58,31,39,26,57,41,44,77,59,46,78,45,51,76,5,21,13,+62 MissingAxioms=0,8,16,24,32 TotalTime=128.7
Step=101 PrevRays= 70278 ResultRays= 73005 RayPairs= 483875313 NewAxiom=63 PrevAxioms=80,81,82,83,84,85,86,87,88,89,90,91,92,93,94,95,96,97,98,99,100,101,102,103,104,105,7,14,6,15,22,23,40,48,29,30,38,53,56,69,70,10,2,52,4,72,37,73,18,28,47,67,36,12,21,45,39,31,59,58,35,62,34,17,65,77,54,57,49,41,26,5,13,44,76,78,1,46,51,66,74,20,33,64,9,68,75,61,42,25,43,27,11,19,3,50,60,71,55,79,+63 MissingAxioms=0,8,16,24,32 TotalTime=146.5
Step=101 PrevRays= 66330 ResultRays= 73005 RayPairs= 379265394 NewAxiom=64 PrevAxioms=80,81,82,83,84,85,86,87,88,89,90,91,92,93,94,95,96,97,98,99,100,101,102,103,104,105,7,14,6,15,22,23,40,48,29,30,38,53,56,69,70,10,2,52,63,35,17,4,37,73,72,18,3,62,77,68,42,54,55,20,50,65,26,79,59,57,49,28,41,21,67,5,39,12,45,47,76,36,13,46,51,66,58,31,34,78,27,11,74,25,75,19,61,71,43,1,33,60,9,44,+64 MissingAxioms=0,8,16,24,32 TotalTime=81.3
Step=101 PrevRays= 79311 ResultRays= 73005 RayPairs= 742397760 NewAxiom=65 PrevAxioms=80,81,82,83,84,85,86,87,88,89,90,91,92,93,94,95,96,97,98,99,100,101,102,103,104,105,7,14,6,15,22,23,40,48,29,30,38,53,56,69,70,10,2,52,63,35,17,4,37,73,72,18,3,62,77,68,42,54,55,20,50,26,39,79,59,5,76,44,64,46,31,47,21,67,45,78,58,34,11,19,36,13,60,28,1,74,51,71,66,9,43,75,61,33,27,12,25,57,49,41,+65 MissingAxioms=0,8,16,24,32 TotalTime=105.0
Step=101 PrevRays= 79311 ResultRays= 73005 RayPairs= 742397760 NewAxiom=66 PrevAxioms=80,81,82,83,84,85,86,87,88,89,90,91,92,93,94,95,96,97,98,99,100,101,102,103,104,105,7,14,6,15,22,23,40,48,29,30,38,53,56,69,70,10,2,52,63,35,17,4,37,73,72,18,3,62,77,68,42,54,55,20,50,65,64,57,49,28,47,12,36,44,45,21,46,59,67,41,79,39,51,76,11,31,25,13,9,5,1,34,27,19,43,78,61,71,75,33,74,26,58,60,+66 MissingAxioms=0,8,16,24,32 TotalTime=99.0
Step=101 PrevRays= 72641 ResultRays= 73005 RayPairs= 430084038 NewAxiom=67 PrevAxioms=80,81,82,83,84,85,86,87,88,89,90,91,92,93,94,95,96,97,98,99,100,101,102,103,104,105,7,14,6,15,22,23,40,48,29,30,38,53,56,69,70,10,2,52,63,35,17,4,37,73,72,18,3,62,77,68,42,54,55,20,50,65,64,57,49,28,47,12,36,44,45,21,46,59,39,41,79,76,51,11,5,31,71,58,34,78,13,75,61,26,33,60,1,43,19,27,25,66,74,9,+67 MissingAxioms=0,8,16,24,32 TotalTime=80.4
Step=101 PrevRays= 81091 ResultRays= 73005 RayPairs= 731498523 NewAxiom=68 PrevAxioms=80,81,82,83,84,85,86,87,88,89,90,91,92,93,94,95,96,97,98,99,100,101,102,103,104,105,7,14,6,15,22,23,40,48,29,30,38,53,56,69,70,10,2,52,63,35,17,4,37,73,72,18,3,62,77,42,28,47,36,20,50,65,64,12,54,55,57,49,44,45,21,46,59,67,41,26,79,39,76,51,5,11,31,71,1,13,27,19,43,75,33,61,34,9,78,60,74,58,66,25,+68 MissingAxioms=0,8,16,24,32 TotalTime=110.5
Step=101 PrevRays= 71609 ResultRays= 73005 RayPairs= 458440081 NewAxiom=69 PrevAxioms=80,81,82,83,84,85,86,87,88,89,90,91,92,93,94,95,96,97,98,99,100,101,102,103,104,105,7,14,6,15,22,23,40,48,29,30,38,53,56,70,10,54,18,52,62,2,72,9,4,73,50,1,60,55,42,74,3,37,68,76,31,39,64,5,44,77,21,20,46,47,78,65,61,13,12,45,71,58,34,75,26,28,11,66,19,63,36,41,17,43,67,79,33,35,27,59,51,57,49,25,+69 MissingAxioms=0,8,16,24,32 TotalTime=85.3
Step=101 PrevRays= 71609 ResultRays= 73005 RayPairs= 458440081 NewAxiom=70 PrevAxioms=80,81,82,83,84,85,86,87,88,89,90,91,92,93,94,95,96,97,98,99,100,101,102,103,104,105,7,14,6,15,22,23,40,48,29,30,38,53,56,69,10,2,34,52,4,37,72,54,41,17,73,12,45,65,63,19,61,71,77,36,20,47,21,35,67,3,1,28,26,27,62,55,43,33,50,68,11,57,49,39,5,75,44,64,51,31,13,25,46,59,76,79,78,18,58,66,60,9,74,42,+70 MissingAxioms=0,8,16,24,32 TotalTime=73.5
Step=101 PrevRays= 70118 ResultRays= 73005 RayPairs= 537441837 NewAxiom=71 PrevAxioms=80,81,82,83,84,85,86,87,88,89,90,91,92,93,94,95,96,97,98,99,100,101,102,103,104,105,7,14,6,15,22,23,40,48,29,30,38,53,56,69,70,10,2,52,63,35,17,4,37,73,72,18,3,62,77,68,42,54,55,20,50,65,64,57,49,28,47,12,36,44,45,21,46,59,67,41,79,39,51,76,11,31,25,13,9,5,66,58,34,78,26,19,43,75,27,61,33,60,74,1,+71 MissingAxioms=0,8,16,24,32 TotalTime=69.6
Step=101 PrevRays= 66330 ResultRays= 73005 RayPairs= 379265394 NewAxiom=72 PrevAxioms=80,81,82,83,84,85,86,87,88,89,90,91,92,93,94,95,96,97,98,99,100,101,102,103,104,105,7,14,6,15,22,23,40,48,29,30,38,53,56,69,70,10,2,52,63,35,17,4,37,73,19,33,75,54,61,57,49,68,18,12,45,65,77,66,46,42,11,71,3,34,5,13,31,39,21,20,47,64,26,27,50,59,67,1,51,55,43,62,60,9,76,79,78,74,44,28,36,25,58,41,+72 MissingAxioms=0,8,16,24,32 TotalTime=92.9
Step=101 PrevRays= 79311 ResultRays= 73005 RayPairs= 742397760 NewAxiom=73 PrevAxioms=80,81,82,83,84,85,86,87,88,89,90,91,92,93,94,95,96,97,98,99,100,101,102,103,104,105,7,14,6,15,22,23,40,48,29,30,38,53,56,69,70,10,2,52,63,35,17,4,37,72,19,33,54,61,57,49,68,18,12,45,65,41,43,66,28,47,21,75,20,26,71,11,50,39,51,64,5,31,77,1,13,67,36,46,59,60,74,79,25,58,78,55,62,3,27,34,76,44,9,42,+73 MissingAxioms=0,8,16,24,32 TotalTime=123.2
Step=101 PrevRays= 79311 ResultRays= 73005 RayPairs= 742397760 NewAxiom=74 PrevAxioms=80,81,82,83,84,85,86,87,88,89,90,91,92,93,94,95,96,97,98,99,100,101,102,103,104,105,7,14,6,15,22,23,40,48,29,30,38,53,56,69,70,10,2,52,63,35,17,4,37,73,72,18,3,62,77,68,42,54,55,20,50,65,64,57,49,28,47,12,36,44,45,21,46,59,67,41,79,39,51,76,11,31,25,13,9,5,66,58,34,78,26,19,43,75,71,61,27,33,60,1,+74 MissingAxioms=0,8,16,24,32 TotalTime=77.4
Step=101 PrevRays= 72641 ResultRays= 73005 RayPairs= 430084038 NewAxiom=75 PrevAxioms=80,81,82,83,84,85,86,87,88,89,90,91,92,93,94,95,96,97,98,99,100,101,102,103,104,105,7,14,6,15,22,23,40,48,29,30,38,53,56,69,70,10,2,52,63,35,17,4,37,73,72,18,3,62,77,68,42,54,55,20,50,65,64,57,49,28,47,12,36,44,45,21,46,59,67,41,79,39,51,76,11,31,25,13,9,5,66,58,34,78,26,19,43,74,27,61,71,1,33,60,+75 MissingAxioms=0,8,16,24,32 TotalTime=74.6
Step=101 PrevRays= 81091 ResultRays= 73005 RayPairs= 731498523 NewAxiom=76 PrevAxioms=80,81,82,83,84,85,86,87,88,89,90,91,92,93,94,95,96,97,98,99,100,101,102,103,104,105,7,14,6,15,22,23,40,48,29,30,38,53,56,69,70,10,2,52,63,35,17,4,37,73,72,18,3,62,77,68,42,54,55,20,50,65,64,57,49,28,47,12,36,44,45,21,46,59,67,41,79,39,51,11,31,25,13,9,5,26,66,58,34,27,43,19,78,75,61,71,33,60,74,1,+76 MissingAxioms=0,8,16,24,32 TotalTime=95.0
Step=101 PrevRays= 71609 ResultRays= 73005 RayPairs= 458440081 NewAxiom=77 PrevAxioms=80,81,82,83,84,85,86,87,88,89,90,91,92,93,94,95,96,97,98,99,100,101,102,103,104,105,7,14,6,15,22,23,40,48,29,30,38,53,56,69,70,10,2,52,63,35,17,4,37,73,72,18,3,62,28,47,12,1,34,58,21,39,45,44,76,78,54,50,5,68,66,26,64,31,65,67,59,13,55,57,20,11,60,74,27,79,51,49,46,36,25,75,61,43,71,19,9,33,42,41,+77 MissingAxioms=0,8,16,24,32 TotalTime=78.7
Step=101 PrevRays= 71609 ResultRays= 73005 RayPairs= 458440081 NewAxiom=78 PrevAxioms=80,81,82,83,84,85,86,87,88,89,90,91,92,93,94,95,96,97,98,99,100,101,102,103,104,105,7,14,6,15,22,23,40,48,29,30,38,53,56,69,70,10,2,52,63,35,17,4,37,73,72,18,3,62,77,68,42,54,55,20,50,65,64,57,49,28,47,12,36,44,45,21,46,59,67,41,79,39,51,76,11,31,25,13,9,5,66,58,34,19,43,27,61,75,71,26,33,60,74,1,+78 MissingAxioms=0,8,16,24,32 TotalTime=71.5
Step=101 PrevRays= 70118 ResultRays= 73005 RayPairs= 537441837 NewAxiom=79 PrevAxioms=80,81,82,83,84,85,86,87,88,89,90,91,92,93,94,95,96,97,98,99,100,101,102,103,104,105,7,14,6,15,22,23,40,48,29,30,38,53,56,69,70,10,2,52,63,35,17,4,37,73,72,18,3,62,77,68,42,54,55,20,50,65,64,57,49,28,47,12,36,44,45,21,46,59,67,41,39,51,11,31,25,13,66,58,9,5,26,1,34,27,43,19,60,74,75,61,33,71,78,76,+79 MissingAxioms=0,8,16,24,32 TotalTime=61.5

Ordered by number of ray pairs:
Step=101 #####......................... (min) Axiom40 23() - g0 f(2) + f(3) >= f(2,3)
Step=101 ########...................... Axiom7 01(2,3,4) - g3 f(0,1,2,3,4) >= f(2,3,4)
Step=101 ########...................... Axiom64 24() - g0 f(2) + f(4) >= f(2,4)
Step=101 ########...................... Axiom72 34() - g0 f(3) + f(4) >= f(3,4)
Step=101 #########..................... Axiom47 23(0,1,4) - g3 f(0,1,2,3,4) >= f(0,1,4)
Step=101 #########..................... Axiom67 24(0,1) - g2 f(0,1,2) + f(0,1,4) >= f(0,1) + f(0,1,2,3,4)
Step=101 #########..................... Axiom75 34(0,1) - g2 f(0,1,3) + f(0,1,4) >= f(0,1) + f(0,1,2,3,4)
Step=101 #########..................... Axiom15 02(1,3,4) - g3 f(0,1,2,3,4) >= f(1,3,4)
Step=101 #########..................... Axiom23 12(0,3,4) - g3 f(0,1,2,3,4) >= f(0,3,4)
Step=101 #########..................... Axiom31 03(1,2,4) - g3 f(0,1,2,3,4) >= f(1,2,4)
Step=101 #########..................... Axiom39 13(0,2,4) - g3 f(0,1,2,3,4) >= f(0,2,4)
Step=101 #########..................... Axiom69 24(0,3) - g2 f(0,2,3) + f(0,3,4) >= f(0,3) + f(0,1,2,3,4)
Step=101 #########..................... Axiom70 24(1,3) - g2 f(1,2,3) + f(1,3,4) >= f(1,3) + f(0,1,2,3,4)
Step=101 #########..................... Axiom77 34(0,2) - g2 f(0,2,3) + f(0,2,4) >= f(0,2) + f(0,1,2,3,4)
Step=101 #########..................... Axiom78 34(1,2) - g2 f(1,2,3) + f(1,2,4) >= f(1,2) + f(0,1,2,3,4)
Step=101 #########..................... Axiom51 04(1,2) - g2 f(0,1,2) + f(1,2,4) >= f(1,2) + f(0,1,2,3,4)
Step=101 #########..................... Axiom53 04(1,3) - g2 f(0,1,3) + f(1,3,4) >= f(1,3) + f(0,1,2,3,4)
Step=101 #########..................... Axiom59 14(0,2) - g2 f(0,1,2) + f(0,2,4) >= f(0,2) + f(0,1,2,3,4)
Step=101 #########..................... Axiom61 14(0,3) - g2 f(0,1,3) + f(0,3,4) >= f(0,3) + f(0,1,2,3,4)
Step=101 ##########.................... Axiom43 23(0,1) - g2 f(0,1,2) + f(0,1,3) >= f(0,1) + f(0,1,2,3,4)
Step=101 ##########.................... Axiom55 04(1,2,3) - g3 f(0,1,2,3,4) >= f(1,2,3)
Step=101 ##########.................... Axiom63 14(0,2,3) - g3 f(0,1,2,3,4) >= f(0,2,3)
Step=101 ##########.................... Axiom11 02(1,3) - g2 f(0,1,3) + f(1,2,3) >= f(1,3) + f(0,1,2,3,4)
Step=101 ##########.................... Axiom19 12(0,3) - g2 f(0,1,3) + f(0,2,3) >= f(0,3) + f(0,1,2,3,4)
Step=101 ##########.................... Axiom27 03(1,2) - g2 f(0,1,2) + f(1,2,3) >= f(1,2) + f(0,1,2,3,4)
Step=101 ##########.................... Axiom35 13(0,2) - g2 f(0,1,2) + f(0,2,3) >= f(0,2) + f(0,1,2,3,4)
Step=101 ###########................... Axiom71 24(0,1,3) - g3 f(0,1,2,3,4) >= f(0,1,3)
Step=101 ###########................... Axiom79 34(0,1,2) - g3 f(0,1,2,3,4) >= f(0,1,2)
Step=101 ############.................. Axiom9 02(1) - g1 f(0,1) + f(1,2) >= f(1) + f(0,1,2)
Step=101 ############.................. Axiom17 12(0) - g1 f(0,1) + f(0,2) >= f(0) + f(0,1,2)
Step=101 ############.................. Axiom25 03(1) - g1 f(0,1) + f(1,3) >= f(1) + f(0,1,3)
Step=101 ############.................. Axiom33 13(0) - g1 f(0,1) + f(0,3) >= f(0) + f(0,1,3)
Step=101 ############.................. Axiom1 01(2) - g1 f(0,2) + f(1,2) >= f(2) + f(0,1,2)
Step=101 ############.................. Axiom2 01(3) - g1 f(0,3) + f(1,3) >= f(3) + f(0,1,3)
Step=101 ############.................. Axiom10 02(3) - g1 f(0,3) + f(2,3) >= f(3) + f(0,2,3)
Step=101 ############.................. Axiom18 12(3) - g1 f(1,3) + f(2,3) >= f(3) + f(1,2,3)
Step=101 ############.................. Axiom26 03(2) - g1 f(0,2) + f(2,3) >= f(2) + f(0,2,3)
Step=101 ############.................. Axiom34 13(2) - g1 f(1,2) + f(2,3) >= f(2) + f(1,2,3)
Step=101 ############.................. Axiom54 04(2,3) - g2 f(0,2,3) + f(2,3,4) >= f(2,3) + f(0,1,2,3,4)
Step=101 ############.................. Axiom62 14(2,3) - g2 f(1,2,3) + f(2,3,4) >= f(2,3) + f(0,1,2,3,4)
Step=101 ############.................. Axiom14 02(3,4) - g2 f(0,3,4) + f(2,3,4) >= f(0,1,2,3,4) + f(3,4)
Step=101 ############.................. Axiom22 12(3,4) - g2 f(1,3,4) + f(2,3,4) >= f(0,1,2,3,4) + f(3,4)
Step=101 ############.................. Axiom30 03(2,4) - g2 f(0,2,4) + f(2,3,4) >= f(0,1,2,3,4) + f(2,4)
Step=101 ############.................. Axiom38 13(2,4) - g2 f(1,2,4) + f(2,3,4) >= f(0,1,2,3,4) + f(2,4)
Step=101 ############.................. Axiom45 23(0,4) - g2 f(0,2,4) + f(0,3,4) >= f(0,1,2,3,4) + f(0,4)
Step=101 ############.................. Axiom46 23(1,4) - g2 f(1,2,4) + f(1,3,4) >= f(0,1,2,3,4) + f(1,4)
Step=101 #############................. Axiom3 01(2,3) - g2 f(0,2,3) + f(1,2,3) >= f(2,3) + f(0,1,2,3,4)
Step=101 #############................. Axiom4 01(4) - g1 f(0,4) + f(1,4) >= f(4) + f(0,1,4)
Step=101 ##############................ Axiom13 02(1,4) - g2 f(0,1,4) + f(1,2,4) >= f(0,1,2,3,4) + f(1,4)
Step=101 ##############................ Axiom21 12(0,4) - g2 f(0,1,4) + f(0,2,4) >= f(0,1,2,3,4) + f(0,4)
Step=101 ##############................ Axiom29 03(1,4) - g2 f(0,1,4) + f(1,3,4) >= f(0,1,2,3,4) + f(1,4)
Step=101 ##############................ Axiom37 13(0,4) - g2 f(0,1,4) + f(0,3,4) >= f(0,1,2,3,4) + f(0,4)
Step=101 ##############................ Axiom12 02(4) - g1 f(0,4) + f(2,4) >= f(4) + f(0,2,4)
Step=101 ##############................ Axiom20 12(4) - g1 f(1,4) + f(2,4) >= f(4) + f(1,2,4)
Step=101 ##############................ Axiom28 03(4) - g1 f(0,4) + f(3,4) >= f(4) + f(0,3,4)
Step=101 ##############................ Axiom36 13(4) - g1 f(1,4) + f(3,4) >= f(4) + f(1,3,4)
Step=101 ##############................ Axiom5 01(2,4) - g2 f(0,2,4) + f(1,2,4) >= f(0,1,2,3,4) + f(2,4)
Step=101 ##############................ Axiom6 01(3,4) - g2 f(0,3,4) + f(1,3,4) >= f(0,1,2,3,4) + f(3,4)
Step=101 ###############............... Axiom68 24(3) - g1 f(2,3) + f(3,4) >= f(3) + f(2,3,4)
Step=101 ###############............... Axiom76 34(2) - g1 f(2,3) + f(2,4) >= f(2) + f(2,3,4)
Step=101 ###############............... Axiom65 24(0) - g1 f(0,2) + f(0,4) >= f(0) + f(0,2,4)
Step=101 ###############............... Axiom66 24(1) - g1 f(1,2) + f(1,4) >= f(1) + f(1,2,4)
Step=101 ###############............... Axiom73 34(0) - g1 f(0,3) + f(0,4) >= f(0) + f(0,3,4)
Step=101 ###############............... Axiom74 34(1) - g1 f(1,3) + f(1,4) >= f(1) + f(1,3,4)
Step=101 ################.............. Axiom50 04(2) - g1 f(0,2) + f(2,4) >= f(2) + f(0,2,4)
Step=101 ################.............. Axiom52 04(3) - g1 f(0,3) + f(3,4) >= f(3) + f(0,3,4)
Step=101 ################.............. Axiom58 14(2) - g1 f(1,2) + f(2,4) >= f(2) + f(1,2,4)
Step=101 ################.............. Axiom60 14(3) - g1 f(1,3) + f(3,4) >= f(3) + f(1,3,4)
Step=101 ################.............. Axiom41 23(0) - g1 f(0,2) + f(0,3) >= f(0) + f(0,2,3)
Step=101 ################.............. Axiom42 23(1) - g1 f(1,2) + f(1,3) >= f(1) + f(1,2,3)
Step=101 #################............. Axiom49 04(1) - g1 f(0,1) + f(1,4) >= f(1) + f(0,1,4)
Step=101 #################............. Axiom57 14(0) - g1 f(0,1) + f(0,4) >= f(0) + f(0,1,4)
Step=101 ##################............ Axiom44 23(4) - g1 f(2,4) + f(3,4) >= f(4) + f(2,3,4)
Step=101 ############################## Axiom48 04() - g0 f(0) + f(4) >= f(0,4)
Step=101 ############################## Axiom56 14() - g0 f(1) + f(4) >= f(1,4)

Ordered by number of previous rays:
Step=101 $$$$$$$$$$$$$$$$.............. (min) Axiom40 23() - g0 f(2) + f(3) >= f(2,3)
Step=101 $$$$$$$$$$$$$$$$$$$........... Axiom64 24() - g0 f(2) + f(4) >= f(2,4)
Step=101 $$$$$$$$$$$$$$$$$$$........... Axiom72 34() - g0 f(3) + f(4) >= f(3,4)
Step=101 $$$$$$$$$$$$$$$$$$$........... Axiom9 02(1) - g1 f(0,1) + f(1,2) >= f(1) + f(0,1,2)
Step=101 $$$$$$$$$$$$$$$$$$$........... Axiom17 12(0) - g1 f(0,1) + f(0,2) >= f(0) + f(0,1,2)
Step=101 $$$$$$$$$$$$$$$$$$$........... Axiom25 03(1) - g1 f(0,1) + f(1,3) >= f(1) + f(0,1,3)
Step=101 $$$$$$$$$$$$$$$$$$$........... Axiom33 13(0) - g1 f(0,1) + f(0,3) >= f(0) + f(0,1,3)
Step=101 $$$$$$$$$$$$$$$$$$$........... Axiom1 01(2) - g1 f(0,2) + f(1,2) >= f(2) + f(0,1,2)
Step=101 $$$$$$$$$$$$$$$$$$$........... Axiom2 01(3) - g1 f(0,3) + f(1,3) >= f(3) + f(0,1,3)
Step=101 $$$$$$$$$$$$$$$$$$$$.......... Axiom47 23(0,1,4) - g3 f(0,1,2,3,4) >= f(0,1,4)
Step=101 $$$$$$$$$$$$$$$$$$$$.......... Axiom71 24(0,1,3) - g3 f(0,1,2,3,4) >= f(0,1,3)
Step=101 $$$$$$$$$$$$$$$$$$$$.......... Axiom79 34(0,1,2) - g3 f(0,1,2,3,4) >= f(0,1,2)
Step=101 $$$$$$$$$$$$$$$$$$$$.......... Axiom55 04(1,2,3) - g3 f(0,1,2,3,4) >= f(1,2,3)
Step=101 $$$$$$$$$$$$$$$$$$$$.......... Axiom63 14(0,2,3) - g3 f(0,1,2,3,4) >= f(0,2,3)
Step=101 $$$$$$$$$$$$$$$$$$$$.......... Axiom10 02(3) - g1 f(0,3) + f(2,3) >= f(3) + f(0,2,3)
Step=101 $$$$$$$$$$$$$$$$$$$$.......... Axiom18 12(3) - g1 f(1,3) + f(2,3) >= f(3) + f(1,2,3)
Step=101 $$$$$$$$$$$$$$$$$$$$.......... Axiom26 03(2) - g1 f(0,2) + f(2,3) >= f(2) + f(0,2,3)
Step=101 $$$$$$$$$$$$$$$$$$$$.......... Axiom34 13(2) - g1 f(1,2) + f(2,3) >= f(2) + f(1,2,3)
Step=101 $$$$$$$$$$$$$$$$$$$$.......... Axiom15 02(1,3,4) - g3 f(0,1,2,3,4) >= f(1,3,4)
Step=101 $$$$$$$$$$$$$$$$$$$$.......... Axiom23 12(0,3,4) - g3 f(0,1,2,3,4) >= f(0,3,4)
Step=101 $$$$$$$$$$$$$$$$$$$$.......... Axiom31 03(1,2,4) - g3 f(0,1,2,3,4) >= f(1,2,4)
Step=101 $$$$$$$$$$$$$$$$$$$$.......... Axiom39 13(0,2,4) - g3 f(0,1,2,3,4) >= f(0,2,4)
Step=101 $$$$$$$$$$$$$$$$$$$$.......... Axiom7 01(2,3,4) - g3 f(0,1,2,3,4) >= f(2,3,4)
Step=101 $$$$$$$$$$$$$$$$$$$$.......... Axiom69 24(0,3) - g2 f(0,2,3) + f(0,3,4) >= f(0,3) + f(0,1,2,3,4)
Step=101 $$$$$$$$$$$$$$$$$$$$.......... Axiom70 24(1,3) - g2 f(1,2,3) + f(1,3,4) >= f(1,3) + f(0,1,2,3,4)
Step=101 $$$$$$$$$$$$$$$$$$$$.......... Axiom77 34(0,2) - g2 f(0,2,3) + f(0,2,4) >= f(0,2) + f(0,1,2,3,4)
Step=101 $$$$$$$$$$$$$$$$$$$$.......... Axiom78 34(1,2) - g2 f(1,2,3) + f(1,2,4) >= f(1,2) + f(0,1,2,3,4)
Step=101 $$$$$$$$$$$$$$$$$$$$.......... Axiom4 01(4) - g1 f(0,4) + f(1,4) >= f(4) + f(0,1,4)
Step=101 $$$$$$$$$$$$$$$$$$$$$......... Axiom67 24(0,1) - g2 f(0,1,2) + f(0,1,4) >= f(0,1) + f(0,1,2,3,4)
Step=101 $$$$$$$$$$$$$$$$$$$$$......... Axiom75 34(0,1) - g2 f(0,1,3) + f(0,1,4) >= f(0,1) + f(0,1,2,3,4)
Step=101 $$$$$$$$$$$$$$$$$$$$$......... Axiom51 04(1,2) - g2 f(0,1,2) + f(1,2,4) >= f(1,2) + f(0,1,2,3,4)
Step=101 $$$$$$$$$$$$$$$$$$$$$......... Axiom53 04(1,3) - g2 f(0,1,3) + f(1,3,4) >= f(1,3) + f(0,1,2,3,4)
Step=101 $$$$$$$$$$$$$$$$$$$$$......... Axiom59 14(0,2) - g2 f(0,1,2) + f(0,2,4) >= f(0,2) + f(0,1,2,3,4)
Step=101 $$$$$$$$$$$$$$$$$$$$$......... Axiom61 14(0,3) - g2 f(0,1,3) + f(0,3,4) >= f(0,3) + f(0,1,2,3,4)
Step=101 $$$$$$$$$$$$$$$$$$$$$......... Axiom14 02(3,4) - g2 f(0,3,4) + f(2,3,4) >= f(0,1,2,3,4) + f(3,4)
Step=101 $$$$$$$$$$$$$$$$$$$$$......... Axiom22 12(3,4) - g2 f(1,3,4) + f(2,3,4) >= f(0,1,2,3,4) + f(3,4)
Step=101 $$$$$$$$$$$$$$$$$$$$$......... Axiom30 03(2,4) - g2 f(0,2,4) + f(2,3,4) >= f(0,1,2,3,4) + f(2,4)
Step=101 $$$$$$$$$$$$$$$$$$$$$......... Axiom38 13(2,4) - g2 f(1,2,4) + f(2,3,4) >= f(0,1,2,3,4) + f(2,4)
Step=101 $$$$$$$$$$$$$$$$$$$$$......... Axiom54 04(2,3) - g2 f(0,2,3) + f(2,3,4) >= f(2,3) + f(0,1,2,3,4)
Step=101 $$$$$$$$$$$$$$$$$$$$$......... Axiom62 14(2,3) - g2 f(1,2,3) + f(2,3,4) >= f(2,3) + f(0,1,2,3,4)
Step=101 $$$$$$$$$$$$$$$$$$$$$......... Axiom12 02(4) - g1 f(0,4) + f(2,4) >= f(4) + f(0,2,4)
Step=101 $$$$$$$$$$$$$$$$$$$$$......... Axiom20 12(4) - g1 f(1,4) + f(2,4) >= f(4) + f(1,2,4)
Step=101 $$$$$$$$$$$$$$$$$$$$$......... Axiom28 03(4) - g1 f(0,4) + f(3,4) >= f(4) + f(0,3,4)
Step=101 $$$$$$$$$$$$$$$$$$$$$......... Axiom36 13(4) - g1 f(1,4) + f(3,4) >= f(4) + f(1,3,4)
Step=101 $$$$$$$$$$$$$$$$$$$$$......... Axiom45 23(0,4) - g2 f(0,2,4) + f(0,3,4) >= f(0,1,2,3,4) + f(0,4)
Step=101 $$$$$$$$$$$$$$$$$$$$$......... Axiom46 23(1,4) - g2 f(1,2,4) + f(1,3,4) >= f(0,1,2,3,4) + f(1,4)
Step=101 $$$$$$$$$$$$$$$$$$$$$......... Axiom11 02(1,3) - g2 f(0,1,3) + f(1,2,3) >= f(1,3) + f(0,1,2,3,4)
Step=101 $$$$$$$$$$$$$$$$$$$$$......... Axiom19 12(0,3) - g2 f(0,1,3) + f(0,2,3) >= f(0,3) + f(0,1,2,3,4)
Step=101 $$$$$$$$$$$$$$$$$$$$$......... Axiom27 03(1,2) - g2 f(0,1,2) + f(1,2,3) >= f(1,2) + f(0,1,2,3,4)
Step=101 $$$$$$$$$$$$$$$$$$$$$......... Axiom35 13(0,2) - g2 f(0,1,2) + f(0,2,3) >= f(0,2) + f(0,1,2,3,4)
Step=101 $$$$$$$$$$$$$$$$$$$$$......... Axiom43 23(0,1) - g2 f(0,1,2) + f(0,1,3) >= f(0,1) + f(0,1,2,3,4)
Step=101 $$$$$$$$$$$$$$$$$$$$$......... Axiom3 01(2,3) - g2 f(0,2,3) + f(1,2,3) >= f(2,3) + f(0,1,2,3,4)
Step=101 $$$$$$$$$$$$$$$$$$$$$$........ Axiom13 02(1,4) - g2 f(0,1,4) + f(1,2,4) >= f(0,1,2,3,4) + f(1,4)
Step=101 $$$$$$$$$$$$$$$$$$$$$$........ Axiom21 12(0,4) - g2 f(0,1,4) + f(0,2,4) >= f(0,1,2,3,4) + f(0,4)
Step=101 $$$$$$$$$$$$$$$$$$$$$$........ Axiom29 03(1,4) - g2 f(0,1,4) + f(1,3,4) >= f(0,1,2,3,4) + f(1,4)
Step=101 $$$$$$$$$$$$$$$$$$$$$$........ Axiom37 13(0,4) - g2 f(0,1,4) + f(0,3,4) >= f(0,1,2,3,4) + f(0,4)
Step=101 $$$$$$$$$$$$$$$$$$$$$$........ Axiom5 01(2,4) - g2 f(0,2,4) + f(1,2,4) >= f(0,1,2,3,4) + f(2,4)
Step=101 $$$$$$$$$$$$$$$$$$$$$$........ Axiom6 01(3,4) - g2 f(0,3,4) + f(1,3,4) >= f(0,1,2,3,4) + f(3,4)
Step=101 $$$$$$$$$$$$$$$$$$$$$$........ Axiom41 23(0) - g1 f(0,2) + f(0,3) >= f(0) + f(0,2,3)
Step=101 $$$$$$$$$$$$$$$$$$$$$$........ Axiom42 23(1) - g1 f(1,2) + f(1,3) >= f(1) + f(1,2,3)
Step=101 $$$$$$$$$$$$$$$$$$$$$$........ Axiom65 24(0) - g1 f(0,2) + f(0,4) >= f(0) + f(0,2,4)
Step=101 $$$$$$$$$$$$$$$$$$$$$$........ Axiom66 24(1) - g1 f(1,2) + f(1,4) >= f(1) + f(1,2,4)
Step=101 $$$$$$$$$$$$$$$$$$$$$$........ Axiom73 34(0) - g1 f(0,3) + f(0,4) >= f(0) + f(0,3,4)
Step=101 $$$$$$$$$$$$$$$$$$$$$$........ Axiom74 34(1) - g1 f(1,3) + f(1,4) >= f(1) + f(1,3,4)
Step=101 $$$$$$$$$$$$$$$$$$$$$$$....... Axiom50 04(2) - g1 f(0,2) + f(2,4) >= f(2) + f(0,2,4)
Step=101 $$$$$$$$$$$$$$$$$$$$$$$....... Axiom52 04(3) - g1 f(0,3) + f(3,4) >= f(3) + f(0,3,4)
Step=101 $$$$$$$$$$$$$$$$$$$$$$$....... Axiom58 14(2) - g1 f(1,2) + f(2,4) >= f(2) + f(1,2,4)
Step=101 $$$$$$$$$$$$$$$$$$$$$$$....... Axiom60 14(3) - g1 f(1,3) + f(3,4) >= f(3) + f(1,3,4)
Step=101 $$$$$$$$$$$$$$$$$$$$$$$....... Axiom68 24(3) - g1 f(2,3) + f(3,4) >= f(3) + f(2,3,4)
Step=101 $$$$$$$$$$$$$$$$$$$$$$$....... Axiom76 34(2) - g1 f(2,3) + f(2,4) >= f(2) + f(2,3,4)
Step=101 $$$$$$$$$$$$$$$$$$$$$$$....... Axiom49 04(1) - g1 f(0,1) + f(1,4) >= f(1) + f(0,1,4)
Step=101 $$$$$$$$$$$$$$$$$$$$$$$....... Axiom57 14(0) - g1 f(0,1) + f(0,4) >= f(0) + f(0,1,4)
Step=101 $$$$$$$$$$$$$$$$$$$$$$$$...... Axiom44 23(4) - g1 f(2,4) + f(3,4) >= f(4) + f(2,3,4)
Step=101 $$$$$$$$$$$$$$$$$$$$$$$$$$$$$$ Axiom48 04() - g0 f(0) + f(4) >= f(0,4)
Step=101 $$$$$$$$$$$$$$$$$$$$$$$$$$$$$$ Axiom56 14() - g0 f(1) + f(4) >= f(1,4)
