Step=97 PrevRays= 31482 ResultRays= 34560 RayPairs= 124801542 NewAxiom=2 PrevAxioms=80,81,82,83,84,85,86,87,88,89,90,91,92,93,94,95,96,97,98,99,100,101,102,103,104,105,7,14,6,15,22,23,48,29,30,38,53,54,56,62,10,18,50,52,58,12,64,65,70,20,72,36,47,67,21,17,66,4,45,73,37,39,75,68,55,11,76,78,71,69,77,3,28,63,19,5,13,44,60,74,41,31,46,42,43,9,61,79,25,27,51,59,35,33,49,57,+2 MissingAxioms=0,1,8,16,24,26,32,34,40 TotalTime=21.7
Step=97 PrevRays= 33040 ResultRays= 34560 RayPairs=  99448928 NewAxiom=3 PrevAxioms=80,81,82,83,84,85,86,87,88,89,90,91,92,93,94,95,96,97,98,99,100,101,102,103,104,105,7,14,6,15,22,23,48,29,30,38,53,54,56,62,2,18,50,52,70,4,64,65,10,9,72,60,68,12,45,17,74,55,27,73,11,37,46,76,25,75,77,69,20,36,31,5,44,28,61,33,13,57,21,39,51,47,41,19,71,63,79,49,78,58,59,67,35,43,42,66,+3 MissingAxioms=0,1,8,16,24,26,32,34,40 TotalTime=32.4
Step=97 PrevRays= 34798 ResultRays= 34560 RayPairs= 142485602 NewAxiom=4 PrevAxioms=80,81,82,83,84,85,86,87,88,89,90,91,92,93,94,95,96,97,98,99,100,101,102,103,104,105,7,14,6,15,22,23,48,29,30,38,53,54,56,62,2,18,50,52,70,10,58,64,49,12,57,45,72,20,65,66,46,42,60,55,74,3,78,37,75,27,11,61,36,47,21,28,44,5,9,25,19,13,39,31,68,76,77,69,63,43,41,51,79,35,67,71,17,59,73,33,+4 MissingAxioms=0,1,8,16,24,26,32,34,40 TotalTime=24.7
Step=97 PrevRays= 34839 ResultRays= 34560 RayPairs= 125658684 NewAxiom=5 PrevAxioms=80,81,82,83,84,85,86,87,88,89,90,91,92,93,94,95,96,97,98,99,100,101,102,103,104,105,7,14,6,15,22,23,48,29,30,38,53,54,56,62,2,18,50,52,70,4,64,65,10,9,72,60,68,12,45,17,74,55,27,73,3,37,46,76,69,77,20,36,31,13,44,28,61,47,21,51,49,75,57,25,39,41,63,19,33,79,11,71,78,58,59,67,35,43,42,66,+5 MissingAxioms=0,1,8,16,24,26,32,34,40 TotalTime=32.4
Step=97 PrevRays= 37430 ResultRays= 34560 RayPairs= 154276596 NewAxiom=6 PrevAxioms=80,81,82,83,84,85,86,87,88,89,90,91,92,93,94,95,96,97,98,99,100,101,102,103,104,105,7,14,15,22,23,30,38,48,54,62,10,12,56,18,20,64,72,28,58,66,69,36,2,50,65,45,41,44,46,57,9,61,39,5,49,52,73,75,71,19,51,13,4,59,67,21,53,31,17,77,3,63,35,68,76,33,43,11,42,70,79,78,27,55,47,37,29,60,74,25,+6 MissingAxioms=0,1,8,16,24,26,32,34,40 TotalTime=31.3
Step=97 PrevRays= 35574 ResultRays= 34560 RayPairs= 116591513 NewAxiom=7 PrevAxioms=80,81,82,83,84,85,86,87,88,89,90,91,92,93,94,95,96,97,98,99,100,101,102,103,104,105,15,6,14,23,22,48,29,46,53,56,69,70,2,52,10,50,54,60,55,27,9,61,4,74,28,42,66,78,37,36,68,11,43,72,31,5,79,59,51,73,58,64,44,38,20,21,39,13,76,47,62,18,75,25,12,45,65,67,49,30,77,57,17,35,63,71,19,3,41,33,+7 MissingAxioms=0,1,8,16,24,26,32,34,40 TotalTime=20.2
Step=97 PrevRays= 31320 ResultRays= 34560 RayPairs= 101458175 NewAxiom=9 PrevAxioms=80,81,82,83,84,85,86,87,88,89,90,91,92,93,94,95,96,97,98,99,100,101,102,103,104,105,7,14,6,15,22,23,48,29,30,38,53,54,56,62,2,18,50,52,70,4,64,65,10,37,72,58,66,20,46,42,60,55,74,78,11,45,17,73,49,75,36,47,21,39,61,44,28,13,57,5,12,31,25,68,76,77,69,41,71,19,33,3,63,79,27,43,67,35,59,51,+9 MissingAxioms=0,1,8,16,24,26,32,34,40 TotalTime=26.5
Step=97 PrevRays= 31320 ResultRays= 34560 RayPairs= 101458175 NewAxiom=10 PrevAxioms=80,81,82,83,84,85,86,87,88,89,90,91,92,93,94,95,96,97,98,99,100,101,102,103,104,105,7,14,6,15,22,23,48,29,30,38,53,54,56,62,2,18,50,52,70,4,64,65,42,9,60,55,3,61,63,27,37,77,11,43,25,49,44,57,68,20,46,36,79,59,66,12,58,51,67,45,28,76,72,19,74,73,69,78,75,41,17,71,13,5,31,35,39,47,21,33,+10 MissingAxioms=0,1,8,16,24,26,32,34,40 TotalTime=29.5
Step=97 PrevRays= 36479 ResultRays= 34560 RayPairs= 122945744 NewAxiom=11 PrevAxioms=80,81,82,83,84,85,86,87,88,89,90,91,92,93,94,95,96,97,98,99,100,101,102,103,104,105,7,14,6,15,22,23,48,29,30,38,53,54,56,62,2,18,50,52,70,4,64,65,10,9,72,60,68,12,45,17,74,55,27,73,3,37,46,76,69,77,20,36,31,13,44,28,61,47,21,5,51,49,75,57,39,25,41,33,63,19,71,79,78,58,59,67,43,35,42,66,+11 MissingAxioms=0,1,8,16,24,26,32,34,40 TotalTime=31.8
Step=97 PrevRays= 34548 ResultRays= 34560 RayPairs= 126679770 NewAxiom=12 PrevAxioms=80,81,82,83,84,85,86,87,88,89,90,91,92,93,94,95,96,97,98,99,100,101,102,103,104,105,7,14,6,15,22,23,48,29,30,38,53,54,56,62,2,18,50,52,70,4,64,65,10,9,72,60,68,49,20,74,37,46,57,63,3,69,45,61,17,75,36,31,13,39,28,44,76,78,25,47,77,55,19,5,21,41,71,11,73,33,79,27,51,58,59,67,35,43,42,66,+12 MissingAxioms=0,1,8,16,24,26,32,34,40 TotalTime=39.4
Step=97 PrevRays= 38472 ResultRays= 34560 RayPairs= 177876680 NewAxiom=13 PrevAxioms=80,81,82,83,84,85,86,87,88,89,90,91,92,93,94,95,96,97,98,99,100,101,102,103,104,105,7,14,6,15,22,23,48,29,30,38,53,54,56,62,2,18,50,52,70,4,64,65,10,9,72,60,68,12,45,17,74,55,27,73,3,37,46,76,69,77,20,36,31,5,28,44,61,39,21,51,63,47,75,49,57,33,41,19,25,79,11,71,78,58,59,67,43,35,42,66,+13 MissingAxioms=0,1,8,16,24,26,32,34,40 TotalTime=37.5
Step=97 PrevRays= 38472 ResultRays= 34560 RayPairs= 177876680 NewAxiom=14 PrevAxioms=80,81,82,83,84,85,86,87,88,89,90,91,92,93,94,95,96,97,98,99,100,101,102,103,104,105,7,15,22,6,23,29,46,48,53,70,2,4,56,18,30,64,20,72,25,49,42,66,37,57,36,58,31,13,38,47,39,59,77,62,61,60,55,11,74,78,71,75,65,67,43,79,63,5,12,44,50,68,51,76,54,45,33,28,73,69,9,21,17,41,19,3,35,27,10,52,+14 MissingAxioms=0,1,8,16,24,26,32,34,40 TotalTime=26.7
Step=97 PrevRays= 32365 ResultRays= 34560 RayPairs=  95929408 NewAxiom=15 PrevAxioms=80,81,82,83,84,85,86,87,88,89,90,91,92,93,94,95,96,97,98,99,100,101,102,103,104,105,7,14,6,23,22,48,30,38,54,56,61,62,2,10,52,50,53,33,37,57,58,64,68,55,69,3,4,66,12,65,28,29,45,49,44,72,31,39,21,76,78,47,5,59,17,77,36,67,51,13,41,46,63,79,35,20,71,25,11,19,18,43,75,60,70,74,42,27,9,73,+15 MissingAxioms=0,1,8,16,24,26,32,34,40 TotalTime=26.4
Step=97 PrevRays= 31320 ResultRays= 34560 RayPairs= 101458175 NewAxiom=17 PrevAxioms=80,81,82,83,84,85,86,87,88,89,90,91,92,93,94,95,96,97,98,99,100,101,102,103,104,105,7,14,6,15,22,23,48,29,30,38,53,54,56,62,2,18,50,52,70,4,64,65,10,9,72,60,68,12,45,76,37,55,27,74,3,66,78,46,77,69,20,36,31,13,67,79,28,44,58,61,73,47,51,71,42,49,57,75,21,39,63,5,19,41,59,33,11,43,35,25,+17 MissingAxioms=0,1,8,16,24,26,32,34,40 TotalTime=21.8
Step=97 PrevRays= 31320 ResultRays= 34560 RayPairs= 101458175 NewAxiom=18 PrevAxioms=80,81,82,83,84,85,86,87,88,89,90,91,92,93,94,95,96,97,98,99,100,101,102,103,104,105,7,14,6,15,22,23,48,29,30,38,53,54,56,62,2,50,52,4,64,65,10,9,72,61,60,69,68,70,12,45,17,73,37,55,27,11,74,46,25,75,77,20,36,31,5,44,28,19,33,21,57,13,41,39,51,76,47,71,63,79,3,49,78,58,59,67,35,43,42,66,+18 MissingAxioms=0,1,8,16,24,26,32,34,40 TotalTime=29.5
Step=97 PrevRays= 36479 ResultRays= 34560 RayPairs= 122945744 NewAxiom=19 PrevAxioms=80,81,82,83,84,85,86,87,88,89,90,91,92,93,94,95,96,97,98,99,100,101,102,103,104,105,7,14,6,15,22,23,48,29,30,38,53,54,56,62,2,18,50,52,70,4,64,65,10,9,72,60,68,12,45,17,74,55,27,73,3,37,46,76,69,77,20,36,31,13,44,28,61,47,21,5,51,49,75,57,39,25,41,33,63,11,71,79,78,58,59,67,35,43,42,66,+19 MissingAxioms=0,1,8,16,24,26,32,34,40 TotalTime=31.7
Step=97 PrevRays= 34548 ResultRays= 34560 RayPairs= 126679770 NewAxiom=20 PrevAxioms=80,81,82,83,84,85,86,87,88,89,90,91,92,93,94,95,96,97,98,99,100,101,102,103,104,105,7,14,6,15,22,23,48,29,30,38,53,54,56,62,2,18,50,52,70,4,64,65,10,9,72,60,68,12,45,17,74,55,27,73,3,37,46,76,69,77,28,47,21,31,44,36,61,39,13,5,51,49,57,75,25,41,63,19,33,71,11,79,78,58,59,67,35,43,42,66,+20 MissingAxioms=0,1,8,16,24,26,32,34,40 TotalTime=27.6
Step=97 PrevRays= 38472 ResultRays= 34560 RayPairs= 177876680 NewAxiom=21 PrevAxioms=80,81,82,83,84,85,86,87,88,89,90,91,92,93,94,95,96,97,98,99,100,101,102,103,104,105,7,14,6,15,22,23,48,29,30,38,53,54,56,62,2,18,50,52,70,4,64,65,10,9,72,60,68,12,45,17,74,55,27,73,3,37,46,76,69,77,20,36,31,13,44,28,61,47,5,51,49,57,75,25,39,41,63,19,33,79,11,71,78,58,43,35,59,67,42,66,+21 MissingAxioms=0,1,8,16,24,26,32,34,40 TotalTime=34.5
Step=97 PrevRays= 38472 ResultRays= 34560 RayPairs= 177876680 NewAxiom=22 PrevAxioms=80,81,82,83,84,85,86,87,88,89,90,91,92,93,94,95,96,97,98,99,100,101,102,103,104,105,7,14,6,15,23,37,45,48,61,69,2,10,38,56,4,64,12,72,33,57,41,65,29,49,28,50,30,53,39,21,47,31,51,78,25,5,66,55,79,58,27,59,67,44,17,20,73,52,54,77,35,63,36,19,68,76,62,46,13,9,75,71,11,70,60,3,18,43,42,74,+22 MissingAxioms=0,1,8,16,24,26,32,34,40 TotalTime=27.3
Step=97 PrevRays= 32365 ResultRays= 34560 RayPairs=  95929408 NewAxiom=23 PrevAxioms=80,81,82,83,84,85,86,87,88,89,90,91,92,93,94,95,96,97,98,99,100,101,102,103,104,105,7,14,6,15,22,48,29,30,38,53,54,56,62,2,18,60,50,52,61,4,64,65,49,9,10,72,68,70,20,36,47,13,57,31,37,55,39,76,11,74,46,44,67,51,59,5,28,73,75,45,69,12,21,17,25,77,41,19,27,33,66,78,42,58,71,43,3,63,35,79,+23 MissingAxioms=0,1,8,16,24,26,32,34,40 TotalTime=20.4
Step=97 PrevRays= 31482 ResultRays= 34560 RayPairs= 124801542 NewAxiom=25 PrevAxioms=80,81,82,83,84,85,86,87,88,89,90,91,92,93,94,95,96,97,98,99,100,101,102,103,104,105,7,14,6,15,22,23,48,29,30,38,53,54,56,62,2,18,50,52,70,4,64,65,10,9,72,60,68,12,45,17,74,55,27,73,3,37,46,76,69,77,20,36,31,13,44,28,61,47,21,5,51,49,75,57,39,33,63,19,41,71,79,11,78,58,59,67,43,35,42,66,+25 MissingAxioms=0,1,8,16,24,26,32,34,40 TotalTime=27.6
Step=97 PrevRays= 33040 ResultRays= 34560 RayPairs=  99448928 NewAxiom=27 PrevAxioms=80,81,82,83,84,85,86,87,88,89,90,91,92,93,94,95,96,97,98,99,100,101,102,103,104,105,7,14,6,15,22,23,48,29,30,38,53,54,56,62,2,18,50,52,70,4,64,65,10,9,72,60,68,12,45,17,74,55,73,3,37,46,76,49,75,20,44,31,5,77,69,36,28,57,61,39,21,13,51,25,47,41,19,33,63,11,71,79,78,58,59,67,43,35,42,66,+27 MissingAxioms=0,1,8,16,24,26,32,34,40 TotalTime=25.5
Step=97 PrevRays= 34798 ResultRays= 34560 RayPairs= 142485602 NewAxiom=28 PrevAxioms=80,81,82,83,84,85,86,87,88,89,90,91,92,93,94,95,96,97,98,99,100,101,102,103,104,105,7,14,6,15,22,23,48,29,30,38,53,54,56,62,2,18,50,52,70,4,64,65,10,9,72,60,68,12,45,17,74,55,27,73,3,37,46,76,69,77,20,36,31,13,44,61,47,51,49,57,75,63,21,39,33,41,19,25,5,79,11,78,71,58,43,35,67,59,42,66,+28 MissingAxioms=0,1,8,16,24,26,32,34,40 TotalTime=33.2
Step=97 PrevRays= 37430 ResultRays= 34560 RayPairs= 154276596 NewAxiom=29 PrevAxioms=80,81,82,83,84,85,86,87,88,89,90,91,92,93,94,95,96,97,98,99,100,101,102,103,104,105,7,14,6,15,22,23,48,30,38,53,54,56,62,2,18,50,52,70,10,37,4,64,57,49,58,72,20,46,66,42,12,65,28,47,13,60,55,74,78,3,27,73,36,31,79,75,61,5,45,51,59,44,25,68,67,76,39,21,33,17,69,77,63,43,71,11,9,19,35,41,+29 MissingAxioms=0,1,8,16,24,26,32,34,40 TotalTime=26.2
Step=97 PrevRays= 34839 ResultRays= 34560 RayPairs= 125658684 NewAxiom=30 PrevAxioms=80,81,82,83,84,85,86,87,88,89,90,91,92,93,94,95,96,97,98,99,100,101,102,103,104,105,7,14,6,15,22,23,48,29,38,53,54,56,62,2,18,50,52,70,4,72,10,37,58,64,66,12,65,60,68,61,20,69,45,17,63,73,19,44,31,13,35,33,75,77,46,47,36,74,57,28,78,21,42,41,43,3,25,71,67,79,5,39,27,49,11,9,59,51,55,76,+30 MissingAxioms=0,1,8,16,24,26,32,34,40 TotalTime=30.6
Step=97 PrevRays= 35574 ResultRays= 34560 RayPairs= 116591513 NewAxiom=31 PrevAxioms=80,81,82,83,84,85,86,87,88,89,90,91,92,93,94,95,96,97,98,99,100,101,102,103,104,105,7,14,6,15,22,23,48,29,30,38,53,54,56,62,2,18,50,52,70,4,64,65,10,9,72,60,68,12,45,17,74,55,27,73,3,37,46,76,69,77,20,36,47,13,28,44,61,21,39,5,41,75,57,71,19,33,63,79,49,51,11,25,78,58,59,67,35,43,66,42,+31 MissingAxioms=0,1,8,16,24,26,32,34,40 TotalTime=31.2
Step=97 PrevRays= 31482 ResultRays= 34560 RayPairs= 124801542 NewAxiom=33 PrevAxioms=80,81,82,83,84,85,86,87,88,89,90,91,92,93,94,95,96,97,98,99,100,101,102,103,104,105,7,14,6,15,22,23,48,29,30,38,53,54,56,62,2,18,50,52,70,4,64,65,10,9,72,60,68,12,45,17,74,55,27,73,3,37,46,76,69,77,20,36,31,13,44,28,61,47,21,5,51,49,75,57,39,25,41,63,19,11,71,79,78,58,59,67,35,43,42,66,+33 MissingAxioms=0,1,8,16,24,26,32,34,40 TotalTime=24.2
Step=97 PrevRays= 33040 ResultRays= 34560 RayPairs=  99448928 NewAxiom=35 PrevAxioms=80,81,82,83,84,85,86,87,88,89,90,91,92,93,94,95,96,97,98,99,100,101,102,103,104,105,7,14,6,15,22,23,48,29,30,38,53,54,56,62,2,18,50,52,70,4,64,65,10,9,72,60,68,12,45,17,74,55,27,73,3,37,46,76,69,77,20,36,31,13,44,28,61,47,21,5,51,49,75,57,39,25,41,33,63,19,71,11,79,78,58,59,67,43,42,66,+35 MissingAxioms=0,1,8,16,24,26,32,34,40 TotalTime=26.1
Step=97 PrevRays= 34798 ResultRays= 34560 RayPairs= 142485602 NewAxiom=36 PrevAxioms=80,81,82,83,84,85,86,87,88,89,90,91,92,93,94,95,96,97,98,99,100,101,102,103,104,105,7,14,6,15,22,23,48,29,30,38,53,54,56,62,2,18,50,52,70,4,64,65,10,9,72,60,68,12,45,17,74,55,27,73,3,37,46,76,69,77,20,28,47,21,44,61,39,13,31,75,41,49,57,25,51,33,63,19,5,11,71,79,78,58,59,67,43,42,35,66,+36 MissingAxioms=0,1,8,16,24,26,32,34,40 TotalTime=33.8
Step=97 PrevRays= 37430 ResultRays= 34560 RayPairs= 154276596 NewAxiom=37 PrevAxioms=80,81,82,83,84,85,86,87,88,89,90,91,92,93,94,95,96,97,98,99,100,101,102,103,104,105,7,14,6,15,22,23,48,29,30,38,53,54,56,62,2,18,50,52,70,4,64,65,10,9,72,60,68,12,45,17,74,55,27,73,3,20,36,47,21,76,28,39,69,77,61,5,44,46,13,31,51,49,75,57,25,41,63,19,33,71,11,79,78,58,59,67,43,35,42,66,+37 MissingAxioms=0,1,8,16,24,26,32,34,40 TotalTime=31.3
Step=97 PrevRays= 34839 ResultRays= 34560 RayPairs= 125658684 NewAxiom=38 PrevAxioms=80,81,82,83,84,85,86,87,88,89,90,91,92,93,94,95,96,97,98,99,100,101,102,103,104,105,7,14,6,15,22,23,48,29,30,46,53,54,56,62,2,18,50,52,70,4,64,65,10,9,72,60,68,12,45,17,74,55,27,73,3,37,76,20,69,77,36,47,21,13,28,39,61,44,75,49,57,51,25,31,41,5,63,19,33,71,11,79,78,58,59,67,35,43,42,66,+38 MissingAxioms=0,1,8,16,24,26,32,34,40 TotalTime=31.6
Step=97 PrevRays= 35574 ResultRays= 34560 RayPairs= 116591513 NewAxiom=39 PrevAxioms=80,81,82,83,84,85,86,87,88,89,90,91,92,93,94,95,96,97,98,99,100,101,102,103,104,105,7,14,6,15,22,23,48,29,30,38,53,54,56,62,2,18,50,52,70,4,64,65,10,9,72,60,68,12,45,17,74,55,27,73,3,37,46,76,69,77,20,36,31,13,44,28,61,47,21,5,51,49,75,57,25,41,63,19,33,11,71,79,78,58,59,67,43,35,42,66,+39 MissingAxioms=0,1,8,16,24,26,32,34,40 TotalTime=27.1
Step=97 PrevRays= 31320 ResultRays= 34560 RayPairs= 101458175 NewAxiom=41 PrevAxioms=80,81,82,83,84,85,86,87,88,89,90,91,92,93,94,95,96,97,98,99,100,101,102,103,104,105,7,14,6,15,22,23,48,29,30,38,53,54,56,62,2,18,50,52,70,4,64,65,10,9,72,60,68,12,45,17,74,55,27,73,3,37,46,76,69,77,20,36,31,13,44,28,61,47,21,5,51,49,75,57,39,25,33,63,19,11,71,79,78,58,67,43,59,42,35,66,+41 MissingAxioms=0,1,8,16,24,26,32,34,40 TotalTime=23.2
Step=97 PrevRays= 31320 ResultRays= 34560 RayPairs= 101458175 NewAxiom=42 PrevAxioms=80,81,82,83,84,85,86,87,88,89,90,91,92,93,94,95,96,97,98,99,100,101,102,103,104,105,7,14,6,15,22,23,48,29,30,38,53,54,56,62,2,18,50,52,70,4,64,65,10,9,72,60,68,12,45,17,74,55,27,73,3,37,46,76,69,77,20,36,31,13,44,28,61,47,21,5,51,49,75,57,39,25,41,33,63,19,71,11,79,78,58,59,67,35,43,66,+42 MissingAxioms=0,1,8,16,24,26,32,34,40 TotalTime=26.1
Step=97 PrevRays= 36479 ResultRays= 34560 RayPairs= 122945744 NewAxiom=43 PrevAxioms=80,81,82,83,84,85,86,87,88,89,90,91,92,93,94,95,96,97,98,99,100,101,102,103,104,105,7,14,6,15,22,23,48,29,30,38,53,54,56,62,2,18,50,52,70,4,64,65,10,9,72,60,68,12,45,17,74,55,27,73,3,37,46,76,69,77,20,36,31,13,44,28,61,47,21,5,51,49,75,57,39,25,41,33,63,19,71,11,79,78,58,59,67,35,66,42,+43 MissingAxioms=0,1,8,16,24,26,32,34,40 TotalTime=26.1
Step=97 PrevRays= 34548 ResultRays= 34560 RayPairs= 126679770 NewAxiom=44 PrevAxioms=80,81,82,83,84,85,86,87,88,89,90,91,92,93,94,95,96,97,98,99,100,101,102,103,104,105,7,14,6,15,22,23,48,29,30,38,53,54,56,62,2,18,50,52,70,4,64,65,10,9,72,60,68,12,45,17,74,55,27,73,3,37,46,76,69,77,20,36,31,13,28,61,47,5,39,75,49,57,51,25,41,21,33,63,19,71,11,79,78,58,59,67,35,43,42,66,+44 MissingAxioms=0,1,8,16,24,26,32,34,40 TotalTime=30.5
Step=97 PrevRays= 38472 ResultRays= 34560 RayPairs= 177876680 NewAxiom=45 PrevAxioms=80,81,82,83,84,85,86,87,88,89,90,91,92,93,94,95,96,97,98,99,100,101,102,103,104,105,7,14,6,15,22,23,48,29,30,38,53,54,56,62,2,18,50,52,70,4,64,65,10,9,72,60,68,12,61,69,37,74,44,31,39,21,63,51,19,73,58,59,5,77,79,47,13,20,76,66,67,28,46,36,42,71,35,78,75,49,57,55,27,17,33,3,11,43,41,25,+45 MissingAxioms=0,1,8,16,24,26,32,34,40 TotalTime=23.1
Step=97 PrevRays= 38472 ResultRays= 34560 RayPairs= 177876680 NewAxiom=46 PrevAxioms=80,81,82,83,84,85,86,87,88,89,90,91,92,93,94,95,96,97,98,99,100,101,102,103,104,105,7,14,6,15,22,23,48,29,30,38,53,54,56,62,2,18,50,52,70,4,64,65,10,9,72,60,68,12,45,17,74,55,27,73,3,37,76,44,31,39,21,47,5,69,77,28,61,20,41,13,75,36,51,49,57,25,63,19,33,11,71,79,78,58,59,67,43,35,42,66,+46 MissingAxioms=0,1,8,16,24,26,32,34,40 TotalTime=30.4
Step=97 PrevRays= 32365 ResultRays= 34560 RayPairs=  95929408 NewAxiom=47 PrevAxioms=80,81,82,83,84,85,86,87,88,89,90,91,92,93,94,95,96,97,98,99,100,101,102,103,104,105,7,14,6,15,22,23,48,29,30,38,53,54,56,62,2,18,50,52,70,4,64,65,10,9,72,60,68,12,45,17,74,55,27,73,3,37,46,76,69,77,20,36,31,13,44,28,61,5,39,51,49,75,57,21,25,41,63,19,33,71,11,79,78,42,43,35,66,58,67,59,+47 MissingAxioms=0,1,8,16,24,26,32,34,40 TotalTime=24.5
Step=97 PrevRays= 58299 ResultRays= 34560 RayPairs= 329732080 NewAxiom=48 PrevAxioms=80,81,82,83,84,85,86,87,88,89,90,91,92,93,94,95,96,97,98,99,100,101,102,103,104,105,7,14,6,15,22,23,56,30,37,38,53,54,62,64,2,17,18,52,70,4,72,10,58,66,57,12,45,28,39,47,21,67,59,65,5,13,31,60,55,74,78,3,73,61,75,44,76,29,68,69,46,9,20,42,63,11,41,36,33,77,71,19,43,79,35,49,51,27,25,50,+48 MissingAxioms=0,1,8,16,24,26,32,34,40 TotalTime=45.3
Step=97 PrevRays= 41758 ResultRays= 34560 RayPairs= 221494756 NewAxiom=49 PrevAxioms=80,81,82,83,84,85,86,87,88,89,90,91,92,93,94,95,96,97,98,99,100,101,102,103,104,105,7,14,6,15,22,23,48,29,30,38,53,54,56,62,2,18,50,52,70,4,64,65,10,9,72,60,68,12,45,17,74,55,27,73,3,37,46,76,69,77,20,36,31,13,44,28,61,47,21,5,51,75,39,41,25,33,71,11,19,63,57,79,78,66,43,35,42,67,58,59,+49 MissingAxioms=0,1,8,16,24,26,32,34,40 TotalTime=33.0
Step=97 PrevRays= 35922 ResultRays= 34560 RayPairs= 126558890 NewAxiom=50 PrevAxioms=80,81,82,83,84,85,86,87,88,89,90,91,92,93,94,95,96,97,98,99,100,101,102,103,104,105,7,14,6,15,22,23,48,29,30,38,53,54,56,62,2,18,52,70,4,64,10,37,72,58,66,57,17,73,12,60,68,45,55,74,76,78,3,46,49,9,20,28,39,21,75,61,44,36,69,5,59,31,13,33,47,42,63,11,25,35,71,19,79,77,41,43,27,65,67,51,+50 MissingAxioms=0,1,8,16,24,26,32,34,40 TotalTime=24.4
Step=97 PrevRays= 34510 ResultRays= 34560 RayPairs= 111997215 NewAxiom=51 PrevAxioms=80,81,82,83,84,85,86,87,88,89,90,91,92,93,94,95,96,97,98,99,100,101,102,103,104,105,7,14,6,15,22,23,48,29,30,38,53,54,56,62,2,18,50,52,70,4,64,65,10,9,72,60,68,12,45,17,74,55,27,73,3,37,46,76,69,77,20,36,31,13,44,28,61,47,21,5,39,75,41,49,57,25,33,63,19,71,11,78,79,58,43,67,35,59,42,66,+51 MissingAxioms=0,1,8,16,24,26,32,34,40 TotalTime=28.4
Step=97 PrevRays= 41758 ResultRays= 34560 RayPairs= 221494756 NewAxiom=52 PrevAxioms=80,81,82,83,84,85,86,87,88,89,90,91,92,93,94,95,96,97,98,99,100,101,102,103,104,105,7,14,6,15,22,23,48,29,30,38,53,54,56,62,2,18,50,58,60,71,43,4,64,65,11,55,70,61,49,25,20,66,46,63,9,37,75,74,57,36,72,31,5,39,47,13,67,59,51,44,12,78,68,76,21,33,3,19,28,10,45,17,69,27,79,77,42,35,41,73,+52 MissingAxioms=0,1,8,16,24,26,32,34,40 TotalTime=23.4
Step=97 PrevRays= 33142 ResultRays= 34560 RayPairs=  52198272 NewAxiom=53 PrevAxioms=80,81,82,83,84,85,86,87,88,89,90,91,92,93,94,95,96,97,98,99,100,101,102,103,104,105,7,14,6,15,22,23,48,29,30,38,54,56,61,62,2,10,50,52,58,71,43,12,64,65,19,63,69,3,11,68,66,20,45,77,36,76,78,33,28,37,4,72,39,5,44,46,55,73,75,70,21,13,79,47,67,57,49,60,51,31,17,59,18,74,9,27,42,35,41,25,+53 MissingAxioms=0,1,8,16,24,26,32,34,40 TotalTime=15.9
Step=97 PrevRays= 34510 ResultRays= 34560 RayPairs= 111997215 NewAxiom=54 PrevAxioms=80,81,82,83,84,85,86,87,88,89,90,91,92,93,94,95,96,97,98,99,100,101,102,103,104,105,7,14,6,15,22,23,48,29,30,38,53,56,62,69,2,10,18,50,52,63,77,3,4,37,64,65,73,49,57,9,60,61,36,20,74,46,44,75,45,41,17,72,39,5,28,12,68,76,70,31,55,19,21,25,78,11,47,13,33,71,79,27,51,58,59,67,43,35,42,66,+54 MissingAxioms=0,1,8,16,24,26,32,34,40 TotalTime=32.0
Step=97 PrevRays= 33341 ResultRays= 34560 RayPairs= 102416160 NewAxiom=55 PrevAxioms=80,81,82,83,84,85,86,87,88,89,90,91,92,93,94,95,96,97,98,99,100,101,102,103,104,105,7,14,6,15,22,23,48,29,30,38,53,54,56,62,2,18,50,52,70,4,64,65,10,9,72,60,68,12,45,17,74,73,71,11,37,46,76,49,75,77,69,20,36,31,13,44,28,57,61,47,51,21,5,25,41,39,19,63,33,27,3,79,78,58,59,67,35,43,42,66,+55 MissingAxioms=0,1,8,16,24,26,32,34,40 TotalTime=26.9
Step=97 PrevRays= 58299 ResultRays= 34560 RayPairs= 329732080 NewAxiom=56 PrevAxioms=80,81,82,83,84,85,86,87,88,89,90,91,92,93,94,95,96,97,98,99,100,101,102,103,104,105,7,14,6,15,22,23,48,29,30,38,53,54,62,64,2,9,18,52,70,4,72,10,50,65,37,20,42,46,66,73,49,60,55,11,45,74,78,75,61,3,71,21,47,36,39,28,13,12,58,68,44,5,31,76,77,69,41,19,63,25,79,57,33,17,35,43,67,51,59,27,+56 MissingAxioms=0,1,8,16,24,26,32,34,40 TotalTime=70.3
Step=97 PrevRays= 41758 ResultRays= 34560 RayPairs= 221494756 NewAxiom=57 PrevAxioms=80,81,82,83,84,85,86,87,88,89,90,91,92,93,94,95,96,97,98,99,100,101,102,103,104,105,7,14,6,15,22,23,48,29,30,38,53,54,56,62,2,18,50,52,70,4,64,65,10,9,72,60,68,12,45,17,74,55,27,73,3,37,46,76,69,77,20,36,31,13,44,28,61,47,21,5,51,49,75,39,25,41,33,63,19,79,11,71,78,58,67,43,59,35,66,42,+57 MissingAxioms=0,1,8,16,24,26,32,34,40 TotalTime=36.7
Step=97 PrevRays= 35922 ResultRays= 34560 RayPairs= 126558890 NewAxiom=58 PrevAxioms=80,81,82,83,84,85,86,87,88,89,90,91,92,93,94,95,96,97,98,99,100,101,102,103,104,105,7,14,6,15,22,23,48,29,30,38,53,54,56,62,2,18,50,52,70,4,64,65,10,9,72,60,68,12,45,17,74,55,27,73,3,37,46,76,69,77,20,36,31,13,44,28,61,47,21,5,51,49,75,57,39,25,41,33,63,19,71,11,79,78,42,43,35,66,67,59,+58 MissingAxioms=0,1,8,16,24,26,32,34,40 TotalTime=25.4
Step=97 PrevRays= 34510 ResultRays= 34560 RayPairs= 111997215 NewAxiom=59 PrevAxioms=80,81,82,83,84,85,86,87,88,89,90,91,92,93,94,95,96,97,98,99,100,101,102,103,104,105,7,14,6,15,22,23,48,29,30,38,53,54,56,62,2,18,50,52,70,4,64,65,10,9,72,60,68,12,45,17,74,55,27,73,3,37,46,76,69,77,20,36,31,13,44,28,61,47,21,5,51,49,75,57,39,25,41,33,63,19,71,11,79,78,58,43,35,67,42,66,+59 MissingAxioms=0,1,8,16,24,26,32,34,40 TotalTime=29.4
Step=97 PrevRays= 41758 ResultRays= 34560 RayPairs= 221494756 NewAxiom=60 PrevAxioms=80,81,82,83,84,85,86,87,88,89,90,91,92,93,94,95,96,97,98,99,100,101,102,103,104,105,7,14,6,15,22,23,48,29,30,38,53,54,56,62,2,18,50,52,70,4,64,65,10,9,72,68,12,45,55,27,17,73,37,11,76,46,25,74,75,77,69,20,28,39,5,44,36,33,71,21,3,63,19,61,41,31,13,51,47,49,57,79,78,58,59,67,35,43,66,42,+60 MissingAxioms=0,1,8,16,24,26,32,34,40 TotalTime=37.1
Step=97 PrevRays= 33142 ResultRays= 34560 RayPairs=  52198272 NewAxiom=61 PrevAxioms=80,81,82,83,84,85,86,87,88,89,90,91,92,93,94,95,96,97,98,99,100,101,102,103,104,105,7,14,6,15,22,23,48,29,30,38,53,54,56,62,2,18,50,52,70,4,64,65,10,9,72,60,68,12,45,17,74,55,27,73,3,37,46,76,69,77,20,36,31,13,44,28,47,75,51,63,49,57,21,39,33,41,19,5,25,71,11,79,78,58,59,67,35,43,42,66,+61 MissingAxioms=0,1,8,16,24,26,32,34,40 TotalTime=30.1
Step=97 PrevRays= 34510 ResultRays= 34560 RayPairs= 111997215 NewAxiom=62 PrevAxioms=80,81,82,83,84,85,86,87,88,89,90,91,92,93,94,95,96,97,98,99,100,101,102,103,104,105,7,14,6,15,22,23,48,29,30,38,53,54,56,70,2,18,50,52,4,64,65,10,9,72,61,60,68,12,45,17,73,37,55,27,74,11,46,25,75,76,20,44,31,5,77,69,36,28,33,21,39,13,51,47,41,3,71,19,63,49,79,78,57,66,43,35,58,67,59,42,+62 MissingAxioms=0,1,8,16,24,26,32,34,40 TotalTime=28.6
Step=97 PrevRays= 33341 ResultRays= 34560 RayPairs= 102416160 NewAxiom=63 PrevAxioms=80,81,82,83,84,85,86,87,88,89,90,91,92,93,94,95,96,97,98,99,100,101,102,103,104,105,7,14,6,15,22,23,48,29,30,38,53,54,56,62,2,18,50,52,70,4,64,65,10,9,72,60,68,12,45,17,74,55,27,73,3,37,46,76,69,77,20,36,31,13,44,28,61,47,21,5,51,49,75,57,39,25,41,33,19,71,11,79,78,58,67,59,43,35,42,66,+63 MissingAxioms=0,1,8,16,24,26,32,34,40 TotalTime=25.6
Step=97 PrevRays= 48313 ResultRays= 34560 RayPairs= 289776654 NewAxiom=64 PrevAxioms=80,81,82,83,84,85,86,87,88,89,90,91,92,93,94,95,96,97,98,99,100,101,102,103,104,105,7,14,6,15,22,23,48,29,30,38,53,54,56,62,2,18,50,52,70,4,72,10,37,58,73,49,20,46,57,45,60,55,11,68,76,78,77,79,74,75,61,36,47,13,39,44,69,28,31,25,12,21,3,5,33,63,19,71,9,17,65,41,66,42,27,43,35,67,51,59,+64 MissingAxioms=0,1,8,16,24,26,32,34,40 TotalTime=51.1
Step=97 PrevRays= 42795 ResultRays= 34560 RayPairs= 243056942 NewAxiom=65 PrevAxioms=80,81,82,83,84,85,86,87,88,89,90,91,92,93,94,95,96,97,98,99,100,101,102,103,104,105,7,14,6,15,22,23,48,29,30,38,53,54,56,62,2,18,50,52,70,4,64,10,37,72,58,66,57,49,20,46,42,60,55,74,78,11,45,73,17,61,75,36,47,21,39,44,28,13,5,12,9,33,71,3,19,68,31,76,77,69,41,63,25,79,27,43,35,59,67,51,+65 MissingAxioms=0,1,8,16,24,26,32,34,40 TotalTime=33.7
Step=97 PrevRays= 42795 ResultRays= 34560 RayPairs= 243056942 NewAxiom=66 PrevAxioms=80,81,82,83,84,85,86,87,88,89,90,91,92,93,94,95,96,97,98,99,100,101,102,103,104,105,7,14,6,15,22,23,48,29,30,38,53,54,56,62,2,18,50,52,70,4,64,65,10,9,72,60,68,12,45,17,74,55,27,73,3,37,46,76,69,77,20,36,31,13,44,28,61,47,21,5,51,49,75,57,39,25,41,33,63,19,71,11,79,78,58,59,67,35,43,42,+66 MissingAxioms=0,1,8,16,24,26,32,34,40 TotalTime=28.5
Step=97 PrevRays= 33471 ResultRays= 34560 RayPairs=  80309328 NewAxiom=67 PrevAxioms=80,81,82,83,84,85,86,87,88,89,90,91,92,93,94,95,96,97,98,99,100,101,102,103,104,105,7,14,6,15,22,23,48,29,30,38,53,54,56,62,2,18,50,52,70,4,64,65,10,9,72,60,68,12,45,17,74,55,27,73,3,37,46,76,69,77,20,36,31,13,44,28,61,47,21,5,51,49,75,57,39,25,41,33,63,19,71,11,79,78,58,59,35,43,42,66,+67 MissingAxioms=0,1,8,16,24,26,32,34,40 TotalTime=28.0
Step=97 PrevRays= 42795 ResultRays= 34560 RayPairs= 243056942 NewAxiom=68 PrevAxioms=80,81,82,83,84,85,86,87,88,89,90,91,92,93,94,95,96,97,98,99,100,101,102,103,104,105,7,14,6,15,22,23,48,29,30,38,53,54,56,62,2,18,50,52,70,4,64,65,10,9,72,60,12,45,55,27,17,73,74,3,37,46,76,20,61,28,39,21,44,36,79,63,5,11,71,13,47,77,69,41,31,51,25,19,75,33,49,57,78,66,58,59,67,43,42,35,+68 MissingAxioms=0,1,8,16,24,26,32,34,40 TotalTime=36.6
Step=97 PrevRays= 33471 ResultRays= 34560 RayPairs=  80309328 NewAxiom=69 PrevAxioms=80,81,82,83,84,85,86,87,88,89,90,91,92,93,94,95,96,97,98,99,100,101,102,103,104,105,7,14,6,15,22,23,48,29,30,38,53,54,56,62,2,18,50,52,70,4,64,65,10,9,72,60,68,12,45,17,74,55,27,73,3,37,46,76,77,20,36,31,13,44,28,61,47,21,5,51,49,57,75,25,39,41,33,19,63,71,11,79,78,58,59,67,43,35,42,66,+69 MissingAxioms=0,1,8,16,24,26,32,34,40 TotalTime=28.2
Step=97 PrevRays= 33471 ResultRays= 34560 RayPairs=  80309328 NewAxiom=70 PrevAxioms=80,81,82,83,84,85,86,87,88,89,90,91,92,93,94,95,96,97,98,99,100,101,102,103,104,105,7,14,6,15,22,23,48,29,30,38,53,54,56,62,2,18,50,52,4,64,65,10,9,72,69,68,60,12,45,17,74,73,71,19,20,76,77,49,75,36,47,21,37,39,57,61,28,33,63,3,44,41,46,31,78,5,13,25,11,55,79,27,51,58,59,67,43,35,66,42,+70 MissingAxioms=0,1,8,16,24,26,32,34,40 TotalTime=30.9
Step=97 PrevRays= 31502 ResultRays= 34560 RayPairs= 111931968 NewAxiom=71 PrevAxioms=80,81,82,83,84,85,86,87,88,89,90,91,92,93,94,95,96,97,98,99,100,101,102,103,104,105,7,14,6,15,22,23,48,29,30,38,53,54,56,62,2,18,50,52,70,4,64,65,10,9,72,60,68,12,45,17,74,55,27,73,3,37,46,76,69,77,20,36,31,13,44,28,61,47,21,5,51,49,75,57,39,25,41,33,63,19,79,11,78,58,59,67,35,43,42,66,+71 MissingAxioms=0,1,8,16,24,26,32,34,40 TotalTime=26.4
Step=97 PrevRays= 58299 ResultRays= 34560 RayPairs= 329732080 NewAxiom=72 PrevAxioms=80,81,82,83,84,85,86,87,88,89,90,91,92,93,94,95,96,97,98,99,100,101,102,103,104,105,7,14,6,15,22,23,48,29,30,38,53,54,56,62,2,18,50,52,70,4,64,65,10,9,60,55,27,42,20,46,66,74,78,58,3,37,45,73,12,17,28,44,47,13,61,79,67,36,31,51,59,49,5,68,63,69,75,39,71,11,43,57,33,25,21,19,35,77,41,76,+72 MissingAxioms=0,1,8,16,24,26,32,34,40 TotalTime=72.4
Step=97 PrevRays= 41758 ResultRays= 34560 RayPairs= 221494756 NewAxiom=73 PrevAxioms=80,81,82,83,84,85,86,87,88,89,90,91,92,93,94,95,96,97,98,99,100,101,102,103,104,105,7,14,6,15,22,23,48,29,30,38,53,54,56,62,2,18,50,52,70,4,64,65,10,9,72,60,68,12,45,17,74,55,27,76,3,37,46,69,77,20,36,31,13,44,28,61,47,51,49,75,25,57,63,21,39,5,19,41,33,79,11,71,78,58,59,67,43,35,42,66,+73 MissingAxioms=0,1,8,16,24,26,32,34,40 TotalTime=38.0
Step=97 PrevRays= 41758 ResultRays= 34560 RayPairs= 221494756 NewAxiom=74 PrevAxioms=80,81,82,83,84,85,86,87,88,89,90,91,92,93,94,95,96,97,98,99,100,101,102,103,104,105,7,14,6,15,22,23,48,29,30,38,53,54,56,62,2,18,50,52,70,4,64,65,10,9,72,60,68,12,45,17,73,55,27,37,11,76,46,25,75,77,69,20,44,31,5,28,36,61,33,13,57,49,21,39,51,47,41,3,63,19,71,79,78,58,59,67,35,66,43,42,+74 MissingAxioms=0,1,8,16,24,26,32,34,40 TotalTime=31.7
Step=97 PrevRays= 33142 ResultRays= 34560 RayPairs=  52198272 NewAxiom=75 PrevAxioms=80,81,82,83,84,85,86,87,88,89,90,91,92,93,94,95,96,97,98,99,100,101,102,103,104,105,7,14,6,15,22,23,48,29,30,38,53,54,56,62,2,18,50,52,70,4,64,65,10,9,72,60,68,12,45,17,74,55,27,73,3,37,46,76,69,77,20,36,31,13,44,28,61,47,21,5,51,49,57,39,63,33,19,41,79,25,11,71,78,58,43,35,67,59,42,66,+75 MissingAxioms=0,1,8,16,24,26,32,34,40 TotalTime=27.9
Step=97 PrevRays= 35922 ResultRays= 34560 RayPairs= 126558890 NewAxiom=76 PrevAxioms=80,81,82,83,84,85,86,87,88,89,90,91,92,93,94,95,96,97,98,99,100,101,102,103,104,105,7,14,6,15,22,23,48,29,30,38,53,54,56,62,2,18,50,52,70,4,64,65,10,9,72,60,68,12,45,17,74,55,27,73,3,37,46,69,77,20,36,31,13,44,28,61,47,51,49,75,57,41,25,21,5,39,33,63,19,71,11,79,78,35,59,58,67,43,42,66,+76 MissingAxioms=0,1,8,16,24,26,32,34,40 TotalTime=30.1
Step=97 PrevRays= 34510 ResultRays= 34560 RayPairs= 111997215 NewAxiom=77 PrevAxioms=80,81,82,83,84,85,86,87,88,89,90,91,92,93,94,95,96,97,98,99,100,101,102,103,104,105,7,14,6,15,22,23,48,29,30,38,53,54,56,62,2,18,50,52,70,4,64,65,10,9,72,60,68,12,45,17,74,55,27,73,3,37,46,76,69,20,44,31,5,36,28,61,39,79,13,47,63,51,49,21,75,57,33,19,41,25,11,71,78,58,59,67,35,43,42,66,+77 MissingAxioms=0,1,8,16,24,26,32,34,40 TotalTime=27.8
Step=97 PrevRays= 34510 ResultRays= 34560 RayPairs= 111997215 NewAxiom=78 PrevAxioms=80,81,82,83,84,85,86,87,88,89,90,91,92,93,94,95,96,97,98,99,100,101,102,103,104,105,7,14,6,15,22,23,48,29,30,38,53,54,56,62,2,18,50,52,70,4,64,65,10,9,72,60,68,12,45,17,74,55,27,73,3,37,46,76,69,77,20,36,31,13,44,28,61,47,21,5,51,49,75,57,39,25,41,33,63,19,71,11,79,35,59,43,67,66,58,42,+78 MissingAxioms=0,1,8,16,24,26,32,34,40 TotalTime=26.4
Step=97 PrevRays= 33341 ResultRays= 34560 RayPairs= 102416160 NewAxiom=79 PrevAxioms=80,81,82,83,84,85,86,87,88,89,90,91,92,93,94,95,96,97,98,99,100,101,102,103,104,105,7,14,6,15,22,23,48,29,30,38,53,54,56,62,2,18,50,52,70,4,64,65,10,9,72,60,68,12,45,17,74,55,27,73,3,37,46,76,69,77,20,36,31,13,44,28,61,47,21,5,51,49,75,57,39,25,41,33,63,19,71,11,78,58,59,67,43,35,42,66,+79 MissingAxioms=0,1,8,16,24,26,32,34,40 TotalTime=28.2

Ordered by number of ray pairs:
Step=97 #####......................... (min) Axiom53 04(1,3) - g2 f(0,1,3) + f(1,3,4) >= f(1,3) + f(0,1,2,3,4)
Step=97 #####......................... (min) Axiom61 14(0,3) - g2 f(0,1,3) + f(0,3,4) >= f(0,3) + f(0,1,2,3,4)
Step=97 #####......................... (min) Axiom75 34(0,1) - g2 f(0,1,3) + f(0,1,4) >= f(0,1) + f(0,1,2,3,4)
Step=97 #######....................... Axiom67 24(0,1) - g2 f(0,1,2) + f(0,1,4) >= f(0,1) + f(0,1,2,3,4)
Step=97 #######....................... Axiom69 24(0,3) - g2 f(0,2,3) + f(0,3,4) >= f(0,3) + f(0,1,2,3,4)
Step=97 #######....................... Axiom70 24(1,3) - g2 f(1,2,3) + f(1,3,4) >= f(1,3) + f(0,1,2,3,4)
Step=97 #########..................... Axiom15 02(1,3,4) - g3 f(0,1,2,3,4) >= f(1,3,4)
Step=97 #########..................... Axiom23 12(0,3,4) - g3 f(0,1,2,3,4) >= f(0,3,4)
Step=97 #########..................... Axiom47 23(0,1,4) - g3 f(0,1,2,3,4) >= f(0,1,4)
Step=97 #########..................... Axiom3 01(2,3) - g2 f(0,2,3) + f(1,2,3) >= f(2,3) + f(0,1,2,3,4)
Step=97 #########..................... Axiom27 03(1,2) - g2 f(0,1,2) + f(1,2,3) >= f(1,2) + f(0,1,2,3,4)
Step=97 #########..................... Axiom35 13(0,2) - g2 f(0,1,2) + f(0,2,3) >= f(0,2) + f(0,1,2,3,4)
Step=97 #########..................... Axiom9 02(1) - g1 f(0,1) + f(1,2) >= f(1) + f(0,1,2)
Step=97 #########..................... Axiom10 02(3) - g1 f(0,3) + f(2,3) >= f(3) + f(0,2,3)
Step=97 #########..................... Axiom17 12(0) - g1 f(0,1) + f(0,2) >= f(0) + f(0,1,2)
Step=97 #########..................... Axiom18 12(3) - g1 f(1,3) + f(2,3) >= f(3) + f(1,2,3)
Step=97 #########..................... Axiom41 23(0) - g1 f(0,2) + f(0,3) >= f(0) + f(0,2,3)
Step=97 #########..................... Axiom42 23(1) - g1 f(1,2) + f(1,3) >= f(1) + f(1,2,3)
Step=97 #########..................... Axiom55 04(1,2,3) - g3 f(0,1,2,3,4) >= f(1,2,3)
Step=97 #########..................... Axiom63 14(0,2,3) - g3 f(0,1,2,3,4) >= f(0,2,3)
Step=97 #########..................... Axiom79 34(0,1,2) - g3 f(0,1,2,3,4) >= f(0,1,2)
Step=97 ##########.................... Axiom71 24(0,1,3) - g3 f(0,1,2,3,4) >= f(0,1,3)
Step=97 ##########.................... Axiom51 04(1,2) - g2 f(0,1,2) + f(1,2,4) >= f(1,2) + f(0,1,2,3,4)
Step=97 ##########.................... Axiom54 04(2,3) - g2 f(0,2,3) + f(2,3,4) >= f(2,3) + f(0,1,2,3,4)
Step=97 ##########.................... Axiom59 14(0,2) - g2 f(0,1,2) + f(0,2,4) >= f(0,2) + f(0,1,2,3,4)
Step=97 ##########.................... Axiom62 14(2,3) - g2 f(1,2,3) + f(2,3,4) >= f(2,3) + f(0,1,2,3,4)
Step=97 ##########.................... Axiom77 34(0,2) - g2 f(0,2,3) + f(0,2,4) >= f(0,2) + f(0,1,2,3,4)
Step=97 ##########.................... Axiom78 34(1,2) - g2 f(1,2,3) + f(1,2,4) >= f(1,2) + f(0,1,2,3,4)
Step=97 ###########................... Axiom7 01(2,3,4) - g3 f(0,1,2,3,4) >= f(2,3,4)
Step=97 ###########................... Axiom31 03(1,2,4) - g3 f(0,1,2,3,4) >= f(1,2,4)
Step=97 ###########................... Axiom39 13(0,2,4) - g3 f(0,1,2,3,4) >= f(0,2,4)
Step=97 ###########................... Axiom11 02(1,3) - g2 f(0,1,3) + f(1,2,3) >= f(1,3) + f(0,1,2,3,4)
Step=97 ###########................... Axiom19 12(0,3) - g2 f(0,1,3) + f(0,2,3) >= f(0,3) + f(0,1,2,3,4)
Step=97 ###########................... Axiom43 23(0,1) - g2 f(0,1,2) + f(0,1,3) >= f(0,1) + f(0,1,2,3,4)
Step=97 ###########................... Axiom2 01(3) - g1 f(0,3) + f(1,3) >= f(3) + f(0,1,3)
Step=97 ###########................... Axiom25 03(1) - g1 f(0,1) + f(1,3) >= f(1) + f(0,1,3)
Step=97 ###########................... Axiom33 13(0) - g1 f(0,1) + f(0,3) >= f(0) + f(0,1,3)
Step=97 ###########................... Axiom5 01(2,4) - g2 f(0,2,4) + f(1,2,4) >= f(0,1,2,3,4) + f(2,4)
Step=97 ###########................... Axiom30 03(2,4) - g2 f(0,2,4) + f(2,3,4) >= f(0,1,2,3,4) + f(2,4)
Step=97 ###########................... Axiom38 13(2,4) - g2 f(1,2,4) + f(2,3,4) >= f(0,1,2,3,4) + f(2,4)
Step=97 ############.................. Axiom50 04(2) - g1 f(0,2) + f(2,4) >= f(2) + f(0,2,4)
Step=97 ############.................. Axiom58 14(2) - g1 f(1,2) + f(2,4) >= f(2) + f(1,2,4)
Step=97 ############.................. Axiom76 34(2) - g1 f(2,3) + f(2,4) >= f(2) + f(2,3,4)
Step=97 ############.................. Axiom12 02(4) - g1 f(0,4) + f(2,4) >= f(4) + f(0,2,4)
Step=97 ############.................. Axiom20 12(4) - g1 f(1,4) + f(2,4) >= f(4) + f(1,2,4)
Step=97 ############.................. Axiom44 23(4) - g1 f(2,4) + f(3,4) >= f(4) + f(2,3,4)
Step=97 #############................. Axiom4 01(4) - g1 f(0,4) + f(1,4) >= f(4) + f(0,1,4)
Step=97 #############................. Axiom28 03(4) - g1 f(0,4) + f(3,4) >= f(4) + f(0,3,4)
Step=97 #############................. Axiom36 13(4) - g1 f(1,4) + f(3,4) >= f(4) + f(1,3,4)
Step=97 ##############................ Axiom6 01(3,4) - g2 f(0,3,4) + f(1,3,4) >= f(0,1,2,3,4) + f(3,4)
Step=97 ##############................ Axiom29 03(1,4) - g2 f(0,1,4) + f(1,3,4) >= f(0,1,2,3,4) + f(1,4)
Step=97 ##############................ Axiom37 13(0,4) - g2 f(0,1,4) + f(0,3,4) >= f(0,1,2,3,4) + f(0,4)
Step=97 ################.............. Axiom13 02(1,4) - g2 f(0,1,4) + f(1,2,4) >= f(0,1,2,3,4) + f(1,4)
Step=97 ################.............. Axiom14 02(3,4) - g2 f(0,3,4) + f(2,3,4) >= f(0,1,2,3,4) + f(3,4)
Step=97 ################.............. Axiom21 12(0,4) - g2 f(0,1,4) + f(0,2,4) >= f(0,1,2,3,4) + f(0,4)
Step=97 ################.............. Axiom22 12(3,4) - g2 f(1,3,4) + f(2,3,4) >= f(0,1,2,3,4) + f(3,4)
Step=97 ################.............. Axiom45 23(0,4) - g2 f(0,2,4) + f(0,3,4) >= f(0,1,2,3,4) + f(0,4)
Step=97 ################.............. Axiom46 23(1,4) - g2 f(1,2,4) + f(1,3,4) >= f(0,1,2,3,4) + f(1,4)
Step=97 ####################.......... Axiom49 04(1) - g1 f(0,1) + f(1,4) >= f(1) + f(0,1,4)
Step=97 ####################.......... Axiom52 04(3) - g1 f(0,3) + f(3,4) >= f(3) + f(0,3,4)
Step=97 ####################.......... Axiom57 14(0) - g1 f(0,1) + f(0,4) >= f(0) + f(0,1,4)
Step=97 ####################.......... Axiom60 14(3) - g1 f(1,3) + f(3,4) >= f(3) + f(1,3,4)
Step=97 ####################.......... Axiom73 34(0) - g1 f(0,3) + f(0,4) >= f(0) + f(0,3,4)
Step=97 ####################.......... Axiom74 34(1) - g1 f(1,3) + f(1,4) >= f(1) + f(1,3,4)
Step=97 ######################........ Axiom65 24(0) - g1 f(0,2) + f(0,4) >= f(0) + f(0,2,4)
Step=97 ######################........ Axiom66 24(1) - g1 f(1,2) + f(1,4) >= f(1) + f(1,2,4)
Step=97 ######################........ Axiom68 24(3) - g1 f(2,3) + f(3,4) >= f(3) + f(2,3,4)
Step=97 ##########################.... Axiom64 24() - g0 f(2) + f(4) >= f(2,4)
Step=97 ############################## Axiom48 04() - g0 f(0) + f(4) >= f(0,4)
Step=97 ############################## Axiom56 14() - g0 f(1) + f(4) >= f(1,4)
Step=97 ############################## Axiom72 34() - g0 f(3) + f(4) >= f(3,4)

Ordered by number of previous rays:
Step=97 $$$$$$$$$$$$$$$$.............. (min) Axiom9 02(1) - g1 f(0,1) + f(1,2) >= f(1) + f(0,1,2)
Step=97 $$$$$$$$$$$$$$$$.............. (min) Axiom10 02(3) - g1 f(0,3) + f(2,3) >= f(3) + f(0,2,3)
Step=97 $$$$$$$$$$$$$$$$.............. (min) Axiom17 12(0) - g1 f(0,1) + f(0,2) >= f(0) + f(0,1,2)
Step=97 $$$$$$$$$$$$$$$$.............. (min) Axiom18 12(3) - g1 f(1,3) + f(2,3) >= f(3) + f(1,2,3)
Step=97 $$$$$$$$$$$$$$$$.............. (min) Axiom41 23(0) - g1 f(0,2) + f(0,3) >= f(0) + f(0,2,3)
Step=97 $$$$$$$$$$$$$$$$.............. (min) Axiom42 23(1) - g1 f(1,2) + f(1,3) >= f(1) + f(1,2,3)
Step=97 $$$$$$$$$$$$$$$$.............. Axiom2 01(3) - g1 f(0,3) + f(1,3) >= f(3) + f(0,1,3)
Step=97 $$$$$$$$$$$$$$$$.............. Axiom25 03(1) - g1 f(0,1) + f(1,3) >= f(1) + f(0,1,3)
Step=97 $$$$$$$$$$$$$$$$.............. Axiom33 13(0) - g1 f(0,1) + f(0,3) >= f(0) + f(0,1,3)
Step=97 $$$$$$$$$$$$$$$$.............. Axiom71 24(0,1,3) - g3 f(0,1,2,3,4) >= f(0,1,3)
Step=97 $$$$$$$$$$$$$$$$$............. Axiom15 02(1,3,4) - g3 f(0,1,2,3,4) >= f(1,3,4)
Step=97 $$$$$$$$$$$$$$$$$............. Axiom23 12(0,3,4) - g3 f(0,1,2,3,4) >= f(0,3,4)
Step=97 $$$$$$$$$$$$$$$$$............. Axiom47 23(0,1,4) - g3 f(0,1,2,3,4) >= f(0,1,4)
Step=97 $$$$$$$$$$$$$$$$$............. Axiom3 01(2,3) - g2 f(0,2,3) + f(1,2,3) >= f(2,3) + f(0,1,2,3,4)
Step=97 $$$$$$$$$$$$$$$$$............. Axiom27 03(1,2) - g2 f(0,1,2) + f(1,2,3) >= f(1,2) + f(0,1,2,3,4)
Step=97 $$$$$$$$$$$$$$$$$............. Axiom35 13(0,2) - g2 f(0,1,2) + f(0,2,3) >= f(0,2) + f(0,1,2,3,4)
Step=97 $$$$$$$$$$$$$$$$$............. Axiom53 04(1,3) - g2 f(0,1,3) + f(1,3,4) >= f(1,3) + f(0,1,2,3,4)
Step=97 $$$$$$$$$$$$$$$$$............. Axiom61 14(0,3) - g2 f(0,1,3) + f(0,3,4) >= f(0,3) + f(0,1,2,3,4)
Step=97 $$$$$$$$$$$$$$$$$............. Axiom75 34(0,1) - g2 f(0,1,3) + f(0,1,4) >= f(0,1) + f(0,1,2,3,4)
Step=97 $$$$$$$$$$$$$$$$$............. Axiom55 04(1,2,3) - g3 f(0,1,2,3,4) >= f(1,2,3)
Step=97 $$$$$$$$$$$$$$$$$............. Axiom63 14(0,2,3) - g3 f(0,1,2,3,4) >= f(0,2,3)
Step=97 $$$$$$$$$$$$$$$$$............. Axiom79 34(0,1,2) - g3 f(0,1,2,3,4) >= f(0,1,2)
Step=97 $$$$$$$$$$$$$$$$$............. Axiom67 24(0,1) - g2 f(0,1,2) + f(0,1,4) >= f(0,1) + f(0,1,2,3,4)
Step=97 $$$$$$$$$$$$$$$$$............. Axiom69 24(0,3) - g2 f(0,2,3) + f(0,3,4) >= f(0,3) + f(0,1,2,3,4)
Step=97 $$$$$$$$$$$$$$$$$............. Axiom70 24(1,3) - g2 f(1,2,3) + f(1,3,4) >= f(1,3) + f(0,1,2,3,4)
Step=97 $$$$$$$$$$$$$$$$$$............ Axiom51 04(1,2) - g2 f(0,1,2) + f(1,2,4) >= f(1,2) + f(0,1,2,3,4)
Step=97 $$$$$$$$$$$$$$$$$$............ Axiom54 04(2,3) - g2 f(0,2,3) + f(2,3,4) >= f(2,3) + f(0,1,2,3,4)
Step=97 $$$$$$$$$$$$$$$$$$............ Axiom59 14(0,2) - g2 f(0,1,2) + f(0,2,4) >= f(0,2) + f(0,1,2,3,4)
Step=97 $$$$$$$$$$$$$$$$$$............ Axiom62 14(2,3) - g2 f(1,2,3) + f(2,3,4) >= f(2,3) + f(0,1,2,3,4)
Step=97 $$$$$$$$$$$$$$$$$$............ Axiom77 34(0,2) - g2 f(0,2,3) + f(0,2,4) >= f(0,2) + f(0,1,2,3,4)
Step=97 $$$$$$$$$$$$$$$$$$............ Axiom78 34(1,2) - g2 f(1,2,3) + f(1,2,4) >= f(1,2) + f(0,1,2,3,4)
Step=97 $$$$$$$$$$$$$$$$$$............ Axiom12 02(4) - g1 f(0,4) + f(2,4) >= f(4) + f(0,2,4)
Step=97 $$$$$$$$$$$$$$$$$$............ Axiom20 12(4) - g1 f(1,4) + f(2,4) >= f(4) + f(1,2,4)
Step=97 $$$$$$$$$$$$$$$$$$............ Axiom44 23(4) - g1 f(2,4) + f(3,4) >= f(4) + f(2,3,4)
Step=97 $$$$$$$$$$$$$$$$$$............ Axiom4 01(4) - g1 f(0,4) + f(1,4) >= f(4) + f(0,1,4)
Step=97 $$$$$$$$$$$$$$$$$$............ Axiom28 03(4) - g1 f(0,4) + f(3,4) >= f(4) + f(0,3,4)
Step=97 $$$$$$$$$$$$$$$$$$............ Axiom36 13(4) - g1 f(1,4) + f(3,4) >= f(4) + f(1,3,4)
Step=97 $$$$$$$$$$$$$$$$$$............ Axiom5 01(2,4) - g2 f(0,2,4) + f(1,2,4) >= f(0,1,2,3,4) + f(2,4)
Step=97 $$$$$$$$$$$$$$$$$$............ Axiom30 03(2,4) - g2 f(0,2,4) + f(2,3,4) >= f(0,1,2,3,4) + f(2,4)
Step=97 $$$$$$$$$$$$$$$$$$............ Axiom38 13(2,4) - g2 f(1,2,4) + f(2,3,4) >= f(0,1,2,3,4) + f(2,4)
Step=97 $$$$$$$$$$$$$$$$$$............ Axiom7 01(2,3,4) - g3 f(0,1,2,3,4) >= f(2,3,4)
Step=97 $$$$$$$$$$$$$$$$$$............ Axiom31 03(1,2,4) - g3 f(0,1,2,3,4) >= f(1,2,4)
Step=97 $$$$$$$$$$$$$$$$$$............ Axiom39 13(0,2,4) - g3 f(0,1,2,3,4) >= f(0,2,4)
Step=97 $$$$$$$$$$$$$$$$$$............ Axiom50 04(2) - g1 f(0,2) + f(2,4) >= f(2) + f(0,2,4)
Step=97 $$$$$$$$$$$$$$$$$$............ Axiom58 14(2) - g1 f(1,2) + f(2,4) >= f(2) + f(1,2,4)
Step=97 $$$$$$$$$$$$$$$$$$............ Axiom76 34(2) - g1 f(2,3) + f(2,4) >= f(2) + f(2,3,4)
Step=97 $$$$$$$$$$$$$$$$$$$........... Axiom11 02(1,3) - g2 f(0,1,3) + f(1,2,3) >= f(1,3) + f(0,1,2,3,4)
Step=97 $$$$$$$$$$$$$$$$$$$........... Axiom19 12(0,3) - g2 f(0,1,3) + f(0,2,3) >= f(0,3) + f(0,1,2,3,4)
Step=97 $$$$$$$$$$$$$$$$$$$........... Axiom43 23(0,1) - g2 f(0,1,2) + f(0,1,3) >= f(0,1) + f(0,1,2,3,4)
Step=97 $$$$$$$$$$$$$$$$$$$........... Axiom6 01(3,4) - g2 f(0,3,4) + f(1,3,4) >= f(0,1,2,3,4) + f(3,4)
Step=97 $$$$$$$$$$$$$$$$$$$........... Axiom29 03(1,4) - g2 f(0,1,4) + f(1,3,4) >= f(0,1,2,3,4) + f(1,4)
Step=97 $$$$$$$$$$$$$$$$$$$........... Axiom37 13(0,4) - g2 f(0,1,4) + f(0,3,4) >= f(0,1,2,3,4) + f(0,4)
Step=97 $$$$$$$$$$$$$$$$$$$$.......... Axiom13 02(1,4) - g2 f(0,1,4) + f(1,2,4) >= f(0,1,2,3,4) + f(1,4)
Step=97 $$$$$$$$$$$$$$$$$$$$.......... Axiom14 02(3,4) - g2 f(0,3,4) + f(2,3,4) >= f(0,1,2,3,4) + f(3,4)
Step=97 $$$$$$$$$$$$$$$$$$$$.......... Axiom21 12(0,4) - g2 f(0,1,4) + f(0,2,4) >= f(0,1,2,3,4) + f(0,4)
Step=97 $$$$$$$$$$$$$$$$$$$$.......... Axiom22 12(3,4) - g2 f(1,3,4) + f(2,3,4) >= f(0,1,2,3,4) + f(3,4)
Step=97 $$$$$$$$$$$$$$$$$$$$.......... Axiom45 23(0,4) - g2 f(0,2,4) + f(0,3,4) >= f(0,1,2,3,4) + f(0,4)
Step=97 $$$$$$$$$$$$$$$$$$$$.......... Axiom46 23(1,4) - g2 f(1,2,4) + f(1,3,4) >= f(0,1,2,3,4) + f(1,4)
Step=97 $$$$$$$$$$$$$$$$$$$$$......... Axiom49 04(1) - g1 f(0,1) + f(1,4) >= f(1) + f(0,1,4)
Step=97 $$$$$$$$$$$$$$$$$$$$$......... Axiom52 04(3) - g1 f(0,3) + f(3,4) >= f(3) + f(0,3,4)
Step=97 $$$$$$$$$$$$$$$$$$$$$......... Axiom57 14(0) - g1 f(0,1) + f(0,4) >= f(0) + f(0,1,4)
Step=97 $$$$$$$$$$$$$$$$$$$$$......... Axiom60 14(3) - g1 f(1,3) + f(3,4) >= f(3) + f(1,3,4)
Step=97 $$$$$$$$$$$$$$$$$$$$$......... Axiom73 34(0) - g1 f(0,3) + f(0,4) >= f(0) + f(0,3,4)
Step=97 $$$$$$$$$$$$$$$$$$$$$......... Axiom74 34(1) - g1 f(1,3) + f(1,4) >= f(1) + f(1,3,4)
Step=97 $$$$$$$$$$$$$$$$$$$$$$........ Axiom65 24(0) - g1 f(0,2) + f(0,4) >= f(0) + f(0,2,4)
Step=97 $$$$$$$$$$$$$$$$$$$$$$........ Axiom66 24(1) - g1 f(1,2) + f(1,4) >= f(1) + f(1,2,4)
Step=97 $$$$$$$$$$$$$$$$$$$$$$........ Axiom68 24(3) - g1 f(2,3) + f(3,4) >= f(3) + f(2,3,4)
Step=97 $$$$$$$$$$$$$$$$$$$$$$$$$..... Axiom64 24() - g0 f(2) + f(4) >= f(2,4)
Step=97 $$$$$$$$$$$$$$$$$$$$$$$$$$$$$$ Axiom48 04() - g0 f(0) + f(4) >= f(0,4)
Step=97 $$$$$$$$$$$$$$$$$$$$$$$$$$$$$$ Axiom56 14() - g0 f(1) + f(4) >= f(1,4)
Step=97 $$$$$$$$$$$$$$$$$$$$$$$$$$$$$$ Axiom72 34() - g0 f(3) + f(4) >= f(3,4)
