Step=103 PrevRays= 87087 ResultRays= 91607 RayPairs= 912617730 NewAxiom=1 PrevAxioms=80,81,82,83,84,85,86,87,88,89,90,91,92,93,94,95,96,97,98,99,100,101,102,103,104,105,7,14,6,15,16,22,23,48,29,30,32,38,54,61,62,4,64,28,72,12,10,69,20,26,9,2,50,65,36,74,18,68,47,55,27,37,21,76,3,77,45,39,19,11,25,75,53,63,71,49,70,52,78,5,44,40,13,73,51,31,46,56,57,79,33,41,60,17,42,34,43,35,66,67,59,58,+1 MissingAxioms=0,8,24 TotalTime=133.5
Step=103 PrevRays= 87087 ResultRays= 91607 RayPairs= 912617730 NewAxiom=2 PrevAxioms=80,81,82,83,84,85,86,87,88,89,90,91,92,93,94,95,96,97,98,99,100,101,102,103,104,105,7,14,6,15,16,22,23,48,29,30,32,38,54,61,62,4,64,28,72,12,10,69,20,26,1,36,37,25,68,55,63,71,74,75,3,47,35,27,34,18,21,76,45,39,19,11,52,73,33,70,9,66,56,58,78,59,44,40,50,77,31,65,67,5,42,43,51,79,13,49,46,60,53,57,17,41,+2 MissingAxioms=0,8,24 TotalTime=185.6
Step=103 PrevRays= 93941 ResultRays= 91607 RayPairs=1014210939 NewAxiom=3 PrevAxioms=80,81,82,83,84,85,86,87,88,89,90,91,92,93,94,95,96,97,98,99,100,101,102,103,104,105,7,14,6,15,16,22,23,48,29,30,32,38,54,61,62,4,64,28,72,12,10,69,20,26,1,36,37,25,68,55,63,71,74,75,18,47,70,76,77,21,45,19,39,50,65,44,40,5,41,13,11,2,78,52,46,53,49,56,31,57,9,60,73,33,79,27,51,17,35,43,42,59,34,67,66,58,+3 MissingAxioms=0,8,24 TotalTime=229.2
Step=103 PrevRays= 88390 ResultRays= 91607 RayPairs= 912470934 NewAxiom=4 PrevAxioms=80,81,82,83,84,85,86,87,88,89,90,91,92,93,94,95,96,97,98,99,100,101,102,103,104,105,7,14,6,15,16,22,23,48,29,30,32,38,54,61,62,12,64,28,72,69,49,56,10,26,50,65,68,9,55,2,52,60,76,77,45,39,5,31,18,3,1,44,40,70,46,13,63,19,47,78,73,57,11,71,41,25,53,33,17,79,27,51,42,43,35,59,58,34,20,67,75,66,74,36,21,37,+4 MissingAxioms=0,8,24 TotalTime=193.8
Step=103 PrevRays= 94320 ResultRays= 91607 RayPairs=1062745068 NewAxiom=5 PrevAxioms=80,81,82,83,84,85,86,87,88,89,90,91,92,93,94,95,96,97,98,99,100,101,102,103,104,105,7,14,6,15,16,22,23,48,29,30,32,38,54,61,62,4,64,28,72,12,10,69,20,26,1,36,37,25,68,55,63,71,74,75,3,47,35,27,34,18,21,76,45,39,19,11,52,73,33,70,2,9,66,78,56,58,44,40,42,43,67,46,31,79,77,41,57,53,51,60,65,59,13,49,50,17,+5 MissingAxioms=0,8,24 TotalTime=221.2
Step=103 PrevRays= 94320 ResultRays= 91607 RayPairs=1062745068 NewAxiom=6 PrevAxioms=80,81,82,83,84,85,86,87,88,89,90,91,92,93,94,95,96,97,98,99,100,101,102,103,104,105,7,14,15,16,22,23,30,38,48,54,62,10,12,72,29,34,58,26,50,40,53,64,28,65,18,32,42,20,56,4,79,25,49,69,66,27,59,68,44,51,67,45,52,76,1,77,60,70,57,46,37,36,74,61,73,33,75,43,17,35,41,19,2,21,9,47,39,71,55,31,63,78,11,3,13,5,+6 MissingAxioms=0,8,24 TotalTime=265.9
Step=103 PrevRays= 87865 ResultRays= 91607 RayPairs= 616545674 NewAxiom=7 PrevAxioms=80,81,82,83,84,85,86,87,88,89,90,91,92,93,94,95,96,97,98,99,100,101,102,103,104,105,15,6,14,16,23,22,48,29,32,46,61,69,4,28,64,72,70,10,68,18,56,52,73,54,39,59,49,66,2,60,34,42,45,53,65,41,77,25,40,21,79,35,75,63,71,11,57,47,3,55,37,13,36,17,67,1,5,31,51,9,19,74,78,43,27,26,62,33,30,38,44,76,58,50,20,12,+7 MissingAxioms=0,8,24 TotalTime=193.9
Step=103 PrevRays= 87087 ResultRays= 91607 RayPairs= 912617730 NewAxiom=9 PrevAxioms=80,81,82,83,84,85,86,87,88,89,90,91,92,93,94,95,96,97,98,99,100,101,102,103,104,105,7,14,6,15,16,22,23,48,29,30,32,38,54,61,62,4,64,28,72,12,10,69,20,26,1,36,37,25,68,55,63,71,74,75,3,47,35,27,34,18,21,76,45,39,19,11,52,73,33,70,2,77,65,53,57,66,17,31,44,40,46,56,78,58,59,5,67,13,42,43,79,51,60,50,49,41,+9 MissingAxioms=0,8,24 TotalTime=173.5
Step=103 PrevRays= 87087 ResultRays= 91607 RayPairs= 912617730 NewAxiom=10 PrevAxioms=80,81,82,83,84,85,86,87,88,89,90,91,92,93,94,95,96,97,98,99,100,101,102,103,104,105,7,14,6,15,16,22,23,48,29,30,32,38,54,61,62,4,64,28,72,12,20,26,40,36,1,37,49,52,73,71,2,74,53,75,50,65,47,21,45,39,57,56,25,18,5,44,68,76,77,69,19,63,3,55,11,78,31,70,13,33,46,9,60,41,17,79,51,27,34,59,67,35,58,43,42,66,+10 MissingAxioms=0,8,24 TotalTime=217.3
Step=103 PrevRays= 93941 ResultRays= 91607 RayPairs=1014210939 NewAxiom=11 PrevAxioms=80,81,82,83,84,85,86,87,88,89,90,91,92,93,94,95,96,97,98,99,100,101,102,103,104,105,7,14,6,15,16,22,23,48,29,30,32,38,54,61,62,4,64,28,72,12,10,69,20,26,1,36,37,25,68,55,63,71,74,75,3,47,35,27,34,18,21,76,45,39,19,52,73,70,33,2,65,77,66,17,56,44,40,5,78,53,50,49,42,58,31,67,79,43,46,13,59,60,9,51,57,41,+11 MissingAxioms=0,8,24 TotalTime=231.8
Step=103 PrevRays= 88390 ResultRays= 91607 RayPairs= 912470934 NewAxiom=12 PrevAxioms=80,81,82,83,84,85,86,87,88,89,90,91,92,93,94,95,96,97,98,99,100,101,102,103,104,105,7,14,6,15,16,22,23,48,29,30,32,38,54,61,62,4,64,28,72,10,52,73,50,1,40,56,26,49,2,71,19,18,41,3,11,69,68,57,55,63,65,70,53,25,33,60,9,45,39,5,31,77,13,76,78,44,47,46,17,79,27,51,35,43,59,58,34,42,20,66,67,75,74,21,37,36,+12 MissingAxioms=0,8,24 TotalTime=191.3
Step=103 PrevRays= 94320 ResultRays= 91607 RayPairs=1062745068 NewAxiom=13 PrevAxioms=80,81,82,83,84,85,86,87,88,89,90,91,92,93,94,95,96,97,98,99,100,101,102,103,104,105,7,14,6,15,16,22,23,48,29,30,32,38,54,61,62,4,64,28,72,12,10,69,20,26,1,36,37,25,68,55,63,71,74,75,3,47,35,27,34,18,21,76,45,39,19,11,52,73,33,70,2,9,66,78,56,58,44,40,42,43,67,46,31,79,77,41,57,53,51,60,65,59,5,50,49,17,+13 MissingAxioms=0,8,24 TotalTime=218.7
Step=103 PrevRays= 94320 ResultRays= 91607 RayPairs=1062745068 NewAxiom=14 PrevAxioms=80,81,82,83,84,85,86,87,88,89,90,91,92,93,94,95,96,97,98,99,100,101,102,103,104,105,7,15,16,22,6,23,29,46,48,53,70,2,4,72,30,42,66,25,49,32,54,56,28,57,18,40,34,20,64,12,79,26,50,61,58,27,67,60,36,51,59,37,52,74,9,75,68,62,65,38,45,44,76,69,73,41,77,35,17,43,33,19,10,21,1,39,47,63,55,31,71,78,3,11,5,13,+14 MissingAxioms=0,8,24 TotalTime=265.7
Step=103 PrevRays= 87865 ResultRays= 91607 RayPairs= 616545674 NewAxiom=15 PrevAxioms=80,81,82,83,84,85,86,87,88,89,90,91,92,93,94,95,96,97,98,99,100,101,102,103,104,105,7,14,6,16,23,22,48,30,32,38,54,61,62,4,37,12,28,64,29,72,36,20,10,52,73,1,40,26,25,71,2,74,75,19,47,53,63,55,69,68,33,41,60,3,57,50,76,44,77,18,11,65,70,21,39,5,56,49,13,31,78,9,46,45,17,79,27,51,34,35,43,67,59,42,66,58,+15 MissingAxioms=0,8,24 TotalTime=203.3
Step=103 PrevRays= 84619 ResultRays= 91607 RayPairs= 701940708 NewAxiom=16 PrevAxioms=80,81,82,83,84,85,86,87,88,89,90,91,92,93,94,95,96,97,98,99,100,101,102,103,104,105,7,14,6,15,22,23,32,48,29,30,38,40,61,69,4,56,28,64,12,62,34,58,1,72,49,57,10,54,52,68,2,42,71,9,55,53,70,11,25,60,74,36,47,37,75,19,66,20,63,73,79,35,31,18,39,5,59,77,33,3,76,13,21,78,46,44,45,17,27,43,67,26,51,50,65,41,+16 MissingAxioms=0,8,24 TotalTime=136.9
Step=103 PrevRays= 93949 ResultRays= 91607 RayPairs=1184754998 NewAxiom=17 PrevAxioms=80,81,82,83,84,85,86,87,88,89,90,91,92,93,94,95,96,97,98,99,100,101,102,103,104,105,7,14,6,15,16,22,23,48,29,30,32,38,54,61,62,4,64,28,72,12,10,69,20,26,1,36,37,25,68,55,63,71,74,75,3,47,35,27,34,18,21,76,45,39,19,11,52,73,33,70,2,9,66,78,56,58,44,40,42,43,67,46,31,79,77,41,57,53,51,60,65,59,5,13,49,50,+17 MissingAxioms=0,8,24 TotalTime=221.6
Step=103 PrevRays= 99808 ResultRays= 91607 RayPairs=1150541952 NewAxiom=18 PrevAxioms=80,81,82,83,84,85,86,87,88,89,90,91,92,93,94,95,96,97,98,99,100,101,102,103,104,105,7,14,6,15,16,22,23,48,29,30,32,38,54,61,62,4,64,28,72,12,10,69,20,26,1,36,37,25,68,55,63,71,74,75,3,47,35,27,34,13,76,46,66,31,78,19,52,73,33,70,77,42,40,5,50,58,56,65,21,51,44,53,60,2,45,39,79,43,59,67,57,17,11,9,41,49,+18 MissingAxioms=0,8,24 TotalTime=162.7
Step=103 PrevRays= 93162 ResultRays= 91607 RayPairs= 818239080 NewAxiom=19 PrevAxioms=80,81,82,83,84,85,86,87,88,89,90,91,92,93,94,95,96,97,98,99,100,101,102,103,104,105,7,14,6,15,16,22,23,48,29,30,32,38,54,61,62,4,64,28,72,12,10,69,20,26,1,36,37,25,68,55,63,71,74,75,3,47,35,27,34,18,21,76,45,39,70,60,56,2,66,77,50,65,79,44,40,59,52,43,73,46,33,53,11,78,31,13,42,9,67,51,49,58,5,57,17,41,+19 MissingAxioms=0,8,24 TotalTime=203.4
Step=103 PrevRays= 98508 ResultRays= 91607 RayPairs=1148497975 NewAxiom=20 PrevAxioms=80,81,82,83,84,85,86,87,88,89,90,91,92,93,94,95,96,97,98,99,100,101,102,103,104,105,7,14,6,15,16,22,23,48,29,30,32,38,54,61,62,4,64,28,72,12,10,69,26,56,50,65,68,2,55,27,9,58,45,39,76,5,77,44,63,40,3,1,52,19,43,31,78,13,11,71,73,60,18,51,70,34,42,46,59,25,35,49,79,53,17,33,47,41,57,36,75,67,74,37,66,21,+20 MissingAxioms=0,8,24 TotalTime=202.4
Step=103 PrevRays= 95117 ResultRays= 91607 RayPairs=1037719293 NewAxiom=21 PrevAxioms=80,81,82,83,84,85,86,87,88,89,90,91,92,93,94,95,96,97,98,99,100,101,102,103,104,105,7,14,6,15,16,22,23,48,29,30,32,38,54,61,62,4,64,28,72,12,10,69,20,26,1,36,37,25,68,55,63,71,74,75,3,47,35,27,34,18,13,76,46,31,19,11,52,73,33,2,70,9,66,40,78,5,51,56,58,67,79,43,53,39,77,45,59,50,65,42,60,49,44,57,41,17,+21 MissingAxioms=0,8,24 TotalTime=217.9
Step=103 PrevRays= 93959 ResultRays= 91607 RayPairs=1089748254 NewAxiom=22 PrevAxioms=80,81,82,83,84,85,86,87,88,89,90,91,92,93,94,95,96,97,98,99,100,101,102,103,104,105,7,14,6,15,16,23,37,45,48,61,69,2,10,38,72,1,33,57,68,12,30,4,53,52,73,75,64,54,55,17,27,62,3,76,28,39,5,31,13,47,21,26,77,44,40,19,41,71,29,20,11,36,60,51,9,46,79,18,70,65,63,49,78,25,74,50,56,32,34,35,43,58,67,59,42,66,+22 MissingAxioms=0,8,24 TotalTime=227.0
Step=103 PrevRays= 87840 ResultRays= 91607 RayPairs= 707315050 NewAxiom=23 PrevAxioms=80,81,82,83,84,85,86,87,88,89,90,91,92,93,94,95,96,97,98,99,100,101,102,103,104,105,7,14,6,15,16,22,48,29,30,32,38,54,62,4,64,28,72,12,53,2,20,36,25,26,40,37,49,1,50,65,18,60,61,74,75,71,68,47,70,11,56,55,52,3,10,19,63,31,9,69,39,73,5,77,57,78,45,41,46,13,21,44,76,33,17,79,27,51,34,35,43,67,59,58,42,66,+23 MissingAxioms=0,8,24 TotalTime=243.2
Step=103 PrevRays= 87087 ResultRays= 91607 RayPairs= 912617730 NewAxiom=25 PrevAxioms=80,81,82,83,84,85,86,87,88,89,90,91,92,93,94,95,96,97,98,99,100,101,102,103,104,105,7,14,6,15,16,22,23,48,29,30,32,38,54,61,62,4,64,28,72,12,10,69,20,26,1,36,37,49,68,55,63,71,74,3,47,35,27,34,18,21,76,45,39,19,11,52,73,2,50,77,75,66,44,40,5,59,65,79,33,43,31,46,56,70,13,42,67,9,51,78,60,58,53,57,41,17,+25 MissingAxioms=0,8,24 TotalTime=254.9
Step=103 PrevRays= 87087 ResultRays= 91607 RayPairs= 912617730 NewAxiom=26 PrevAxioms=80,81,82,83,84,85,86,87,88,89,90,91,92,93,94,95,96,97,98,99,100,101,102,103,104,105,7,14,6,15,16,22,23,48,29,30,32,38,54,61,62,4,64,28,72,12,10,69,20,1,36,25,37,2,47,21,53,74,75,45,70,9,39,52,73,63,19,55,33,56,71,76,11,44,40,5,77,13,79,49,57,68,18,46,78,31,17,3,60,42,34,58,66,35,59,27,43,67,65,51,41,50,+26 MissingAxioms=0,8,24 TotalTime=187.7
Step=103 PrevRays= 93941 ResultRays= 91607 RayPairs=1014210939 NewAxiom=27 PrevAxioms=80,81,82,83,84,85,86,87,88,89,90,91,92,93,94,95,96,97,98,99,100,101,102,103,104,105,7,14,6,15,16,22,23,48,29,30,32,38,54,61,62,4,64,28,72,12,10,69,20,26,1,36,37,25,68,55,63,71,74,75,3,47,35,34,18,21,76,45,77,39,19,11,50,65,70,2,66,56,52,58,44,40,5,42,78,59,31,73,33,53,13,79,67,57,51,49,43,9,46,60,17,41,+27 MissingAxioms=0,8,24 TotalTime=170.0
Step=103 PrevRays= 88390 ResultRays= 91607 RayPairs= 912470934 NewAxiom=28 PrevAxioms=80,81,82,83,84,85,86,87,88,89,90,91,92,93,94,95,96,97,98,99,100,101,102,103,104,105,7,14,6,15,16,22,23,48,29,30,32,38,54,61,62,4,64,72,12,40,56,10,52,73,50,1,49,26,2,71,19,63,55,69,53,68,3,44,31,76,13,77,45,65,5,39,60,33,25,70,18,78,46,11,9,47,57,41,79,34,42,58,17,35,43,27,59,51,36,74,75,67,66,37,21,20,+28 MissingAxioms=0,8,24 TotalTime=216.8
Step=103 PrevRays= 94320 ResultRays= 91607 RayPairs=1062745068 NewAxiom=29 PrevAxioms=80,81,82,83,84,85,86,87,88,89,90,91,92,93,94,95,96,97,98,99,100,101,102,103,104,105,7,14,6,15,16,22,23,48,30,32,38,54,61,62,4,37,12,64,28,72,20,40,36,10,26,1,25,50,65,2,74,18,47,21,52,71,45,44,73,75,53,57,39,46,13,31,33,60,56,5,9,49,55,17,79,51,63,3,76,77,19,69,11,68,27,70,78,41,42,43,35,66,67,59,34,58,+29 MissingAxioms=0,8,24 TotalTime=237.6
Step=103 PrevRays= 94320 ResultRays= 91607 RayPairs=1062745068 NewAxiom=30 PrevAxioms=80,81,82,83,84,85,86,87,88,89,90,91,92,93,94,95,96,97,98,99,100,101,102,103,104,105,7,14,6,15,16,22,23,48,29,32,38,54,61,62,4,64,28,72,10,52,73,1,20,36,37,40,49,9,71,2,74,65,53,75,47,67,43,66,18,79,34,58,56,39,25,42,55,57,31,26,33,17,63,60,3,27,35,19,68,69,11,70,41,50,12,46,13,51,44,76,78,5,59,77,21,45,+30 MissingAxioms=0,8,24 TotalTime=244.3
Step=103 PrevRays= 87865 ResultRays= 91607 RayPairs= 616545674 NewAxiom=31 PrevAxioms=80,81,82,83,84,85,86,87,88,89,90,91,92,93,94,95,96,97,98,99,100,101,102,103,104,105,7,14,6,15,16,22,23,48,29,30,32,38,54,61,62,4,64,28,72,12,10,69,20,26,1,36,37,25,68,55,63,71,74,75,3,47,35,27,34,18,21,76,45,39,19,11,52,73,33,70,2,9,66,78,56,58,44,40,42,43,67,46,79,77,41,57,53,49,51,50,65,59,60,5,13,17,+31 MissingAxioms=0,8,24 TotalTime=191.1
Step=103 PrevRays= 84619 ResultRays= 91607 RayPairs= 701940708 NewAxiom=32 PrevAxioms=80,81,82,83,84,85,86,87,88,89,90,91,92,93,94,95,96,97,98,99,100,101,102,103,104,105,7,14,6,15,16,22,23,48,29,30,38,40,53,69,70,4,56,28,72,12,2,61,25,64,49,57,60,1,10,55,27,58,18,42,43,11,9,74,20,71,17,19,75,36,47,67,79,66,62,37,52,73,34,68,54,41,35,31,63,26,50,3,33,65,39,5,59,13,77,51,76,44,21,46,45,78,+32 MissingAxioms=0,8,24 TotalTime=152.1
Step=103 PrevRays= 93949 ResultRays= 91607 RayPairs=1184754998 NewAxiom=33 PrevAxioms=80,81,82,83,84,85,86,87,88,89,90,91,92,93,94,95,96,97,98,99,100,101,102,103,104,105,7,14,6,15,16,22,23,48,29,30,32,38,54,61,62,4,64,28,72,12,10,69,20,26,1,36,37,25,68,55,63,71,74,75,3,47,35,27,34,18,21,76,45,39,19,11,52,73,70,2,50,77,66,44,40,5,59,79,65,13,31,42,43,46,60,56,9,78,53,49,67,57,51,17,58,41,+33 MissingAxioms=0,8,24 TotalTime=135.1
Step=103 PrevRays= 99808 ResultRays= 91607 RayPairs=1150541952 NewAxiom=34 PrevAxioms=80,81,82,83,84,85,86,87,88,89,90,91,92,93,94,95,96,97,98,99,100,101,102,103,104,105,7,14,6,15,16,22,23,48,29,30,32,38,54,61,62,4,64,28,72,12,10,69,20,26,1,36,37,25,68,55,63,71,74,75,3,47,35,27,18,21,76,45,39,70,19,52,73,33,2,65,77,44,40,5,59,79,66,11,13,31,50,60,56,67,9,43,42,51,78,53,49,58,46,57,17,41,+34 MissingAxioms=0,8,24 TotalTime=218.7
Step=103 PrevRays= 93162 ResultRays= 91607 RayPairs= 818239080 NewAxiom=35 PrevAxioms=80,81,82,83,84,85,86,87,88,89,90,91,92,93,94,95,96,97,98,99,100,101,102,103,104,105,7,14,6,15,16,22,23,48,29,30,32,38,54,61,62,4,64,28,72,12,10,69,20,26,1,36,37,25,68,55,63,71,74,75,3,47,34,18,21,76,45,77,39,70,19,50,65,44,40,5,42,41,46,78,2,58,60,53,49,31,56,57,13,66,52,11,9,73,33,17,79,27,43,59,67,51,+35 MissingAxioms=0,8,24 TotalTime=152.5
Step=103 PrevRays= 98508 ResultRays= 91607 RayPairs=1148497975 NewAxiom=36 PrevAxioms=80,81,82,83,84,85,86,87,88,89,90,91,92,93,94,95,96,97,98,99,100,101,102,103,104,105,7,14,6,15,16,22,23,48,29,30,32,38,54,61,62,4,64,28,72,12,10,69,20,26,1,68,55,63,71,57,37,47,35,13,76,31,77,3,34,66,27,17,50,65,5,78,46,58,56,19,49,59,67,9,70,39,52,73,45,41,79,43,75,33,40,11,51,44,21,53,18,60,42,2,74,25,+36 MissingAxioms=0,8,24 TotalTime=161.7
Step=103 PrevRays= 95117 ResultRays= 91607 RayPairs=1037719293 NewAxiom=37 PrevAxioms=80,81,82,83,84,85,86,87,88,89,90,91,92,93,94,95,96,97,98,99,100,101,102,103,104,105,7,14,6,15,16,22,23,48,29,30,32,38,54,61,62,4,64,28,72,12,10,69,20,26,1,36,25,68,55,63,71,74,75,3,47,35,27,34,18,13,76,46,31,66,19,77,52,73,33,44,40,5,21,58,56,70,50,65,51,11,42,2,78,39,79,43,9,67,59,45,49,60,53,57,17,41,+37 MissingAxioms=0,8,24 TotalTime=206.2
Step=103 PrevRays= 93959 ResultRays= 91607 RayPairs=1089748254 NewAxiom=38 PrevAxioms=80,81,82,83,84,85,86,87,88,89,90,91,92,93,94,95,96,97,98,99,100,101,102,103,104,105,7,14,6,15,16,22,23,48,29,30,32,46,54,61,62,4,64,28,72,12,10,69,26,56,50,65,68,2,55,27,9,66,18,34,35,3,1,76,20,63,17,19,77,44,39,59,40,79,58,45,70,52,73,60,42,53,43,25,49,71,31,11,33,57,47,41,13,67,75,51,74,21,5,36,37,78,+38 MissingAxioms=0,8,24 TotalTime=192.3
Step=103 PrevRays= 87840 ResultRays= 91607 RayPairs= 707315050 NewAxiom=39 PrevAxioms=80,81,82,83,84,85,86,87,88,89,90,91,92,93,94,95,96,97,98,99,100,101,102,103,104,105,7,14,6,15,16,22,23,48,29,30,32,38,54,61,62,4,64,28,72,12,10,69,20,26,1,36,37,25,68,55,63,71,74,75,3,47,35,27,34,18,21,76,45,19,11,52,73,33,70,2,9,66,78,56,44,40,46,31,53,58,43,13,67,79,77,50,65,51,42,49,57,59,60,17,5,41,+39 MissingAxioms=0,8,24 TotalTime=184.8
Step=103 PrevRays= 84619 ResultRays= 91607 RayPairs= 701940708 NewAxiom=40 PrevAxioms=80,81,82,83,84,85,86,87,88,89,90,91,92,93,94,95,96,97,98,99,100,101,102,103,104,105,7,14,6,15,16,22,23,48,29,30,32,38,54,61,62,4,64,28,72,12,10,69,20,26,1,36,37,25,68,55,63,71,74,75,3,47,35,27,34,18,21,76,45,39,19,11,52,73,33,70,2,9,66,78,56,58,44,5,59,53,31,50,77,65,67,79,43,51,13,49,60,42,46,57,41,17,+40 MissingAxioms=0,8,24 TotalTime=121.6
Step=103 PrevRays= 93949 ResultRays= 91607 RayPairs=1184754998 NewAxiom=41 PrevAxioms=80,81,82,83,84,85,86,87,88,89,90,91,92,93,94,95,96,97,98,99,100,101,102,103,104,105,7,14,6,15,16,22,23,48,29,30,32,38,54,61,62,4,64,28,72,12,10,69,20,26,1,36,37,25,68,55,63,71,74,75,3,47,35,27,34,18,21,76,45,39,19,11,52,73,33,70,2,9,66,78,56,58,44,40,42,43,67,46,31,79,77,57,53,13,50,65,59,51,60,17,5,49,+41 MissingAxioms=0,8,24 TotalTime=192.3
Step=103 PrevRays= 99808 ResultRays= 91607 RayPairs=1150541952 NewAxiom=42 PrevAxioms=80,81,82,83,84,85,86,87,88,89,90,91,92,93,94,95,96,97,98,99,100,101,102,103,104,105,7,14,6,15,16,22,23,48,29,30,32,38,54,61,62,4,64,28,72,12,10,69,20,26,1,36,37,25,68,55,63,71,74,75,3,47,35,27,34,18,21,76,45,39,19,11,52,73,33,70,2,9,66,78,56,58,44,40,46,31,13,67,77,79,43,57,53,41,60,59,51,17,5,65,50,49,+42 MissingAxioms=0,8,24 TotalTime=228.0
Step=103 PrevRays= 93162 ResultRays= 91607 RayPairs= 818239080 NewAxiom=43 PrevAxioms=80,81,82,83,84,85,86,87,88,89,90,91,92,93,94,95,96,97,98,99,100,101,102,103,104,105,7,14,6,15,16,22,23,48,29,30,32,38,54,61,62,4,64,28,72,12,10,69,20,26,1,36,37,25,68,55,63,71,74,75,3,47,35,27,34,18,21,76,45,39,19,11,52,73,33,70,2,9,66,78,56,58,44,40,42,50,5,31,77,65,53,51,79,67,49,13,59,60,57,41,46,17,+43 MissingAxioms=0,8,24 TotalTime=197.0
Step=103 PrevRays= 98508 ResultRays= 91607 RayPairs=1148497975 NewAxiom=44 PrevAxioms=80,81,82,83,84,85,86,87,88,89,90,91,92,93,94,95,96,97,98,99,100,101,102,103,104,105,7,14,6,15,16,22,23,48,29,30,32,38,54,61,62,4,64,28,72,12,10,69,20,26,1,36,37,25,68,55,63,71,74,75,3,47,35,27,34,18,21,76,45,39,19,11,52,73,33,70,2,9,66,78,56,58,50,53,31,5,49,77,65,41,57,59,67,17,79,13,46,51,43,42,40,60,+44 MissingAxioms=0,8,24 TotalTime=135.0
Step=103 PrevRays= 95117 ResultRays= 91607 RayPairs=1037719293 NewAxiom=45 PrevAxioms=80,81,82,83,84,85,86,87,88,89,90,91,92,93,94,95,96,97,98,99,100,101,102,103,104,105,7,14,6,15,16,22,23,48,29,30,32,38,54,61,62,4,64,28,72,12,10,69,20,26,1,36,37,25,68,55,63,71,74,75,3,47,35,27,34,18,21,76,39,19,11,52,73,33,70,2,9,66,78,56,58,53,50,31,77,65,49,5,57,44,40,42,43,67,59,51,79,60,13,46,17,41,+45 MissingAxioms=0,8,24 TotalTime=174.2
Step=103 PrevRays= 93959 ResultRays= 91607 RayPairs=1089748254 NewAxiom=46 PrevAxioms=80,81,82,83,84,85,86,87,88,89,90,91,92,93,94,95,96,97,98,99,100,101,102,103,104,105,7,14,6,15,16,22,23,48,29,30,32,38,54,61,62,4,64,28,72,12,10,69,20,26,1,36,37,25,68,55,63,71,74,75,3,47,35,27,34,18,21,76,45,39,19,11,52,73,33,70,2,9,66,78,56,58,44,40,42,43,67,77,79,31,51,41,53,17,65,13,59,60,49,57,5,50,+46 MissingAxioms=0,8,24 TotalTime=234.3
Step=103 PrevRays= 87840 ResultRays= 91607 RayPairs= 707315050 NewAxiom=47 PrevAxioms=80,81,82,83,84,85,86,87,88,89,90,91,92,93,94,95,96,97,98,99,100,101,102,103,104,105,7,14,6,15,16,22,23,48,29,30,32,38,54,61,62,4,64,28,72,12,10,69,20,26,1,36,37,25,68,55,63,71,74,75,3,2,11,45,76,39,5,77,19,50,65,41,73,70,53,31,21,13,18,78,49,56,57,44,40,46,60,9,33,52,17,79,51,27,42,35,43,59,66,67,34,58,+47 MissingAxioms=0,8,24 TotalTime=183.9
Step=103 PrevRays=109444 ResultRays= 91607 RayPairs=1792944120 NewAxiom=48 PrevAxioms=80,81,82,83,84,85,86,87,88,89,90,91,92,93,94,95,96,97,98,99,100,101,102,103,104,105,7,14,6,15,16,22,23,72,29,30,38,53,54,62,1,40,4,28,12,56,2,61,33,64,18,73,26,50,42,17,70,69,20,19,41,71,55,11,63,68,60,74,57,10,47,58,66,52,32,75,37,36,31,34,3,65,39,5,77,21,45,44,13,78,76,46,79,25,49,9,27,35,43,59,67,51,+48 MissingAxioms=0,8,24 TotalTime=254.8
Step=103 PrevRays= 98619 ResultRays= 91607 RayPairs=1272226176 NewAxiom=49 PrevAxioms=80,81,82,83,84,85,86,87,88,89,90,91,92,93,94,95,96,97,98,99,100,101,102,103,104,105,7,14,6,15,16,22,23,48,29,30,32,38,54,61,62,4,64,28,72,12,10,69,20,26,1,36,37,25,68,55,63,71,74,75,3,47,35,27,34,18,21,76,45,39,19,11,52,73,33,70,2,9,66,78,56,58,44,40,42,43,67,46,31,79,77,41,57,53,51,60,65,59,5,13,50,17,+49 MissingAxioms=0,8,24 TotalTime=222.2
Step=103 PrevRays= 98619 ResultRays= 91607 RayPairs=1272226176 NewAxiom=50 PrevAxioms=80,81,82,83,84,85,86,87,88,89,90,91,92,93,94,95,96,97,98,99,100,101,102,103,104,105,7,14,6,15,16,22,23,48,29,30,32,38,54,61,62,4,64,28,72,12,10,69,20,26,1,36,37,25,68,55,63,71,74,75,3,47,35,27,34,18,21,76,45,39,19,11,52,73,33,70,2,9,66,78,56,58,44,40,42,43,67,46,31,79,77,41,57,53,51,60,65,59,5,13,49,17,+50 MissingAxioms=0,8,24 TotalTime=222.2
Step=103 PrevRays= 94066 ResultRays= 91607 RayPairs=1023933680 NewAxiom=51 PrevAxioms=80,81,82,83,84,85,86,87,88,89,90,91,92,93,94,95,96,97,98,99,100,101,102,103,104,105,7,14,6,15,16,22,23,48,29,30,32,38,54,61,62,4,64,28,72,12,10,69,20,26,1,36,37,25,68,55,63,71,74,75,3,47,35,27,34,18,21,76,45,39,19,11,52,73,33,70,2,9,66,78,56,58,44,40,42,43,67,46,31,79,77,41,57,53,13,49,59,5,60,50,65,17,+51 MissingAxioms=0,8,24 TotalTime=177.7
Step=103 PrevRays= 98619 ResultRays= 91607 RayPairs=1272226176 NewAxiom=52 PrevAxioms=80,81,82,83,84,85,86,87,88,89,90,91,92,93,94,95,96,97,98,99,100,101,102,103,104,105,7,14,6,15,16,22,23,48,29,30,32,38,54,61,62,4,64,28,72,12,10,69,20,26,1,36,37,25,68,55,63,71,74,75,3,47,35,27,34,18,21,76,45,39,19,11,9,66,2,78,56,73,33,44,40,42,43,58,59,60,31,46,79,67,70,77,13,41,53,65,50,57,51,49,5,17,+52 MissingAxioms=0,8,24 TotalTime=223.0
Step=103 PrevRays= 94066 ResultRays= 91607 RayPairs=1023933680 NewAxiom=53 PrevAxioms=80,81,82,83,84,85,86,87,88,89,90,91,92,93,94,95,96,97,98,99,100,101,102,103,104,105,7,14,6,15,16,22,23,48,29,30,32,38,54,61,62,4,64,28,72,12,10,69,20,26,1,36,37,25,68,55,63,71,74,75,3,47,35,27,34,18,21,76,45,39,19,11,52,73,33,70,2,9,66,78,56,58,44,40,42,43,67,46,31,79,77,41,57,51,49,60,59,65,13,5,17,50,+53 MissingAxioms=0,8,24 TotalTime=212.1
Step=103 PrevRays= 94066 ResultRays= 91607 RayPairs=1023933680 NewAxiom=54 PrevAxioms=80,81,82,83,84,85,86,87,88,89,90,91,92,93,94,95,96,97,98,99,100,101,102,103,104,105,7,14,6,15,16,22,23,48,29,30,32,38,61,62,69,4,64,28,72,12,10,20,1,36,37,9,52,73,63,71,19,3,47,67,49,66,18,11,74,2,43,42,53,75,70,40,55,34,35,25,27,79,26,58,56,57,31,68,39,50,65,33,17,60,41,77,59,5,51,78,76,21,44,13,45,46,+54 MissingAxioms=0,8,24 TotalTime=212.4
Step=103 PrevRays= 88051 ResultRays= 91607 RayPairs= 597488630 NewAxiom=55 PrevAxioms=80,81,82,83,84,85,86,87,88,89,90,91,92,93,94,95,96,97,98,99,100,101,102,103,104,105,7,14,6,15,16,22,23,48,29,30,32,38,54,61,62,4,64,28,72,12,10,69,20,26,1,36,37,25,68,63,19,71,74,75,3,47,35,27,34,18,21,76,45,39,52,73,11,33,9,2,66,56,44,40,46,78,13,50,65,31,77,53,58,42,43,79,67,59,60,57,51,17,5,70,49,41,+55 MissingAxioms=0,8,24 TotalTime=182.7
Step=103 PrevRays= 86663 ResultRays= 91607 RayPairs= 694984997 NewAxiom=56 PrevAxioms=80,81,82,83,84,85,86,87,88,89,90,91,92,93,94,95,96,97,98,99,100,101,102,103,104,105,7,14,6,15,16,22,23,48,29,30,32,38,54,61,62,4,64,28,72,12,10,69,20,26,1,36,37,25,68,55,63,71,74,75,3,47,35,27,34,18,21,76,45,39,19,11,52,73,33,70,2,9,66,78,58,5,13,44,40,67,59,42,46,77,79,43,31,51,50,65,57,53,60,41,17,49,+56 MissingAxioms=0,8,24 TotalTime=125.2
Step=103 PrevRays= 97843 ResultRays= 91607 RayPairs=1178883836 NewAxiom=57 PrevAxioms=80,81,82,83,84,85,86,87,88,89,90,91,92,93,94,95,96,97,98,99,100,101,102,103,104,105,7,14,6,15,16,22,23,48,29,30,32,38,54,61,62,4,64,28,72,12,10,69,20,26,1,36,37,25,68,55,63,71,74,75,3,47,35,27,34,18,21,76,45,39,19,11,52,73,33,70,2,9,66,78,56,58,44,40,42,43,67,46,31,79,77,41,51,53,17,65,60,59,13,5,49,50,+57 MissingAxioms=0,8,24 TotalTime=222.3
Step=103 PrevRays= 97747 ResultRays= 91607 RayPairs=1093258110 NewAxiom=58 PrevAxioms=80,81,82,83,84,85,86,87,88,89,90,91,92,93,94,95,96,97,98,99,100,101,102,103,104,105,7,14,6,15,16,22,23,48,29,30,32,38,54,61,62,4,64,28,72,12,10,69,20,26,1,36,37,25,68,55,63,71,74,75,3,47,35,27,34,18,21,76,45,39,19,11,52,73,33,70,2,9,66,78,56,44,40,46,53,13,50,31,77,65,67,42,79,43,59,51,60,49,5,57,17,41,+58 MissingAxioms=0,8,24 TotalTime=217.5
Step=103 PrevRays= 91419 ResultRays= 91607 RayPairs= 763406643 NewAxiom=59 PrevAxioms=80,81,82,83,84,85,86,87,88,89,90,91,92,93,94,95,96,97,98,99,100,101,102,103,104,105,7,14,6,15,16,22,23,48,29,30,32,38,54,61,62,4,64,28,72,12,10,69,20,26,1,36,37,25,68,55,63,71,74,75,3,47,35,27,34,18,21,76,45,39,19,11,52,73,33,70,2,9,66,78,56,58,44,40,42,43,67,46,31,79,77,41,57,53,51,60,65,49,50,5,13,17,+59 MissingAxioms=0,8,24 TotalTime=209.5
Step=103 PrevRays= 97747 ResultRays= 91607 RayPairs=1093258110 NewAxiom=60 PrevAxioms=80,81,82,83,84,85,86,87,88,89,90,91,92,93,94,95,96,97,98,99,100,101,102,103,104,105,7,14,6,15,16,22,23,48,29,30,32,38,54,61,62,4,64,28,72,12,10,69,20,26,1,36,37,25,68,55,63,71,74,75,3,47,35,27,34,18,21,76,45,39,19,11,52,73,33,70,2,9,66,78,56,58,44,40,42,43,67,46,31,79,77,41,57,53,51,65,59,13,49,5,50,17,+60 MissingAxioms=0,8,24 TotalTime=231.8
Step=103 PrevRays= 91419 ResultRays= 91607 RayPairs= 763406643 NewAxiom=61 PrevAxioms=80,81,82,83,84,85,86,87,88,89,90,91,92,93,94,95,96,97,98,99,100,101,102,103,104,105,7,14,6,15,16,22,23,48,29,30,32,38,54,62,4,64,28,72,12,53,2,20,25,26,40,36,1,37,49,18,74,75,52,73,10,70,47,42,34,69,63,3,55,41,11,68,60,56,19,9,58,71,66,57,50,31,65,39,5,77,78,21,45,46,76,13,33,44,17,79,59,67,35,43,27,51,+61 MissingAxioms=0,8,24 TotalTime=198.9
Step=103 PrevRays= 93932 ResultRays= 91607 RayPairs=1095214582 NewAxiom=62 PrevAxioms=80,81,82,83,84,85,86,87,88,89,90,91,92,93,94,95,96,97,98,99,100,101,102,103,104,105,7,14,6,15,16,22,23,48,29,30,32,38,54,61,4,64,28,72,12,70,10,69,20,26,1,18,66,57,68,46,63,19,76,2,77,71,37,47,13,31,33,49,52,73,75,25,53,60,11,5,50,65,21,45,56,58,3,39,42,40,34,55,17,44,78,41,74,9,36,79,59,67,35,51,43,27,+62 MissingAxioms=0,8,24 TotalTime=174.6
Step=103 PrevRays= 88123 ResultRays= 91607 RayPairs= 788501864 NewAxiom=63 PrevAxioms=80,81,82,83,84,85,86,87,88,89,90,91,92,93,94,95,96,97,98,99,100,101,102,103,104,105,7,14,6,15,16,22,23,48,29,30,32,38,54,61,62,4,64,28,72,12,10,69,20,26,1,36,37,25,68,55,76,3,2,47,74,75,77,21,45,19,11,39,71,52,73,33,70,5,44,40,13,18,50,65,60,56,31,78,57,53,49,9,41,46,17,79,27,51,58,67,59,43,66,35,34,42,+63 MissingAxioms=0,8,24 TotalTime=189.9
Step=103 PrevRays= 86663 ResultRays= 91607 RayPairs= 694984997 NewAxiom=64 PrevAxioms=80,81,82,83,84,85,86,87,88,89,90,91,92,93,94,95,96,97,98,99,100,101,102,103,104,105,7,14,6,15,16,22,23,48,29,30,32,38,54,61,62,4,72,28,12,1,20,40,46,36,44,10,26,45,37,25,2,39,9,74,53,21,69,76,70,77,18,55,3,63,56,73,75,71,60,78,47,33,19,31,13,68,41,65,5,11,57,49,50,52,17,79,27,51,34,35,43,59,58,67,42,66,+64 MissingAxioms=0,8,24 TotalTime=196.7
Step=103 PrevRays= 97843 ResultRays= 91607 RayPairs=1178883836 NewAxiom=65 PrevAxioms=80,81,82,83,84,85,86,87,88,89,90,91,92,93,94,95,96,97,98,99,100,101,102,103,104,105,7,14,6,15,16,22,23,48,29,30,32,38,54,61,62,4,64,28,72,12,10,69,20,26,1,36,37,25,68,55,63,71,74,75,3,47,35,27,34,18,21,76,45,39,19,11,52,73,33,70,2,9,66,78,56,58,44,40,42,43,67,46,31,79,77,41,57,53,51,60,59,17,5,13,50,49,+65 MissingAxioms=0,8,24 TotalTime=213.1
Step=103 PrevRays= 97747 ResultRays= 91607 RayPairs=1093258110 NewAxiom=66 PrevAxioms=80,81,82,83,84,85,86,87,88,89,90,91,92,93,94,95,96,97,98,99,100,101,102,103,104,105,7,14,6,15,16,22,23,48,29,30,32,38,54,61,62,4,64,28,72,12,10,69,20,26,1,36,37,25,68,55,63,71,74,75,3,47,35,27,34,18,21,76,45,39,19,11,52,73,33,70,2,9,57,53,44,40,42,43,67,46,79,41,77,31,78,13,60,56,58,51,59,5,50,65,49,17,+66 MissingAxioms=0,8,24 TotalTime=193.3
Step=103 PrevRays= 91419 ResultRays= 91607 RayPairs= 763406643 NewAxiom=67 PrevAxioms=80,81,82,83,84,85,86,87,88,89,90,91,92,93,94,95,96,97,98,99,100,101,102,103,104,105,7,14,6,15,16,22,23,48,29,30,32,38,54,61,62,4,64,28,72,12,10,69,20,26,1,36,37,25,68,55,63,71,74,75,3,47,35,27,34,18,21,76,45,39,19,11,52,73,33,70,2,9,66,78,56,58,44,40,42,43,5,59,31,53,13,50,77,65,79,51,49,60,46,57,41,17,+67 MissingAxioms=0,8,24 TotalTime=182.6
Step=103 PrevRays= 97747 ResultRays= 91607 RayPairs=1093258110 NewAxiom=68 PrevAxioms=80,81,82,83,84,85,86,87,88,89,90,91,92,93,94,95,96,97,98,99,100,101,102,103,104,105,7,14,6,15,16,22,23,48,29,30,32,38,54,61,62,4,64,28,72,12,10,69,20,26,1,36,37,25,2,47,74,75,52,73,63,71,19,55,53,21,45,39,33,3,57,50,65,41,77,44,5,13,76,40,11,31,18,60,56,46,78,49,70,9,17,79,51,27,34,35,43,58,59,67,42,66,+68 MissingAxioms=0,8,24 TotalTime=233.5
Step=103 PrevRays= 91419 ResultRays= 91607 RayPairs= 763406643 NewAxiom=69 PrevAxioms=80,81,82,83,84,85,86,87,88,89,90,91,92,93,94,95,96,97,98,99,100,101,102,103,104,105,7,14,6,15,16,22,23,48,29,30,32,38,54,61,62,4,64,28,72,12,10,20,26,40,36,1,37,49,2,52,73,71,74,18,19,47,3,11,63,41,55,53,75,68,76,44,77,70,21,39,5,50,78,25,13,46,31,56,57,45,9,33,65,60,17,79,27,51,34,35,43,58,67,59,42,66,+69 MissingAxioms=0,8,24 TotalTime=237.9
Step=103 PrevRays= 93932 ResultRays= 91607 RayPairs=1095214582 NewAxiom=70 PrevAxioms=80,81,82,83,84,85,86,87,88,89,90,91,92,93,94,95,96,97,98,99,100,101,102,103,104,105,7,14,6,15,16,22,23,48,29,30,32,38,54,61,62,4,64,28,72,12,10,69,20,26,1,36,37,25,68,55,63,71,74,75,3,47,35,27,34,18,21,76,45,39,19,11,52,73,33,53,2,9,66,78,56,44,40,46,13,50,31,77,65,58,42,43,79,67,59,51,60,49,57,17,5,41,+70 MissingAxioms=0,8,24 TotalTime=210.6
Step=103 PrevRays= 88123 ResultRays= 91607 RayPairs= 788501864 NewAxiom=71 PrevAxioms=80,81,82,83,84,85,86,87,88,89,90,91,92,93,94,95,96,97,98,99,100,101,102,103,104,105,7,14,6,15,16,22,23,48,29,30,32,38,54,61,62,4,64,28,72,12,10,69,20,26,1,36,37,25,68,55,63,2,47,3,74,75,11,76,77,19,21,45,39,52,73,33,70,53,57,18,65,44,40,5,13,50,60,56,31,78,49,9,46,41,17,79,27,51,66,59,67,35,58,43,42,34,+71 MissingAxioms=0,8,24 TotalTime=185.4
Step=103 PrevRays= 86663 ResultRays= 91607 RayPairs= 694984997 NewAxiom=72 PrevAxioms=80,81,82,83,84,85,86,87,88,89,90,91,92,93,94,95,96,97,98,99,100,101,102,103,104,105,7,14,6,15,16,22,23,48,29,30,32,38,54,61,62,4,64,28,12,10,69,20,2,26,50,65,36,47,67,74,21,17,25,75,18,68,55,76,3,77,45,44,40,46,19,11,63,70,37,52,73,33,57,53,31,13,71,78,43,39,79,59,5,60,56,49,35,51,41,27,58,66,34,1,42,9,+72 MissingAxioms=0,8,24 TotalTime=150.0
Step=103 PrevRays= 97843 ResultRays= 91607 RayPairs=1178883836 NewAxiom=73 PrevAxioms=80,81,82,83,84,85,86,87,88,89,90,91,92,93,94,95,96,97,98,99,100,101,102,103,104,105,7,14,6,15,16,22,23,48,29,30,32,38,54,61,62,4,64,28,72,12,10,69,20,26,1,36,37,25,68,55,63,71,74,75,3,47,35,27,34,18,21,76,45,39,19,11,52,33,70,2,9,66,78,56,58,44,40,42,43,46,31,13,67,79,77,41,51,49,57,59,60,50,5,53,65,17,+73 MissingAxioms=0,8,24 TotalTime=217.9
Step=103 PrevRays= 97747 ResultRays= 91607 RayPairs=1093258110 NewAxiom=74 PrevAxioms=80,81,82,83,84,85,86,87,88,89,90,91,92,93,94,95,96,97,98,99,100,101,102,103,104,105,7,14,6,15,16,22,23,48,29,30,32,38,54,61,62,4,64,28,72,12,10,69,20,26,1,36,37,25,68,55,63,71,3,47,35,27,34,13,76,46,31,66,78,19,79,70,39,52,73,51,40,58,56,77,45,21,50,65,41,59,53,49,57,67,60,75,18,42,2,43,44,9,11,33,5,17,+74 MissingAxioms=0,8,24 TotalTime=210.0
Step=103 PrevRays= 91419 ResultRays= 91607 RayPairs= 763406643 NewAxiom=75 PrevAxioms=80,81,82,83,84,85,86,87,88,89,90,91,92,93,94,95,96,97,98,99,100,101,102,103,104,105,7,14,6,15,16,22,23,48,29,30,32,38,54,61,62,4,64,28,72,12,10,69,20,26,1,36,37,25,68,55,63,71,74,3,47,35,27,34,18,21,76,45,39,19,11,9,66,44,40,5,59,50,65,77,41,70,43,17,13,67,79,31,73,46,51,56,52,53,2,33,58,60,78,57,42,49,+75 MissingAxioms=0,8,24 TotalTime=219.6
Step=103 PrevRays= 97747 ResultRays= 91607 RayPairs=1093258110 NewAxiom=76 PrevAxioms=80,81,82,83,84,85,86,87,88,89,90,91,92,93,94,95,96,97,98,99,100,101,102,103,104,105,7,14,6,15,16,22,23,48,29,30,32,38,54,61,62,4,64,28,72,12,10,69,20,26,1,36,37,25,68,55,63,71,74,75,3,47,35,27,34,18,21,45,39,52,73,70,19,33,2,50,77,66,53,65,17,56,41,5,44,43,11,40,13,67,49,57,79,59,31,51,46,42,58,60,78,9,+76 MissingAxioms=0,8,24 TotalTime=201.3
Step=103 PrevRays= 91419 ResultRays= 91607 RayPairs= 763406643 NewAxiom=77 PrevAxioms=80,81,82,83,84,85,86,87,88,89,90,91,92,93,94,95,96,97,98,99,100,101,102,103,104,105,7,14,6,15,16,22,23,48,29,30,32,38,54,61,62,4,64,28,72,12,10,69,20,26,1,36,37,25,68,55,63,71,74,75,3,47,35,27,34,18,21,76,45,39,19,11,52,73,33,70,2,9,66,78,56,58,44,40,42,43,67,46,31,79,51,53,41,17,59,60,5,57,49,50,13,65,+77 MissingAxioms=0,8,24 TotalTime=211.6
Step=103 PrevRays= 93932 ResultRays= 91607 RayPairs=1095214582 NewAxiom=78 PrevAxioms=80,81,82,83,84,85,86,87,88,89,90,91,92,93,94,95,96,97,98,99,100,101,102,103,104,105,7,14,6,15,16,22,23,48,29,30,32,38,54,61,62,4,64,28,72,12,10,69,20,26,1,36,37,25,68,55,63,71,74,75,3,47,35,27,34,18,21,76,45,39,19,11,52,73,33,70,2,9,66,56,58,44,40,46,31,13,67,79,43,77,57,53,41,5,59,60,51,17,65,42,49,50,+78 MissingAxioms=0,8,24 TotalTime=237.6
Step=103 PrevRays= 88123 ResultRays= 91607 RayPairs= 788501864 NewAxiom=79 PrevAxioms=80,81,82,83,84,85,86,87,88,89,90,91,92,93,94,95,96,97,98,99,100,101,102,103,104,105,7,14,6,15,16,22,23,48,29,30,32,38,54,61,62,4,64,28,72,12,10,69,20,26,1,36,37,25,68,55,63,71,74,75,3,47,35,27,34,18,21,76,45,39,19,11,52,73,33,70,2,9,66,78,56,58,44,40,42,43,67,46,31,77,41,57,53,13,49,51,17,59,5,60,50,65,+79 MissingAxioms=0,8,24 TotalTime=174.1

Ordered by number of ray pairs:
Step=103 ##########.................... (min) Axiom55 04(1,2,3) - g3 f(0,1,2,3,4) >= f(1,2,3)
Step=103 ##########.................... Axiom7 01(2,3,4) - g3 f(0,1,2,3,4) >= f(2,3,4)
Step=103 ##########.................... Axiom15 02(1,3,4) - g3 f(0,1,2,3,4) >= f(1,3,4)
Step=103 ##########.................... Axiom31 03(1,2,4) - g3 f(0,1,2,3,4) >= f(1,2,4)
Step=103 ############.................. Axiom56 14() - g0 f(1) + f(4) >= f(1,4)
Step=103 ############.................. Axiom64 24() - g0 f(2) + f(4) >= f(2,4)
Step=103 ############.................. Axiom72 34() - g0 f(3) + f(4) >= f(3,4)
Step=103 ############.................. Axiom16 12() - g0 f(1) + f(2) >= f(1,2)
Step=103 ############.................. Axiom32 13() - g0 f(1) + f(3) >= f(1,3)
Step=103 ############.................. Axiom40 23() - g0 f(2) + f(3) >= f(2,3)
Step=103 ############.................. Axiom23 12(0,3,4) - g3 f(0,1,2,3,4) >= f(0,3,4)
Step=103 ############.................. Axiom39 13(0,2,4) - g3 f(0,1,2,3,4) >= f(0,2,4)
Step=103 ############.................. Axiom47 23(0,1,4) - g3 f(0,1,2,3,4) >= f(0,1,4)
Step=103 #############................. Axiom59 14(0,2) - g2 f(0,1,2) + f(0,2,4) >= f(0,2) + f(0,1,2,3,4)
Step=103 #############................. Axiom61 14(0,3) - g2 f(0,1,3) + f(0,3,4) >= f(0,3) + f(0,1,2,3,4)
Step=103 #############................. Axiom67 24(0,1) - g2 f(0,1,2) + f(0,1,4) >= f(0,1) + f(0,1,2,3,4)
Step=103 #############................. Axiom69 24(0,3) - g2 f(0,2,3) + f(0,3,4) >= f(0,3) + f(0,1,2,3,4)
Step=103 #############................. Axiom75 34(0,1) - g2 f(0,1,3) + f(0,1,4) >= f(0,1) + f(0,1,2,3,4)
Step=103 #############................. Axiom77 34(0,2) - g2 f(0,2,3) + f(0,2,4) >= f(0,2) + f(0,1,2,3,4)
Step=103 #############................. Axiom63 14(0,2,3) - g3 f(0,1,2,3,4) >= f(0,2,3)
Step=103 #############................. Axiom71 24(0,1,3) - g3 f(0,1,2,3,4) >= f(0,1,3)
Step=103 #############................. Axiom79 34(0,1,2) - g3 f(0,1,2,3,4) >= f(0,1,2)
Step=103 ##############................ Axiom19 12(0,3) - g2 f(0,1,3) + f(0,2,3) >= f(0,3) + f(0,1,2,3,4)
Step=103 ##############................ Axiom35 13(0,2) - g2 f(0,1,2) + f(0,2,3) >= f(0,2) + f(0,1,2,3,4)
Step=103 ##############................ Axiom43 23(0,1) - g2 f(0,1,2) + f(0,1,3) >= f(0,1) + f(0,1,2,3,4)
Step=103 ###############............... Axiom4 01(4) - g1 f(0,4) + f(1,4) >= f(4) + f(0,1,4)
Step=103 ###############............... Axiom12 02(4) - g1 f(0,4) + f(2,4) >= f(4) + f(0,2,4)
Step=103 ###############............... Axiom28 03(4) - g1 f(0,4) + f(3,4) >= f(4) + f(0,3,4)
Step=103 ###############............... Axiom1 01(2) - g1 f(0,2) + f(1,2) >= f(2) + f(0,1,2)
Step=103 ###############............... Axiom2 01(3) - g1 f(0,3) + f(1,3) >= f(3) + f(0,1,3)
Step=103 ###############............... Axiom9 02(1) - g1 f(0,1) + f(1,2) >= f(1) + f(0,1,2)
Step=103 ###############............... Axiom10 02(3) - g1 f(0,3) + f(2,3) >= f(3) + f(0,2,3)
Step=103 ###############............... Axiom25 03(1) - g1 f(0,1) + f(1,3) >= f(1) + f(0,1,3)
Step=103 ###############............... Axiom26 03(2) - g1 f(0,2) + f(2,3) >= f(2) + f(0,2,3)
Step=103 #################............. Axiom3 01(2,3) - g2 f(0,2,3) + f(1,2,3) >= f(2,3) + f(0,1,2,3,4)
Step=103 #################............. Axiom11 02(1,3) - g2 f(0,1,3) + f(1,2,3) >= f(1,3) + f(0,1,2,3,4)
Step=103 #################............. Axiom27 03(1,2) - g2 f(0,1,2) + f(1,2,3) >= f(1,2) + f(0,1,2,3,4)
Step=103 #################............. Axiom51 04(1,2) - g2 f(0,1,2) + f(1,2,4) >= f(1,2) + f(0,1,2,3,4)
Step=103 #################............. Axiom53 04(1,3) - g2 f(0,1,3) + f(1,3,4) >= f(1,3) + f(0,1,2,3,4)
Step=103 #################............. Axiom54 04(2,3) - g2 f(0,2,3) + f(2,3,4) >= f(2,3) + f(0,1,2,3,4)
Step=103 #################............. Axiom21 12(0,4) - g2 f(0,1,4) + f(0,2,4) >= f(0,1,2,3,4) + f(0,4)
Step=103 #################............. Axiom37 13(0,4) - g2 f(0,1,4) + f(0,3,4) >= f(0,1,2,3,4) + f(0,4)
Step=103 #################............. Axiom45 23(0,4) - g2 f(0,2,4) + f(0,3,4) >= f(0,1,2,3,4) + f(0,4)
Step=103 ##################............ Axiom5 01(2,4) - g2 f(0,2,4) + f(1,2,4) >= f(0,1,2,3,4) + f(2,4)
Step=103 ##################............ Axiom6 01(3,4) - g2 f(0,3,4) + f(1,3,4) >= f(0,1,2,3,4) + f(3,4)
Step=103 ##################............ Axiom13 02(1,4) - g2 f(0,1,4) + f(1,2,4) >= f(0,1,2,3,4) + f(1,4)
Step=103 ##################............ Axiom14 02(3,4) - g2 f(0,3,4) + f(2,3,4) >= f(0,1,2,3,4) + f(3,4)
Step=103 ##################............ Axiom29 03(1,4) - g2 f(0,1,4) + f(1,3,4) >= f(0,1,2,3,4) + f(1,4)
Step=103 ##################............ Axiom30 03(2,4) - g2 f(0,2,4) + f(2,3,4) >= f(0,1,2,3,4) + f(2,4)
Step=103 ##################............ Axiom22 12(3,4) - g2 f(1,3,4) + f(2,3,4) >= f(0,1,2,3,4) + f(3,4)
Step=103 ##################............ Axiom38 13(2,4) - g2 f(1,2,4) + f(2,3,4) >= f(0,1,2,3,4) + f(2,4)
Step=103 ##################............ Axiom46 23(1,4) - g2 f(1,2,4) + f(1,3,4) >= f(0,1,2,3,4) + f(1,4)
Step=103 ##################............ Axiom58 14(2) - g1 f(1,2) + f(2,4) >= f(2) + f(1,2,4)
Step=103 ##################............ Axiom60 14(3) - g1 f(1,3) + f(3,4) >= f(3) + f(1,3,4)
Step=103 ##################............ Axiom66 24(1) - g1 f(1,2) + f(1,4) >= f(1) + f(1,2,4)
Step=103 ##################............ Axiom68 24(3) - g1 f(2,3) + f(3,4) >= f(3) + f(2,3,4)
Step=103 ##################............ Axiom74 34(1) - g1 f(1,3) + f(1,4) >= f(1) + f(1,3,4)
Step=103 ##################............ Axiom76 34(2) - g1 f(2,3) + f(2,4) >= f(2) + f(2,3,4)
Step=103 ##################............ Axiom62 14(2,3) - g2 f(1,2,3) + f(2,3,4) >= f(2,3) + f(0,1,2,3,4)
Step=103 ##################............ Axiom70 24(1,3) - g2 f(1,2,3) + f(1,3,4) >= f(1,3) + f(0,1,2,3,4)
Step=103 ##################............ Axiom78 34(1,2) - g2 f(1,2,3) + f(1,2,4) >= f(1,2) + f(0,1,2,3,4)
Step=103 ###################........... Axiom20 12(4) - g1 f(1,4) + f(2,4) >= f(4) + f(1,2,4)
Step=103 ###################........... Axiom36 13(4) - g1 f(1,4) + f(3,4) >= f(4) + f(1,3,4)
Step=103 ###################........... Axiom44 23(4) - g1 f(2,4) + f(3,4) >= f(4) + f(2,3,4)
Step=103 ###################........... Axiom18 12(3) - g1 f(1,3) + f(2,3) >= f(3) + f(1,2,3)
Step=103 ###################........... Axiom34 13(2) - g1 f(1,2) + f(2,3) >= f(2) + f(1,2,3)
Step=103 ###################........... Axiom42 23(1) - g1 f(1,2) + f(1,3) >= f(1) + f(1,2,3)
Step=103 ####################.......... Axiom57 14(0) - g1 f(0,1) + f(0,4) >= f(0) + f(0,1,4)
Step=103 ####################.......... Axiom65 24(0) - g1 f(0,2) + f(0,4) >= f(0) + f(0,2,4)
Step=103 ####################.......... Axiom73 34(0) - g1 f(0,3) + f(0,4) >= f(0) + f(0,3,4)
Step=103 ####################.......... Axiom17 12(0) - g1 f(0,1) + f(0,2) >= f(0) + f(0,1,2)
Step=103 ####################.......... Axiom33 13(0) - g1 f(0,1) + f(0,3) >= f(0) + f(0,1,3)
Step=103 ####################.......... Axiom41 23(0) - g1 f(0,2) + f(0,3) >= f(0) + f(0,2,3)
Step=103 #####################......... Axiom49 04(1) - g1 f(0,1) + f(1,4) >= f(1) + f(0,1,4)
Step=103 #####################......... Axiom50 04(2) - g1 f(0,2) + f(2,4) >= f(2) + f(0,2,4)
Step=103 #####################......... Axiom52 04(3) - g1 f(0,3) + f(3,4) >= f(3) + f(0,3,4)
Step=103 ############################## Axiom48 04() - g0 f(0) + f(4) >= f(0,4)

Ordered by number of previous rays:
Step=103 $$$$$$$$$$$$$$$$$$$$$$$....... (min) Axiom16 12() - g0 f(1) + f(2) >= f(1,2)
Step=103 $$$$$$$$$$$$$$$$$$$$$$$....... (min) Axiom32 13() - g0 f(1) + f(3) >= f(1,3)
Step=103 $$$$$$$$$$$$$$$$$$$$$$$....... (min) Axiom40 23() - g0 f(2) + f(3) >= f(2,3)
Step=103 $$$$$$$$$$$$$$$$$$$$$$$$...... Axiom56 14() - g0 f(1) + f(4) >= f(1,4)
Step=103 $$$$$$$$$$$$$$$$$$$$$$$$...... Axiom64 24() - g0 f(2) + f(4) >= f(2,4)
Step=103 $$$$$$$$$$$$$$$$$$$$$$$$...... Axiom72 34() - g0 f(3) + f(4) >= f(3,4)
Step=103 $$$$$$$$$$$$$$$$$$$$$$$$...... Axiom1 01(2) - g1 f(0,2) + f(1,2) >= f(2) + f(0,1,2)
Step=103 $$$$$$$$$$$$$$$$$$$$$$$$...... Axiom2 01(3) - g1 f(0,3) + f(1,3) >= f(3) + f(0,1,3)
Step=103 $$$$$$$$$$$$$$$$$$$$$$$$...... Axiom9 02(1) - g1 f(0,1) + f(1,2) >= f(1) + f(0,1,2)
Step=103 $$$$$$$$$$$$$$$$$$$$$$$$...... Axiom10 02(3) - g1 f(0,3) + f(2,3) >= f(3) + f(0,2,3)
Step=103 $$$$$$$$$$$$$$$$$$$$$$$$...... Axiom25 03(1) - g1 f(0,1) + f(1,3) >= f(1) + f(0,1,3)
Step=103 $$$$$$$$$$$$$$$$$$$$$$$$...... Axiom26 03(2) - g1 f(0,2) + f(2,3) >= f(2) + f(0,2,3)
Step=103 $$$$$$$$$$$$$$$$$$$$$$$$...... Axiom23 12(0,3,4) - g3 f(0,1,2,3,4) >= f(0,3,4)
Step=103 $$$$$$$$$$$$$$$$$$$$$$$$...... Axiom39 13(0,2,4) - g3 f(0,1,2,3,4) >= f(0,2,4)
Step=103 $$$$$$$$$$$$$$$$$$$$$$$$...... Axiom47 23(0,1,4) - g3 f(0,1,2,3,4) >= f(0,1,4)
Step=103 $$$$$$$$$$$$$$$$$$$$$$$$...... Axiom7 01(2,3,4) - g3 f(0,1,2,3,4) >= f(2,3,4)
Step=103 $$$$$$$$$$$$$$$$$$$$$$$$...... Axiom15 02(1,3,4) - g3 f(0,1,2,3,4) >= f(1,3,4)
Step=103 $$$$$$$$$$$$$$$$$$$$$$$$...... Axiom31 03(1,2,4) - g3 f(0,1,2,3,4) >= f(1,2,4)
Step=103 $$$$$$$$$$$$$$$$$$$$$$$$...... Axiom55 04(1,2,3) - g3 f(0,1,2,3,4) >= f(1,2,3)
Step=103 $$$$$$$$$$$$$$$$$$$$$$$$...... Axiom63 14(0,2,3) - g3 f(0,1,2,3,4) >= f(0,2,3)
Step=103 $$$$$$$$$$$$$$$$$$$$$$$$...... Axiom71 24(0,1,3) - g3 f(0,1,2,3,4) >= f(0,1,3)
Step=103 $$$$$$$$$$$$$$$$$$$$$$$$...... Axiom79 34(0,1,2) - g3 f(0,1,2,3,4) >= f(0,1,2)
Step=103 $$$$$$$$$$$$$$$$$$$$$$$$...... Axiom4 01(4) - g1 f(0,4) + f(1,4) >= f(4) + f(0,1,4)
Step=103 $$$$$$$$$$$$$$$$$$$$$$$$...... Axiom12 02(4) - g1 f(0,4) + f(2,4) >= f(4) + f(0,2,4)
Step=103 $$$$$$$$$$$$$$$$$$$$$$$$...... Axiom28 03(4) - g1 f(0,4) + f(3,4) >= f(4) + f(0,3,4)
Step=103 $$$$$$$$$$$$$$$$$$$$$$$$$..... Axiom59 14(0,2) - g2 f(0,1,2) + f(0,2,4) >= f(0,2) + f(0,1,2,3,4)
Step=103 $$$$$$$$$$$$$$$$$$$$$$$$$..... Axiom61 14(0,3) - g2 f(0,1,3) + f(0,3,4) >= f(0,3) + f(0,1,2,3,4)
Step=103 $$$$$$$$$$$$$$$$$$$$$$$$$..... Axiom67 24(0,1) - g2 f(0,1,2) + f(0,1,4) >= f(0,1) + f(0,1,2,3,4)
Step=103 $$$$$$$$$$$$$$$$$$$$$$$$$..... Axiom69 24(0,3) - g2 f(0,2,3) + f(0,3,4) >= f(0,3) + f(0,1,2,3,4)
Step=103 $$$$$$$$$$$$$$$$$$$$$$$$$..... Axiom75 34(0,1) - g2 f(0,1,3) + f(0,1,4) >= f(0,1) + f(0,1,2,3,4)
Step=103 $$$$$$$$$$$$$$$$$$$$$$$$$..... Axiom77 34(0,2) - g2 f(0,2,3) + f(0,2,4) >= f(0,2) + f(0,1,2,3,4)
Step=103 $$$$$$$$$$$$$$$$$$$$$$$$$$.... Axiom19 12(0,3) - g2 f(0,1,3) + f(0,2,3) >= f(0,3) + f(0,1,2,3,4)
Step=103 $$$$$$$$$$$$$$$$$$$$$$$$$$.... Axiom35 13(0,2) - g2 f(0,1,2) + f(0,2,3) >= f(0,2) + f(0,1,2,3,4)
Step=103 $$$$$$$$$$$$$$$$$$$$$$$$$$.... Axiom43 23(0,1) - g2 f(0,1,2) + f(0,1,3) >= f(0,1) + f(0,1,2,3,4)
Step=103 $$$$$$$$$$$$$$$$$$$$$$$$$$.... Axiom62 14(2,3) - g2 f(1,2,3) + f(2,3,4) >= f(2,3) + f(0,1,2,3,4)
Step=103 $$$$$$$$$$$$$$$$$$$$$$$$$$.... Axiom70 24(1,3) - g2 f(1,2,3) + f(1,3,4) >= f(1,3) + f(0,1,2,3,4)
Step=103 $$$$$$$$$$$$$$$$$$$$$$$$$$.... Axiom78 34(1,2) - g2 f(1,2,3) + f(1,2,4) >= f(1,2) + f(0,1,2,3,4)
Step=103 $$$$$$$$$$$$$$$$$$$$$$$$$$.... Axiom3 01(2,3) - g2 f(0,2,3) + f(1,2,3) >= f(2,3) + f(0,1,2,3,4)
Step=103 $$$$$$$$$$$$$$$$$$$$$$$$$$.... Axiom11 02(1,3) - g2 f(0,1,3) + f(1,2,3) >= f(1,3) + f(0,1,2,3,4)
Step=103 $$$$$$$$$$$$$$$$$$$$$$$$$$.... Axiom27 03(1,2) - g2 f(0,1,2) + f(1,2,3) >= f(1,2) + f(0,1,2,3,4)
Step=103 $$$$$$$$$$$$$$$$$$$$$$$$$$.... Axiom17 12(0) - g1 f(0,1) + f(0,2) >= f(0) + f(0,1,2)
Step=103 $$$$$$$$$$$$$$$$$$$$$$$$$$.... Axiom33 13(0) - g1 f(0,1) + f(0,3) >= f(0) + f(0,1,3)
Step=103 $$$$$$$$$$$$$$$$$$$$$$$$$$.... Axiom41 23(0) - g1 f(0,2) + f(0,3) >= f(0) + f(0,2,3)
Step=103 $$$$$$$$$$$$$$$$$$$$$$$$$$.... Axiom22 12(3,4) - g2 f(1,3,4) + f(2,3,4) >= f(0,1,2,3,4) + f(3,4)
Step=103 $$$$$$$$$$$$$$$$$$$$$$$$$$.... Axiom38 13(2,4) - g2 f(1,2,4) + f(2,3,4) >= f(0,1,2,3,4) + f(2,4)
Step=103 $$$$$$$$$$$$$$$$$$$$$$$$$$.... Axiom46 23(1,4) - g2 f(1,2,4) + f(1,3,4) >= f(0,1,2,3,4) + f(1,4)
Step=103 $$$$$$$$$$$$$$$$$$$$$$$$$$.... Axiom51 04(1,2) - g2 f(0,1,2) + f(1,2,4) >= f(1,2) + f(0,1,2,3,4)
Step=103 $$$$$$$$$$$$$$$$$$$$$$$$$$.... Axiom53 04(1,3) - g2 f(0,1,3) + f(1,3,4) >= f(1,3) + f(0,1,2,3,4)
Step=103 $$$$$$$$$$$$$$$$$$$$$$$$$$.... Axiom54 04(2,3) - g2 f(0,2,3) + f(2,3,4) >= f(2,3) + f(0,1,2,3,4)
Step=103 $$$$$$$$$$$$$$$$$$$$$$$$$$.... Axiom5 01(2,4) - g2 f(0,2,4) + f(1,2,4) >= f(0,1,2,3,4) + f(2,4)
Step=103 $$$$$$$$$$$$$$$$$$$$$$$$$$.... Axiom6 01(3,4) - g2 f(0,3,4) + f(1,3,4) >= f(0,1,2,3,4) + f(3,4)
Step=103 $$$$$$$$$$$$$$$$$$$$$$$$$$.... Axiom13 02(1,4) - g2 f(0,1,4) + f(1,2,4) >= f(0,1,2,3,4) + f(1,4)
Step=103 $$$$$$$$$$$$$$$$$$$$$$$$$$.... Axiom14 02(3,4) - g2 f(0,3,4) + f(2,3,4) >= f(0,1,2,3,4) + f(3,4)
Step=103 $$$$$$$$$$$$$$$$$$$$$$$$$$.... Axiom29 03(1,4) - g2 f(0,1,4) + f(1,3,4) >= f(0,1,2,3,4) + f(1,4)
Step=103 $$$$$$$$$$$$$$$$$$$$$$$$$$.... Axiom30 03(2,4) - g2 f(0,2,4) + f(2,3,4) >= f(0,1,2,3,4) + f(2,4)
Step=103 $$$$$$$$$$$$$$$$$$$$$$$$$$.... Axiom21 12(0,4) - g2 f(0,1,4) + f(0,2,4) >= f(0,1,2,3,4) + f(0,4)
Step=103 $$$$$$$$$$$$$$$$$$$$$$$$$$.... Axiom37 13(0,4) - g2 f(0,1,4) + f(0,3,4) >= f(0,1,2,3,4) + f(0,4)
Step=103 $$$$$$$$$$$$$$$$$$$$$$$$$$.... Axiom45 23(0,4) - g2 f(0,2,4) + f(0,3,4) >= f(0,1,2,3,4) + f(0,4)
Step=103 $$$$$$$$$$$$$$$$$$$$$$$$$$$... Axiom58 14(2) - g1 f(1,2) + f(2,4) >= f(2) + f(1,2,4)
Step=103 $$$$$$$$$$$$$$$$$$$$$$$$$$$... Axiom60 14(3) - g1 f(1,3) + f(3,4) >= f(3) + f(1,3,4)
Step=103 $$$$$$$$$$$$$$$$$$$$$$$$$$$... Axiom66 24(1) - g1 f(1,2) + f(1,4) >= f(1) + f(1,2,4)
Step=103 $$$$$$$$$$$$$$$$$$$$$$$$$$$... Axiom68 24(3) - g1 f(2,3) + f(3,4) >= f(3) + f(2,3,4)
Step=103 $$$$$$$$$$$$$$$$$$$$$$$$$$$... Axiom74 34(1) - g1 f(1,3) + f(1,4) >= f(1) + f(1,3,4)
Step=103 $$$$$$$$$$$$$$$$$$$$$$$$$$$... Axiom76 34(2) - g1 f(2,3) + f(2,4) >= f(2) + f(2,3,4)
Step=103 $$$$$$$$$$$$$$$$$$$$$$$$$$$... Axiom57 14(0) - g1 f(0,1) + f(0,4) >= f(0) + f(0,1,4)
Step=103 $$$$$$$$$$$$$$$$$$$$$$$$$$$... Axiom65 24(0) - g1 f(0,2) + f(0,4) >= f(0) + f(0,2,4)
Step=103 $$$$$$$$$$$$$$$$$$$$$$$$$$$... Axiom73 34(0) - g1 f(0,3) + f(0,4) >= f(0) + f(0,3,4)
Step=103 $$$$$$$$$$$$$$$$$$$$$$$$$$$... Axiom20 12(4) - g1 f(1,4) + f(2,4) >= f(4) + f(1,2,4)
Step=103 $$$$$$$$$$$$$$$$$$$$$$$$$$$... Axiom36 13(4) - g1 f(1,4) + f(3,4) >= f(4) + f(1,3,4)
Step=103 $$$$$$$$$$$$$$$$$$$$$$$$$$$... Axiom44 23(4) - g1 f(2,4) + f(3,4) >= f(4) + f(2,3,4)
Step=103 $$$$$$$$$$$$$$$$$$$$$$$$$$$... Axiom49 04(1) - g1 f(0,1) + f(1,4) >= f(1) + f(0,1,4)
Step=103 $$$$$$$$$$$$$$$$$$$$$$$$$$$... Axiom50 04(2) - g1 f(0,2) + f(2,4) >= f(2) + f(0,2,4)
Step=103 $$$$$$$$$$$$$$$$$$$$$$$$$$$... Axiom52 04(3) - g1 f(0,3) + f(3,4) >= f(3) + f(0,3,4)
Step=103 $$$$$$$$$$$$$$$$$$$$$$$$$$$... Axiom18 12(3) - g1 f(1,3) + f(2,3) >= f(3) + f(1,2,3)
Step=103 $$$$$$$$$$$$$$$$$$$$$$$$$$$... Axiom34 13(2) - g1 f(1,2) + f(2,3) >= f(2) + f(1,2,3)
Step=103 $$$$$$$$$$$$$$$$$$$$$$$$$$$... Axiom42 23(1) - g1 f(1,2) + f(1,3) >= f(1) + f(1,2,3)
Step=103 $$$$$$$$$$$$$$$$$$$$$$$$$$$$$$ Axiom48 04() - g0 f(0) + f(4) >= f(0,4)
