Step=100 PrevRays= 53222 ResultRays= 56000 RayPairs= 359124627 NewAxiom=1 PrevAxioms=80,81,82,83,84,85,86,87,88,89,90,91,92,93,94,95,96,97,98,99,100,101,102,103,104,105,7,14,6,15,22,23,48,29,30,38,53,54,56,62,2,18,26,50,34,58,52,70,4,64,37,72,65,68,49,25,66,69,36,47,44,46,13,55,3,76,78,20,77,43,63,11,9,10,19,61,12,28,45,39,73,67,51,5,71,79,59,31,21,17,75,35,27,33,42,74,60,57,41,+1 MissingAxioms=0,8,16,24,32,40 TotalTime=62.0
Step=100 PrevRays= 53222 ResultRays= 56000 RayPairs= 359124627 NewAxiom=2 PrevAxioms=80,81,82,83,84,85,86,87,88,89,90,91,92,93,94,95,96,97,98,99,100,101,102,103,104,105,7,14,6,15,22,23,48,29,30,38,53,54,56,62,1,10,18,52,12,72,20,64,73,36,47,67,21,70,4,45,60,74,55,71,11,61,37,39,59,17,57,75,79,28,43,49,33,25,46,78,42,44,13,31,58,27,51,65,50,34,63,19,35,77,3,9,41,69,5,26,76,66,68,+2 MissingAxioms=0,8,16,24,32,40 TotalTime=76.5
Step=100 PrevRays= 57054 ResultRays= 56000 RayPairs= 276804932 NewAxiom=3 PrevAxioms=80,81,82,83,84,85,86,87,88,89,90,91,92,93,94,95,96,97,98,99,100,101,102,103,104,105,7,14,6,15,22,23,48,29,30,38,53,54,56,62,1,2,18,52,70,4,72,10,37,64,73,49,9,20,60,74,55,27,58,46,66,42,78,11,25,43,75,36,31,5,59,39,61,71,13,68,76,47,67,44,12,57,45,69,34,79,21,51,50,19,63,77,65,28,33,26,35,41,17,+3 MissingAxioms=0,8,16,24,32,40 TotalTime=36.9
Step=100 PrevRays= 57996 ResultRays= 56000 RayPairs= 452677168 NewAxiom=4 PrevAxioms=80,81,82,83,84,85,86,87,88,89,90,91,92,93,94,95,96,97,98,99,100,101,102,103,104,105,7,14,6,15,22,23,48,29,30,38,53,54,56,62,1,2,18,52,70,10,72,49,9,12,57,64,60,68,20,74,58,45,63,35,76,28,39,59,5,44,46,66,69,31,47,73,78,75,61,36,37,34,3,13,25,21,19,42,11,33,17,55,71,77,79,26,27,43,67,51,50,65,41,+4 MissingAxioms=0,8,16,24,32,40 TotalTime=56.3
Step=100 PrevRays= 59032 ResultRays= 56000 RayPairs= 389819998 NewAxiom=5 PrevAxioms=80,81,82,83,84,85,86,87,88,89,90,91,92,93,94,95,96,97,98,99,100,101,102,103,104,105,7,14,6,15,22,23,48,29,30,38,53,54,56,62,1,2,18,52,70,4,72,10,37,64,73,49,9,20,60,74,55,27,58,46,66,42,78,11,25,43,75,36,31,39,59,61,71,3,68,44,51,79,76,50,57,19,35,63,69,28,45,12,47,26,77,65,67,13,41,21,17,33,34,+5 MissingAxioms=0,8,16,24,32,40 TotalTime=49.2
Step=100 PrevRays= 59032 ResultRays= 56000 RayPairs= 389819998 NewAxiom=6 PrevAxioms=80,81,82,83,84,85,86,87,88,89,90,91,92,93,94,95,96,97,98,99,100,101,102,103,104,105,7,14,15,22,23,30,38,48,54,62,10,12,56,18,20,64,72,26,50,34,58,45,65,44,66,31,5,46,39,49,9,69,41,61,13,4,57,70,68,55,3,2,76,78,28,21,17,77,36,63,19,52,1,47,42,71,11,29,73,75,60,53,37,33,74,25,79,27,35,43,51,59,67,+6 MissingAxioms=0,8,16,24,32,40 TotalTime=69.4
Step=100 PrevRays= 53963 ResultRays= 56000 RayPairs= 268222732 NewAxiom=7 PrevAxioms=80,81,82,83,84,85,86,87,88,89,90,91,92,93,94,95,96,97,98,99,100,101,102,103,104,105,15,6,14,23,22,48,29,46,53,56,69,70,1,2,52,10,54,45,60,55,27,9,61,64,11,12,36,4,37,28,30,74,72,31,39,73,21,25,59,38,75,44,62,13,47,33,17,57,5,18,68,76,20,58,78,66,67,42,79,43,51,71,19,63,35,41,77,3,34,65,50,26,49,+7 MissingAxioms=0,8,16,24,32,40 TotalTime=54.0
Step=100 PrevRays= 53222 ResultRays= 56000 RayPairs= 359124627 NewAxiom=9 PrevAxioms=80,81,82,83,84,85,86,87,88,89,90,91,92,93,94,95,96,97,98,99,100,101,102,103,104,105,7,14,6,15,22,23,48,29,30,38,53,54,56,62,1,2,18,52,70,4,72,10,37,64,73,49,20,57,17,60,55,27,46,11,68,76,45,74,61,75,36,31,13,39,28,44,69,47,21,5,12,51,50,77,65,26,33,41,71,19,25,3,63,79,78,42,43,35,67,59,58,66,34,+9 MissingAxioms=0,8,16,24,32,40 TotalTime=43.7
Step=100 PrevRays= 53222 ResultRays= 56000 RayPairs= 359124627 NewAxiom=10 PrevAxioms=80,81,82,83,84,85,86,87,88,89,90,91,92,93,94,95,96,97,98,99,100,101,102,103,104,105,7,14,6,15,22,23,48,29,30,38,53,54,56,62,1,2,18,52,70,4,72,37,64,73,60,68,49,9,74,20,63,35,61,25,46,76,3,75,34,78,44,39,31,5,69,36,13,11,58,47,28,66,57,21,12,59,45,42,71,17,55,79,19,33,77,26,27,43,51,67,50,41,65,+10 MissingAxioms=0,8,16,24,32,40 TotalTime=48.0
Step=100 PrevRays= 57054 ResultRays= 56000 RayPairs= 276804932 NewAxiom=11 PrevAxioms=80,81,82,83,84,85,86,87,88,89,90,91,92,93,94,95,96,97,98,99,100,101,102,103,104,105,7,14,6,15,22,23,48,29,30,38,53,54,56,62,1,2,18,52,70,4,72,10,37,64,73,49,9,20,60,74,55,27,58,46,66,42,78,45,57,36,31,5,59,39,61,75,28,12,44,25,34,21,51,50,67,79,65,43,17,47,33,26,3,35,19,63,77,71,69,13,41,68,76,+11 MissingAxioms=0,8,16,24,32,40 TotalTime=54.2
Step=100 PrevRays= 57996 ResultRays= 56000 RayPairs= 452677168 NewAxiom=12 PrevAxioms=80,81,82,83,84,85,86,87,88,89,90,91,92,93,94,95,96,97,98,99,100,101,102,103,104,105,7,14,6,15,22,23,48,29,30,38,53,54,56,62,1,2,18,52,70,4,72,10,37,64,73,49,9,20,60,74,55,27,58,46,66,42,78,11,25,43,75,36,31,5,59,39,61,71,13,3,68,76,47,67,44,57,34,21,79,51,50,19,63,35,65,28,77,69,26,45,33,17,41,+12 MissingAxioms=0,8,16,24,32,40 TotalTime=34.8
Step=100 PrevRays= 59032 ResultRays= 56000 RayPairs= 389819998 NewAxiom=13 PrevAxioms=80,81,82,83,84,85,86,87,88,89,90,91,92,93,94,95,96,97,98,99,100,101,102,103,104,105,7,14,6,15,22,23,48,29,30,38,53,54,56,62,1,2,18,52,70,4,72,10,37,64,73,49,9,20,60,74,55,27,58,46,66,42,78,11,25,43,75,36,31,5,59,39,61,71,51,57,44,47,34,21,3,50,19,68,67,63,35,65,17,79,69,77,26,45,41,76,28,33,12,+13 MissingAxioms=0,8,16,24,32,40 TotalTime=54.3
Step=100 PrevRays= 59032 ResultRays= 56000 RayPairs= 389819998 NewAxiom=14 PrevAxioms=80,81,82,83,84,85,86,87,88,89,90,91,92,93,94,95,96,97,98,99,100,101,102,103,104,105,7,15,22,6,23,29,46,48,53,70,2,4,56,18,30,64,20,72,25,49,42,66,37,57,36,58,31,13,38,47,39,59,77,62,34,50,63,79,35,65,67,51,5,9,21,45,12,33,17,61,44,28,19,3,60,74,75,43,78,71,41,27,69,55,11,10,54,26,68,52,73,76,1,+14 MissingAxioms=0,8,16,24,32,40 TotalTime=57.3
Step=100 PrevRays= 53963 ResultRays= 56000 RayPairs= 268222732 NewAxiom=15 PrevAxioms=80,81,82,83,84,85,86,87,88,89,90,91,92,93,94,95,96,97,98,99,100,101,102,103,104,105,7,14,6,23,22,48,30,38,54,56,61,62,1,2,10,52,53,33,37,57,68,55,27,76,69,34,58,78,3,4,49,35,12,28,29,64,45,44,66,36,46,20,72,39,21,73,75,13,47,31,79,51,67,26,77,50,9,59,17,43,71,63,25,5,11,74,70,42,19,60,41,18,65,+15 MissingAxioms=0,8,16,24,32,40 TotalTime=49.7
Step=100 PrevRays= 53222 ResultRays= 56000 RayPairs= 359124627 NewAxiom=17 PrevAxioms=80,81,82,83,84,85,86,87,88,89,90,91,92,93,94,95,96,97,98,99,100,101,102,103,104,105,7,14,6,15,22,23,48,29,30,38,53,54,56,62,1,2,18,52,70,4,72,10,37,64,73,49,9,20,60,74,55,27,58,46,66,42,78,11,25,43,75,36,31,5,59,39,61,71,13,3,68,76,47,67,44,12,57,45,34,21,51,50,65,33,19,63,35,69,79,77,26,41,28,+17 MissingAxioms=0,8,16,24,32,40 TotalTime=34.5
Step=100 PrevRays= 53222 ResultRays= 56000 RayPairs= 359124627 NewAxiom=18 PrevAxioms=80,81,82,83,84,85,86,87,88,89,90,91,92,93,94,95,96,97,98,99,100,101,102,103,104,105,7,14,6,15,22,23,48,29,30,38,53,54,56,62,1,2,52,4,72,10,37,64,73,49,9,20,60,74,68,70,55,36,47,27,34,13,76,31,78,39,57,46,51,5,44,61,75,42,69,21,66,58,59,45,25,12,11,17,63,35,43,79,50,77,3,19,67,71,26,33,41,65,28,+18 MissingAxioms=0,8,16,24,32,40 TotalTime=49.8
Step=100 PrevRays= 57054 ResultRays= 56000 RayPairs= 276804932 NewAxiom=19 PrevAxioms=80,81,82,83,84,85,86,87,88,89,90,91,92,93,94,95,96,97,98,99,100,101,102,103,104,105,7,14,6,15,22,23,48,29,30,38,53,54,56,62,1,2,18,52,70,4,72,10,37,64,73,49,9,20,60,74,55,27,58,46,66,42,78,11,25,43,75,36,31,5,59,39,61,71,13,3,68,76,47,67,44,12,57,45,34,21,51,50,65,33,26,69,77,17,79,35,63,28,41,+19 MissingAxioms=0,8,16,24,32,40 TotalTime=38.8
Step=100 PrevRays= 57996 ResultRays= 56000 RayPairs= 452677168 NewAxiom=20 PrevAxioms=80,81,82,83,84,85,86,87,88,89,90,91,92,93,94,95,96,97,98,99,100,101,102,103,104,105,7,14,6,15,22,23,48,29,30,38,53,54,56,62,1,2,18,52,70,4,72,10,37,64,73,49,9,60,74,58,68,36,47,66,28,12,76,55,11,78,57,21,45,39,31,61,75,69,44,46,13,5,34,71,77,33,3,42,63,25,19,17,35,59,79,41,43,27,51,67,65,50,26,+20 MissingAxioms=0,8,16,24,32,40 TotalTime=64.6
Step=100 PrevRays= 59032 ResultRays= 56000 RayPairs= 389819998 NewAxiom=21 PrevAxioms=80,81,82,83,84,85,86,87,88,89,90,91,92,93,94,95,96,97,98,99,100,101,102,103,104,105,7,14,6,15,22,23,48,29,30,38,53,54,56,62,1,2,18,52,70,4,72,10,37,64,73,49,9,20,60,74,55,27,58,46,66,42,78,11,25,43,75,36,31,5,59,39,61,71,13,3,68,76,47,67,44,12,57,45,34,79,51,50,65,35,26,19,69,28,63,77,33,41,17,+21 MissingAxioms=0,8,16,24,32,40 TotalTime=36.0
Step=100 PrevRays= 59032 ResultRays= 56000 RayPairs= 389819998 NewAxiom=22 PrevAxioms=80,81,82,83,84,85,86,87,88,89,90,91,92,93,94,95,96,97,98,99,100,101,102,103,104,105,7,14,6,15,23,37,45,48,61,69,2,10,38,56,1,4,72,33,57,68,49,53,52,54,12,64,29,71,19,73,75,28,39,5,59,58,47,30,76,21,31,51,50,11,18,77,35,65,3,17,46,36,13,26,27,63,66,67,60,41,55,70,20,74,79,9,43,62,34,78,42,25,44,+22 MissingAxioms=0,8,16,24,32,40 TotalTime=50.4
Step=100 PrevRays= 53963 ResultRays= 56000 RayPairs= 268222732 NewAxiom=23 PrevAxioms=80,81,82,83,84,85,86,87,88,89,90,91,92,93,94,95,96,97,98,99,100,101,102,103,104,105,7,14,6,15,22,48,29,30,38,53,54,56,62,1,2,18,60,52,61,4,72,49,57,10,68,70,9,64,20,36,47,37,13,76,31,39,55,3,74,59,46,44,75,5,58,78,45,28,66,25,42,12,21,69,11,73,63,35,34,17,71,19,33,77,79,26,27,43,51,67,65,41,50,+23 MissingAxioms=0,8,16,24,32,40 TotalTime=50.5
Step=100 PrevRays= 53222 ResultRays= 56000 RayPairs= 359124627 NewAxiom=25 PrevAxioms=80,81,82,83,84,85,86,87,88,89,90,91,92,93,94,95,96,97,98,99,100,101,102,103,104,105,7,14,6,15,22,23,48,29,30,38,53,54,56,62,1,2,18,52,70,4,72,10,37,64,73,49,9,20,60,74,55,27,58,46,66,42,78,11,43,75,36,31,5,59,39,61,13,71,44,34,79,3,57,68,21,47,17,12,67,45,19,63,35,69,76,51,28,77,26,33,50,65,41,+25 MissingAxioms=0,8,16,24,32,40 TotalTime=42.7
Step=100 PrevRays= 53222 ResultRays= 56000 RayPairs= 359124627 NewAxiom=26 PrevAxioms=80,81,82,83,84,85,86,87,88,89,90,91,92,93,94,95,96,97,98,99,100,101,102,103,104,105,7,14,6,15,22,23,48,29,30,38,53,54,56,62,1,2,18,52,70,4,72,10,37,64,73,49,9,20,60,74,55,27,58,46,66,42,78,11,25,43,75,36,31,5,59,39,61,71,13,3,68,76,47,67,44,12,57,45,34,21,51,50,65,33,19,63,35,69,17,79,77,41,28,+26 MissingAxioms=0,8,16,24,32,40 TotalTime=34.0
Step=100 PrevRays= 57054 ResultRays= 56000 RayPairs= 276804932 NewAxiom=27 PrevAxioms=80,81,82,83,84,85,86,87,88,89,90,91,92,93,94,95,96,97,98,99,100,101,102,103,104,105,7,14,6,15,22,23,48,29,30,38,53,54,56,62,1,2,18,52,70,4,72,10,37,64,73,49,9,20,60,74,55,58,66,78,11,46,42,45,75,61,36,47,21,39,44,28,13,57,5,59,34,63,3,25,17,35,12,19,33,71,69,31,76,77,79,68,26,51,67,43,50,65,41,+27 MissingAxioms=0,8,16,24,32,40 TotalTime=54.3
Step=100 PrevRays= 57996 ResultRays= 56000 RayPairs= 452677168 NewAxiom=28 PrevAxioms=80,81,82,83,84,85,86,87,88,89,90,91,92,93,94,95,96,97,98,99,100,101,102,103,104,105,7,14,6,15,22,23,48,29,30,38,53,54,56,62,1,2,18,52,70,4,72,10,37,64,73,49,9,20,60,74,55,27,58,46,66,42,78,11,25,43,75,36,31,5,59,39,61,71,13,3,68,76,47,67,44,12,57,45,34,21,51,50,65,33,19,63,35,69,17,79,77,26,41,+28 MissingAxioms=0,8,16,24,32,40 TotalTime=34.9
Step=100 PrevRays= 59032 ResultRays= 56000 RayPairs= 389819998 NewAxiom=29 PrevAxioms=80,81,82,83,84,85,86,87,88,89,90,91,92,93,94,95,96,97,98,99,100,101,102,103,104,105,7,14,6,15,22,23,48,30,38,53,54,56,62,1,2,18,52,70,10,37,4,72,57,49,17,64,60,68,12,76,55,27,3,74,28,47,20,13,46,73,26,77,36,31,75,61,69,45,5,50,51,33,11,65,44,21,39,71,19,41,9,63,25,78,79,34,35,43,59,67,66,58,42,+29 MissingAxioms=0,8,16,24,32,40 TotalTime=56.8
Step=100 PrevRays= 59032 ResultRays= 56000 RayPairs= 389819998 NewAxiom=30 PrevAxioms=80,81,82,83,84,85,86,87,88,89,90,91,92,93,94,95,96,97,98,99,100,101,102,103,104,105,7,14,6,15,22,23,48,29,38,53,54,56,62,1,2,18,52,70,4,72,10,37,64,73,49,9,20,60,74,55,12,58,75,66,78,3,46,42,36,47,13,31,61,28,57,44,25,34,76,63,11,71,35,19,69,33,17,39,68,79,77,59,5,21,45,41,43,27,51,67,65,50,26,+30 MissingAxioms=0,8,16,24,32,40 TotalTime=72.0
Step=100 PrevRays= 53963 ResultRays= 56000 RayPairs= 268222732 NewAxiom=31 PrevAxioms=80,81,82,83,84,85,86,87,88,89,90,91,92,93,94,95,96,97,98,99,100,101,102,103,104,105,7,14,6,15,22,23,48,29,30,38,53,54,56,62,1,2,18,52,70,4,72,10,37,64,73,49,9,20,60,74,55,27,58,46,66,42,78,11,25,43,75,36,5,59,61,71,3,68,51,50,76,44,57,19,28,12,45,69,63,65,67,33,26,77,21,17,35,41,13,34,39,47,79,+31 MissingAxioms=0,8,16,24,32,40 TotalTime=49.9
Step=100 PrevRays= 53222 ResultRays= 56000 RayPairs= 359124627 NewAxiom=33 PrevAxioms=80,81,82,83,84,85,86,87,88,89,90,91,92,93,94,95,96,97,98,99,100,101,102,103,104,105,7,14,6,15,22,23,48,29,30,38,53,54,56,62,1,2,18,52,70,4,72,10,37,64,73,49,9,20,60,74,55,27,58,46,66,42,78,11,25,43,75,36,31,5,59,39,61,71,13,3,68,76,47,67,44,12,57,45,34,21,51,50,65,19,63,35,69,17,79,77,26,41,28,+33 MissingAxioms=0,8,16,24,32,40 TotalTime=34.2
Step=100 PrevRays= 53222 ResultRays= 56000 RayPairs= 359124627 NewAxiom=34 PrevAxioms=80,81,82,83,84,85,86,87,88,89,90,91,92,93,94,95,96,97,98,99,100,101,102,103,104,105,7,14,6,15,22,23,48,29,30,38,53,54,56,62,1,2,18,52,70,4,72,10,37,64,73,49,9,20,60,74,55,27,58,46,66,42,78,11,25,43,75,36,31,5,59,39,61,71,13,3,68,76,47,67,44,12,57,45,21,19,33,63,69,79,17,35,51,50,77,26,65,41,28,+34 MissingAxioms=0,8,16,24,32,40 TotalTime=41.3
Step=100 PrevRays= 57054 ResultRays= 56000 RayPairs= 276804932 NewAxiom=35 PrevAxioms=80,81,82,83,84,85,86,87,88,89,90,91,92,93,94,95,96,97,98,99,100,101,102,103,104,105,7,14,6,15,22,23,48,29,30,38,53,54,56,62,1,2,18,52,70,4,72,10,37,64,73,49,9,20,60,74,55,27,58,46,66,42,78,11,25,43,75,36,31,5,59,39,61,71,13,3,68,76,47,67,44,12,57,45,34,21,51,50,65,33,19,63,69,77,79,26,41,17,28,+35 MissingAxioms=0,8,16,24,32,40 TotalTime=37.7
Step=100 PrevRays= 57996 ResultRays= 56000 RayPairs= 452677168 NewAxiom=36 PrevAxioms=80,81,82,83,84,85,86,87,88,89,90,91,92,93,94,95,96,97,98,99,100,101,102,103,104,105,7,14,6,15,22,23,48,29,30,38,53,54,56,62,1,2,18,52,70,4,72,10,37,64,73,49,9,20,60,74,55,27,58,46,66,42,78,11,25,43,75,71,61,3,68,50,59,44,31,39,76,77,5,21,34,57,19,63,47,51,26,35,67,79,65,69,17,45,33,28,13,12,41,+36 MissingAxioms=0,8,16,24,32,40 TotalTime=54.6
Step=100 PrevRays= 59032 ResultRays= 56000 RayPairs= 389819998 NewAxiom=37 PrevAxioms=80,81,82,83,84,85,86,87,88,89,90,91,92,93,94,95,96,97,98,99,100,101,102,103,104,105,7,14,6,15,22,23,48,29,30,38,53,54,56,62,1,2,18,52,70,4,72,10,20,64,73,49,9,36,47,34,57,13,31,39,68,55,76,3,78,46,58,66,5,21,44,69,45,77,42,12,11,60,63,28,71,19,25,75,61,74,33,17,79,59,35,26,27,43,51,67,65,50,41,+37 MissingAxioms=0,8,16,24,32,40 TotalTime=66.6
Step=100 PrevRays= 59032 ResultRays= 56000 RayPairs= 389819998 NewAxiom=38 PrevAxioms=80,81,82,83,84,85,86,87,88,89,90,91,92,93,94,95,96,97,98,99,100,101,102,103,104,105,7,14,6,15,22,23,48,29,30,46,53,54,56,62,1,2,18,52,70,4,72,10,37,64,73,49,9,60,74,68,36,31,47,13,76,55,3,51,20,34,35,57,28,12,78,75,61,69,5,45,39,21,42,25,11,27,26,66,63,19,59,17,43,79,77,33,71,67,50,65,41,58,44,+38 MissingAxioms=0,8,16,24,32,40 TotalTime=65.8
Step=100 PrevRays= 53963 ResultRays= 56000 RayPairs= 268222732 NewAxiom=39 PrevAxioms=80,81,82,83,84,85,86,87,88,89,90,91,92,93,94,95,96,97,98,99,100,101,102,103,104,105,7,14,6,15,22,23,48,29,30,38,53,54,56,62,1,2,18,52,70,4,72,10,37,64,73,49,9,20,60,74,55,27,58,46,66,42,78,11,25,43,75,36,31,5,59,44,61,13,12,71,3,68,76,79,57,51,21,67,50,47,45,65,19,28,33,26,77,69,63,17,35,41,34,+39 MissingAxioms=0,8,16,24,32,40 TotalTime=33.0
Step=100 PrevRays= 53222 ResultRays= 56000 RayPairs= 359124627 NewAxiom=41 PrevAxioms=80,81,82,83,84,85,86,87,88,89,90,91,92,93,94,95,96,97,98,99,100,101,102,103,104,105,7,14,6,15,22,23,48,29,30,38,53,54,56,62,1,2,18,52,70,4,72,10,37,64,73,49,9,20,60,74,55,27,58,46,66,42,78,11,25,43,75,36,31,5,59,39,61,71,13,3,68,76,47,67,44,12,57,45,34,21,51,50,65,33,19,63,35,69,17,79,77,26,28,+41 MissingAxioms=0,8,16,24,32,40 TotalTime=34.4
Step=100 PrevRays= 53222 ResultRays= 56000 RayPairs= 359124627 NewAxiom=42 PrevAxioms=80,81,82,83,84,85,86,87,88,89,90,91,92,93,94,95,96,97,98,99,100,101,102,103,104,105,7,14,6,15,22,23,48,29,30,38,53,54,56,62,1,2,18,52,70,4,72,10,37,64,73,49,9,20,60,74,55,27,58,46,66,78,45,57,36,31,5,59,39,61,75,44,13,51,79,21,25,67,11,12,50,3,19,43,34,76,65,63,35,28,47,17,33,77,69,71,41,68,26,+42 MissingAxioms=0,8,16,24,32,40 TotalTime=40.2
Step=100 PrevRays= 57054 ResultRays= 56000 RayPairs= 276804932 NewAxiom=43 PrevAxioms=80,81,82,83,84,85,86,87,88,89,90,91,92,93,94,95,96,97,98,99,100,101,102,103,104,105,7,14,6,15,22,23,48,29,30,38,53,54,56,62,1,2,18,52,70,4,72,10,37,64,73,49,9,20,60,74,55,27,58,46,66,42,78,11,25,75,36,31,5,59,39,44,61,13,57,47,51,34,21,67,12,3,19,68,79,17,45,35,63,76,69,50,77,26,71,28,33,65,41,+43 MissingAxioms=0,8,16,24,32,40 TotalTime=44.9
Step=100 PrevRays= 57996 ResultRays= 56000 RayPairs= 452677168 NewAxiom=44 PrevAxioms=80,81,82,83,84,85,86,87,88,89,90,91,92,93,94,95,96,97,98,99,100,101,102,103,104,105,7,14,6,15,22,23,48,29,30,38,53,54,56,62,1,2,18,52,70,4,72,10,37,64,73,49,9,20,60,74,55,27,58,46,66,42,78,11,25,43,75,36,31,5,59,39,61,71,13,3,68,76,47,67,34,21,12,57,45,51,50,19,28,65,63,35,17,69,79,77,41,26,33,+44 MissingAxioms=0,8,16,24,32,40 TotalTime=38.4
Step=100 PrevRays= 59032 ResultRays= 56000 RayPairs= 389819998 NewAxiom=45 PrevAxioms=80,81,82,83,84,85,86,87,88,89,90,91,92,93,94,95,96,97,98,99,100,101,102,103,104,105,7,14,6,15,22,23,48,29,30,38,53,54,56,62,1,2,18,52,70,4,72,10,37,64,73,49,9,20,60,74,55,27,58,46,66,42,78,11,25,43,75,36,31,5,59,39,61,71,13,3,68,76,47,67,44,12,57,21,34,51,50,65,26,19,35,69,77,79,63,17,33,41,28,+45 MissingAxioms=0,8,16,24,32,40 TotalTime=38.0
Step=100 PrevRays= 59032 ResultRays= 56000 RayPairs= 389819998 NewAxiom=46 PrevAxioms=80,81,82,83,84,85,86,87,88,89,90,91,92,93,94,95,96,97,98,99,100,101,102,103,104,105,7,14,6,15,22,23,48,29,30,38,53,54,56,62,1,2,18,52,70,4,72,10,37,64,73,49,9,20,60,74,55,27,58,44,39,31,66,78,5,59,11,25,75,42,61,21,13,3,71,68,43,36,76,57,47,34,67,12,51,50,45,65,33,19,69,63,35,17,79,77,26,28,41,+46 MissingAxioms=0,8,16,24,32,40 TotalTime=42.5
Step=100 PrevRays= 53963 ResultRays= 56000 RayPairs= 268222732 NewAxiom=47 PrevAxioms=80,81,82,83,84,85,86,87,88,89,90,91,92,93,94,95,96,97,98,99,100,101,102,103,104,105,7,14,6,15,22,23,48,29,30,38,53,54,56,62,1,2,18,52,70,4,72,10,37,64,73,49,9,20,60,74,55,27,58,46,66,42,78,11,25,43,75,36,31,5,59,39,61,71,13,3,68,76,44,57,21,12,51,19,45,34,28,50,63,35,69,26,77,65,67,79,17,41,33,+47 MissingAxioms=0,8,16,24,32,40 TotalTime=31.9
Step=100 PrevRays= 90710 ResultRays= 56000 RayPairs= 965892417 NewAxiom=48 PrevAxioms=80,81,82,83,84,85,86,87,88,89,90,91,92,93,94,95,96,97,98,99,100,101,102,103,104,105,7,14,6,15,22,23,56,30,37,38,53,54,62,64,2,17,18,52,70,4,72,10,34,58,66,57,12,45,28,39,47,21,67,59,65,5,13,44,68,76,55,78,3,69,73,77,31,41,1,35,63,11,29,61,36,46,71,60,74,75,19,42,79,33,43,20,50,51,27,26,49,9,25,+48 MissingAxioms=0,8,16,24,32,40 TotalTime=90.6
Step=100 PrevRays= 63113 ResultRays= 56000 RayPairs= 490350618 NewAxiom=49 PrevAxioms=80,81,82,83,84,85,86,87,88,89,90,91,92,93,94,95,96,97,98,99,100,101,102,103,104,105,7,14,6,15,22,23,48,29,30,38,53,54,56,62,1,2,18,52,70,4,72,10,37,64,73,20,60,74,55,27,58,46,66,42,78,11,45,57,17,3,61,71,50,21,59,75,47,39,28,65,44,12,9,31,36,43,19,68,51,76,79,69,77,63,35,67,41,33,26,13,5,34,25,+49 MissingAxioms=0,8,16,24,32,40 TotalTime=57.2
Step=100 PrevRays= 63113 ResultRays= 56000 RayPairs= 490350618 NewAxiom=50 PrevAxioms=80,81,82,83,84,85,86,87,88,89,90,91,92,93,94,95,96,97,98,99,100,101,102,103,104,105,7,14,6,15,22,23,48,29,30,38,53,54,56,62,1,2,18,52,70,4,72,10,37,64,73,49,9,20,60,74,55,27,58,46,66,42,78,11,25,43,75,36,31,5,59,39,61,71,13,3,68,76,47,67,44,12,57,45,34,21,51,33,17,19,35,63,69,79,65,77,41,26,28,+50 MissingAxioms=0,8,16,24,32,40 TotalTime=40.5
Step=100 PrevRays= 55180 ResultRays= 56000 RayPairs= 244525351 NewAxiom=51 PrevAxioms=80,81,82,83,84,85,86,87,88,89,90,91,92,93,94,95,96,97,98,99,100,101,102,103,104,105,7,14,6,15,22,23,48,29,30,38,53,54,56,62,1,2,18,52,70,4,72,10,37,64,73,49,9,20,60,74,55,27,58,46,66,42,78,11,25,43,75,36,31,5,59,39,61,71,13,3,68,76,47,67,44,12,57,45,34,21,79,19,63,35,17,69,26,77,50,28,33,65,41,+51 MissingAxioms=0,8,16,24,32,40 TotalTime=40.3
Step=100 PrevRays= 63113 ResultRays= 56000 RayPairs= 490350618 NewAxiom=52 PrevAxioms=80,81,82,83,84,85,86,87,88,89,90,91,92,93,94,95,96,97,98,99,100,101,102,103,104,105,7,14,6,15,22,23,48,29,30,38,53,54,56,62,1,2,18,60,71,43,4,20,64,61,11,55,70,63,28,12,27,46,74,72,9,25,42,66,58,78,36,31,51,37,79,75,3,47,67,44,13,68,76,45,10,35,26,77,39,65,69,21,17,5,59,19,41,33,57,49,73,50,34,+52 MissingAxioms=0,8,16,24,32,40 TotalTime=67.6
Step=100 PrevRays= 55180 ResultRays= 56000 RayPairs= 244525351 NewAxiom=53 PrevAxioms=80,81,82,83,84,85,86,87,88,89,90,91,92,93,94,95,96,97,98,99,100,101,102,103,104,105,7,14,6,15,22,23,48,29,30,38,54,56,61,62,1,2,10,52,71,43,12,20,64,18,11,28,4,46,73,72,70,36,31,5,44,45,37,60,74,57,49,75,55,39,21,13,33,79,67,47,69,76,19,63,3,25,68,78,51,27,26,41,17,77,50,35,34,59,58,66,9,42,65,+53 MissingAxioms=0,8,16,24,32,40 TotalTime=46.7
Step=100 PrevRays= 55180 ResultRays= 56000 RayPairs= 244525351 NewAxiom=54 PrevAxioms=80,81,82,83,84,85,86,87,88,89,90,91,92,93,94,95,96,97,98,99,100,101,102,103,104,105,7,14,6,15,22,23,48,29,30,38,53,56,62,69,1,2,10,18,52,63,35,3,64,41,49,68,70,34,58,4,57,37,66,44,72,39,21,76,25,31,28,45,47,46,13,78,73,77,26,36,12,61,75,19,5,59,11,71,60,33,55,27,79,43,51,20,67,9,17,74,65,50,42,+54 MissingAxioms=0,8,16,24,32,40 TotalTime=47.0
Step=100 PrevRays= 53338 ResultRays= 56000 RayPairs= 301124412 NewAxiom=55 PrevAxioms=80,81,82,83,84,85,86,87,88,89,90,91,92,93,94,95,96,97,98,99,100,101,102,103,104,105,7,14,6,15,22,23,48,29,30,38,53,54,56,62,1,2,18,52,70,4,72,10,37,64,73,49,9,20,60,74,68,46,63,35,76,3,45,75,34,78,69,12,44,39,21,28,36,61,42,57,5,66,13,47,19,59,31,17,33,25,71,11,58,77,79,41,43,27,67,51,65,50,26,+55 MissingAxioms=0,8,16,24,32,40 TotalTime=44.5
Step=100 PrevRays= 90710 ResultRays= 56000 RayPairs= 965892417 NewAxiom=56 PrevAxioms=80,81,82,83,84,85,86,87,88,89,90,91,92,93,94,95,96,97,98,99,100,101,102,103,104,105,7,14,6,15,22,23,48,29,30,38,53,54,62,64,2,9,18,52,70,4,72,10,50,65,1,37,60,68,69,44,31,39,5,55,76,3,74,59,26,21,77,28,45,47,73,79,41,35,63,36,46,75,20,11,19,71,13,67,61,34,27,78,25,49,51,58,43,66,12,42,57,17,33,+56 MissingAxioms=0,8,16,24,32,40 TotalTime=106.5
Step=100 PrevRays= 63113 ResultRays= 56000 RayPairs= 490350618 NewAxiom=57 PrevAxioms=80,81,82,83,84,85,86,87,88,89,90,91,92,93,94,95,96,97,98,99,100,101,102,103,104,105,7,14,6,15,22,23,48,29,30,38,53,54,56,62,1,2,18,52,70,4,72,10,37,64,73,49,9,20,60,74,55,27,58,46,66,42,78,11,25,43,75,36,31,5,59,39,61,71,13,3,68,76,47,67,44,12,45,34,21,79,51,50,65,26,19,35,69,77,63,28,41,17,33,+57 MissingAxioms=0,8,16,24,32,40 TotalTime=35.6
Step=100 PrevRays= 63113 ResultRays= 56000 RayPairs= 490350618 NewAxiom=58 PrevAxioms=80,81,82,83,84,85,86,87,88,89,90,91,92,93,94,95,96,97,98,99,100,101,102,103,104,105,7,14,6,15,22,23,48,29,30,38,53,54,56,62,1,2,18,52,70,4,72,10,37,64,73,49,9,20,60,74,55,27,34,46,68,76,78,11,25,42,43,75,61,3,35,66,71,21,5,31,39,13,44,47,12,36,57,19,51,26,33,69,67,45,79,77,41,63,59,50,65,17,28,+58 MissingAxioms=0,8,16,24,32,40 TotalTime=57.4
Step=100 PrevRays= 55180 ResultRays= 56000 RayPairs= 244525351 NewAxiom=59 PrevAxioms=80,81,82,83,84,85,86,87,88,89,90,91,92,93,94,95,96,97,98,99,100,101,102,103,104,105,7,14,6,15,22,23,48,29,30,38,53,54,56,62,1,2,18,52,70,4,72,10,37,64,73,49,9,20,60,74,55,27,58,46,66,42,78,11,25,43,75,36,31,5,39,61,71,13,3,68,76,47,35,67,12,57,21,45,19,44,63,79,69,51,50,77,26,28,65,41,33,17,34,+59 MissingAxioms=0,8,16,24,32,40 TotalTime=35.4
Step=100 PrevRays= 63113 ResultRays= 56000 RayPairs= 490350618 NewAxiom=60 PrevAxioms=80,81,82,83,84,85,86,87,88,89,90,91,92,93,94,95,96,97,98,99,100,101,102,103,104,105,7,14,6,15,22,23,48,29,30,38,53,54,56,62,1,2,18,52,70,4,72,10,37,64,73,49,9,20,68,55,76,27,34,58,66,78,46,11,25,44,39,31,5,59,21,69,36,13,57,61,75,47,51,67,12,50,45,33,79,65,41,77,3,19,35,63,43,71,74,17,42,28,26,+60 MissingAxioms=0,8,16,24,32,40 TotalTime=55.7
Step=100 PrevRays= 55180 ResultRays= 56000 RayPairs= 244525351 NewAxiom=61 PrevAxioms=80,81,82,83,84,85,86,87,88,89,90,91,92,93,94,95,96,97,98,99,100,101,102,103,104,105,7,14,6,15,22,23,48,29,30,38,53,54,56,62,1,2,18,52,70,4,72,10,37,64,73,49,9,20,60,74,55,27,58,46,66,42,78,11,25,43,75,36,31,5,59,39,13,44,57,71,34,47,3,19,68,63,21,28,35,17,12,67,45,69,79,51,76,26,77,50,41,33,65,+61 MissingAxioms=0,8,16,24,32,40 TotalTime=45.8
Step=100 PrevRays= 55180 ResultRays= 56000 RayPairs= 244525351 NewAxiom=62 PrevAxioms=80,81,82,83,84,85,86,87,88,89,90,91,92,93,94,95,96,97,98,99,100,101,102,103,104,105,7,14,6,15,22,23,48,29,30,38,53,54,56,70,1,2,18,52,4,72,10,37,64,73,49,9,20,68,76,63,35,3,34,57,78,46,55,45,69,12,28,39,21,36,44,5,11,13,47,25,59,17,58,66,31,19,60,74,75,61,42,71,33,77,79,41,43,27,67,51,65,26,50,+62 MissingAxioms=0,8,16,24,32,40 TotalTime=49.5
Step=100 PrevRays= 53338 ResultRays= 56000 RayPairs= 301124412 NewAxiom=63 PrevAxioms=80,81,82,83,84,85,86,87,88,89,90,91,92,93,94,95,96,97,98,99,100,101,102,103,104,105,7,14,6,15,22,23,48,29,30,38,53,54,56,62,1,2,18,52,70,4,72,10,37,64,73,49,9,20,60,74,55,27,58,46,66,42,78,11,25,43,75,36,31,5,59,39,61,71,13,3,68,76,47,67,44,12,57,45,34,21,51,50,65,33,19,26,35,69,17,77,79,41,28,+63 MissingAxioms=0,8,16,24,32,40 TotalTime=34.7
Step=100 PrevRays= 90710 ResultRays= 56000 RayPairs= 965892417 NewAxiom=64 PrevAxioms=80,81,82,83,84,85,86,87,88,89,90,91,92,93,94,95,96,97,98,99,100,101,102,103,104,105,7,14,6,15,22,23,48,29,30,38,53,54,56,62,1,2,18,52,70,4,72,10,37,73,49,9,20,46,60,55,74,27,58,68,76,78,45,57,61,75,36,31,5,59,39,28,12,44,69,25,34,51,50,11,71,19,77,21,63,3,79,13,33,47,26,35,66,67,43,42,65,17,41,+64 MissingAxioms=0,8,16,24,32,40 TotalTime=92.0
Step=100 PrevRays= 63113 ResultRays= 56000 RayPairs= 490350618 NewAxiom=65 PrevAxioms=80,81,82,83,84,85,86,87,88,89,90,91,92,93,94,95,96,97,98,99,100,101,102,103,104,105,7,14,6,15,22,23,48,29,30,38,53,54,56,62,1,2,18,52,70,4,72,10,37,64,73,49,9,20,60,74,55,27,58,46,66,42,78,11,25,43,75,36,31,5,59,39,61,71,13,3,68,76,47,67,44,12,57,45,34,21,51,50,19,33,69,63,35,79,17,77,26,41,28,+65 MissingAxioms=0,8,16,24,32,40 TotalTime=41.1
Step=100 PrevRays= 63113 ResultRays= 56000 RayPairs= 490350618 NewAxiom=66 PrevAxioms=80,81,82,83,84,85,86,87,88,89,90,91,92,93,94,95,96,97,98,99,100,101,102,103,104,105,7,14,6,15,22,23,48,29,30,38,53,54,56,62,1,2,18,52,70,4,72,10,37,64,73,49,9,20,60,74,55,27,58,46,42,78,11,25,43,75,36,31,5,59,39,61,71,13,3,68,76,47,67,34,79,21,28,45,12,57,51,50,65,17,26,19,35,63,77,69,41,33,44,+66 MissingAxioms=0,8,16,24,32,40 TotalTime=53.0
Step=100 PrevRays= 55180 ResultRays= 56000 RayPairs= 244525351 NewAxiom=67 PrevAxioms=80,81,82,83,84,85,86,87,88,89,90,91,92,93,94,95,96,97,98,99,100,101,102,103,104,105,7,14,6,15,22,23,48,29,30,38,53,54,56,62,1,2,18,52,70,4,72,10,37,64,73,49,9,20,60,74,55,27,58,46,66,42,78,11,25,43,75,36,31,5,59,39,61,71,13,3,68,76,47,34,21,28,45,12,57,51,50,65,33,26,19,35,17,79,63,77,69,44,41,+67 MissingAxioms=0,8,16,24,32,40 TotalTime=42.0
Step=100 PrevRays= 63113 ResultRays= 56000 RayPairs= 490350618 NewAxiom=68 PrevAxioms=80,81,82,83,84,85,86,87,88,89,90,91,92,93,94,95,96,97,98,99,100,101,102,103,104,105,7,14,6,15,22,23,48,29,30,38,53,54,56,62,1,2,18,52,70,4,72,10,37,64,73,49,9,20,60,74,55,27,58,46,66,42,78,11,25,43,75,36,31,5,59,39,61,71,13,3,44,34,47,57,21,19,63,35,12,17,51,45,69,26,79,67,50,77,28,41,76,65,33,+68 MissingAxioms=0,8,16,24,32,40 TotalTime=59.3
Step=100 PrevRays= 55180 ResultRays= 56000 RayPairs= 244525351 NewAxiom=69 PrevAxioms=80,81,82,83,84,85,86,87,88,89,90,91,92,93,94,95,96,97,98,99,100,101,102,103,104,105,7,14,6,15,22,23,48,29,30,38,53,54,56,62,1,2,18,52,70,4,72,10,37,64,73,49,9,20,60,74,55,27,58,46,66,42,78,11,25,43,75,36,31,5,59,39,61,71,13,3,68,76,47,67,44,12,57,45,34,21,51,50,65,33,19,63,35,17,79,77,26,28,41,+69 MissingAxioms=0,8,16,24,32,40 TotalTime=35.8
Step=100 PrevRays= 55180 ResultRays= 56000 RayPairs= 244525351 NewAxiom=70 PrevAxioms=80,81,82,83,84,85,86,87,88,89,90,91,92,93,94,95,96,97,98,99,100,101,102,103,104,105,7,14,6,15,22,23,48,29,30,38,53,54,56,62,1,2,18,52,4,72,10,37,64,73,49,9,20,60,74,69,63,35,3,34,46,57,45,68,76,78,12,28,39,21,75,61,44,36,42,5,66,11,33,55,13,47,59,31,17,25,71,19,58,77,79,26,27,43,51,67,50,65,41,+70 MissingAxioms=0,8,16,24,32,40 TotalTime=50.0
Step=100 PrevRays= 53338 ResultRays= 56000 RayPairs= 301124412 NewAxiom=71 PrevAxioms=80,81,82,83,84,85,86,87,88,89,90,91,92,93,94,95,96,97,98,99,100,101,102,103,104,105,7,14,6,15,22,23,48,29,30,38,53,54,56,62,1,2,18,52,70,4,72,10,37,64,73,49,9,20,60,74,55,27,58,46,66,42,78,11,25,43,75,36,31,5,59,39,61,13,44,57,34,21,47,3,51,63,19,68,28,35,17,69,12,45,76,79,26,77,33,67,50,65,41,+71 MissingAxioms=0,8,16,24,32,40 TotalTime=36.7
Step=100 PrevRays= 90710 ResultRays= 56000 RayPairs= 965892417 NewAxiom=72 PrevAxioms=80,81,82,83,84,85,86,87,88,89,90,91,92,93,94,95,96,97,98,99,100,101,102,103,104,105,7,14,6,15,22,23,48,29,30,38,53,54,56,62,1,2,18,52,70,4,37,64,10,49,57,17,9,60,55,74,61,12,68,73,3,75,45,46,76,28,44,31,69,5,20,13,36,39,11,47,21,78,25,33,77,63,19,71,79,26,50,65,41,27,51,34,35,43,59,67,58,66,42,+72 MissingAxioms=0,8,16,24,32,40 TotalTime=162.0
Step=100 PrevRays= 63113 ResultRays= 56000 RayPairs= 490350618 NewAxiom=73 PrevAxioms=80,81,82,83,84,85,86,87,88,89,90,91,92,93,94,95,96,97,98,99,100,101,102,103,104,105,7,14,6,15,22,23,48,29,30,38,53,54,56,62,1,2,18,52,70,4,72,10,37,64,49,57,17,9,60,55,61,12,74,71,11,36,47,20,21,45,39,75,28,25,33,44,46,78,3,13,31,19,68,76,77,63,5,69,79,41,65,50,26,51,27,34,35,43,59,67,58,66,42,+73 MissingAxioms=0,8,16,24,32,40 TotalTime=79.2
Step=100 PrevRays= 63113 ResultRays= 56000 RayPairs= 490350618 NewAxiom=74 PrevAxioms=80,81,82,83,84,85,86,87,88,89,90,91,92,93,94,95,96,97,98,99,100,101,102,103,104,105,7,14,6,15,22,23,48,29,30,38,53,54,56,62,1,2,18,52,70,4,72,10,37,64,73,49,9,20,60,55,57,17,68,11,28,47,12,13,76,46,31,61,75,36,69,33,5,45,39,44,21,63,19,77,78,71,25,3,79,42,66,58,34,59,35,26,27,43,51,67,50,65,41,+74 MissingAxioms=0,8,16,24,32,40 TotalTime=75.9
Step=100 PrevRays= 55180 ResultRays= 56000 RayPairs= 244525351 NewAxiom=75 PrevAxioms=80,81,82,83,84,85,86,87,88,89,90,91,92,93,94,95,96,97,98,99,100,101,102,103,104,105,7,14,6,15,22,23,48,29,30,38,53,54,56,62,1,2,18,52,70,4,72,10,37,64,73,49,9,20,60,74,55,27,58,46,66,42,78,11,25,43,36,31,5,59,39,61,44,51,57,71,34,79,3,68,21,50,13,35,19,63,47,67,28,65,17,45,77,69,41,26,33,76,12,+75 MissingAxioms=0,8,16,24,32,40 TotalTime=54.9
Step=100 PrevRays= 63113 ResultRays= 56000 RayPairs= 490350618 NewAxiom=76 PrevAxioms=80,81,82,83,84,85,86,87,88,89,90,91,92,93,94,95,96,97,98,99,100,101,102,103,104,105,7,14,6,15,22,23,48,29,30,38,53,54,56,62,1,2,18,52,70,4,72,10,37,64,73,49,9,20,60,74,55,27,58,46,66,42,78,11,25,43,75,36,31,5,59,39,61,71,13,3,68,44,34,47,28,57,45,21,17,12,67,35,63,19,79,51,69,26,77,50,41,65,33,+76 MissingAxioms=0,8,16,24,32,40 TotalTime=50.5
Step=100 PrevRays= 55180 ResultRays= 56000 RayPairs= 244525351 NewAxiom=77 PrevAxioms=80,81,82,83,84,85,86,87,88,89,90,91,92,93,94,95,96,97,98,99,100,101,102,103,104,105,7,14,6,15,22,23,48,29,30,38,53,54,56,62,1,2,18,52,70,4,72,10,37,64,73,49,9,20,60,74,55,27,58,46,66,42,78,11,25,43,75,36,31,5,59,39,61,71,13,3,68,76,47,67,44,12,57,45,34,21,51,50,65,33,19,63,35,69,17,79,26,28,41,+77 MissingAxioms=0,8,16,24,32,40 TotalTime=34.4
Step=100 PrevRays= 55180 ResultRays= 56000 RayPairs= 244525351 NewAxiom=78 PrevAxioms=80,81,82,83,84,85,86,87,88,89,90,91,92,93,94,95,96,97,98,99,100,101,102,103,104,105,7,14,6,15,22,23,48,29,30,38,53,54,56,62,1,2,18,52,70,4,72,10,37,64,73,49,9,20,60,74,55,27,58,46,66,42,11,43,25,68,76,75,36,31,5,59,39,61,13,69,47,21,63,3,34,35,12,51,57,45,19,17,79,67,28,71,65,77,41,26,33,50,44,+78 MissingAxioms=0,8,16,24,32,40 TotalTime=50.7
Step=100 PrevRays= 53338 ResultRays= 56000 RayPairs= 301124412 NewAxiom=79 PrevAxioms=80,81,82,83,84,85,86,87,88,89,90,91,92,93,94,95,96,97,98,99,100,101,102,103,104,105,7,14,6,15,22,23,48,29,30,38,53,54,56,62,1,2,18,52,70,4,72,10,37,64,73,49,9,20,60,74,55,27,58,46,66,42,78,11,25,43,75,36,31,5,59,39,61,71,13,3,68,76,47,67,44,12,57,45,34,21,51,50,65,33,19,63,35,69,17,77,26,41,28,+79 MissingAxioms=0,8,16,24,32,40 TotalTime=34.0

Ordered by number of ray pairs:
Step=100 ########...................... (min) Axiom51 04(1,2) - g2 f(0,1,2) + f(1,2,4) >= f(1,2) + f(0,1,2,3,4)
Step=100 ########...................... (min) Axiom53 04(1,3) - g2 f(0,1,3) + f(1,3,4) >= f(1,3) + f(0,1,2,3,4)
Step=100 ########...................... (min) Axiom54 04(2,3) - g2 f(0,2,3) + f(2,3,4) >= f(2,3) + f(0,1,2,3,4)
Step=100 ########...................... (min) Axiom59 14(0,2) - g2 f(0,1,2) + f(0,2,4) >= f(0,2) + f(0,1,2,3,4)
Step=100 ########...................... (min) Axiom61 14(0,3) - g2 f(0,1,3) + f(0,3,4) >= f(0,3) + f(0,1,2,3,4)
Step=100 ########...................... (min) Axiom62 14(2,3) - g2 f(1,2,3) + f(2,3,4) >= f(2,3) + f(0,1,2,3,4)
Step=100 ########...................... (min) Axiom67 24(0,1) - g2 f(0,1,2) + f(0,1,4) >= f(0,1) + f(0,1,2,3,4)
Step=100 ########...................... (min) Axiom69 24(0,3) - g2 f(0,2,3) + f(0,3,4) >= f(0,3) + f(0,1,2,3,4)
Step=100 ########...................... (min) Axiom70 24(1,3) - g2 f(1,2,3) + f(1,3,4) >= f(1,3) + f(0,1,2,3,4)
Step=100 ########...................... (min) Axiom75 34(0,1) - g2 f(0,1,3) + f(0,1,4) >= f(0,1) + f(0,1,2,3,4)
Step=100 ########...................... (min) Axiom77 34(0,2) - g2 f(0,2,3) + f(0,2,4) >= f(0,2) + f(0,1,2,3,4)
Step=100 ########...................... (min) Axiom78 34(1,2) - g2 f(1,2,3) + f(1,2,4) >= f(1,2) + f(0,1,2,3,4)
Step=100 ########...................... Axiom7 01(2,3,4) - g3 f(0,1,2,3,4) >= f(2,3,4)
Step=100 ########...................... Axiom15 02(1,3,4) - g3 f(0,1,2,3,4) >= f(1,3,4)
Step=100 ########...................... Axiom23 12(0,3,4) - g3 f(0,1,2,3,4) >= f(0,3,4)
Step=100 ########...................... Axiom31 03(1,2,4) - g3 f(0,1,2,3,4) >= f(1,2,4)
Step=100 ########...................... Axiom39 13(0,2,4) - g3 f(0,1,2,3,4) >= f(0,2,4)
Step=100 ########...................... Axiom47 23(0,1,4) - g3 f(0,1,2,3,4) >= f(0,1,4)
Step=100 #########..................... Axiom3 01(2,3) - g2 f(0,2,3) + f(1,2,3) >= f(2,3) + f(0,1,2,3,4)
Step=100 #########..................... Axiom11 02(1,3) - g2 f(0,1,3) + f(1,2,3) >= f(1,3) + f(0,1,2,3,4)
Step=100 #########..................... Axiom19 12(0,3) - g2 f(0,1,3) + f(0,2,3) >= f(0,3) + f(0,1,2,3,4)
Step=100 #########..................... Axiom27 03(1,2) - g2 f(0,1,2) + f(1,2,3) >= f(1,2) + f(0,1,2,3,4)
Step=100 #########..................... Axiom35 13(0,2) - g2 f(0,1,2) + f(0,2,3) >= f(0,2) + f(0,1,2,3,4)
Step=100 #########..................... Axiom43 23(0,1) - g2 f(0,1,2) + f(0,1,3) >= f(0,1) + f(0,1,2,3,4)
Step=100 #########..................... Axiom55 04(1,2,3) - g3 f(0,1,2,3,4) >= f(1,2,3)
Step=100 #########..................... Axiom63 14(0,2,3) - g3 f(0,1,2,3,4) >= f(0,2,3)
Step=100 #########..................... Axiom71 24(0,1,3) - g3 f(0,1,2,3,4) >= f(0,1,3)
Step=100 #########..................... Axiom79 34(0,1,2) - g3 f(0,1,2,3,4) >= f(0,1,2)
Step=100 ###########................... Axiom1 01(2) - g1 f(0,2) + f(1,2) >= f(2) + f(0,1,2)
Step=100 ###########................... Axiom2 01(3) - g1 f(0,3) + f(1,3) >= f(3) + f(0,1,3)
Step=100 ###########................... Axiom9 02(1) - g1 f(0,1) + f(1,2) >= f(1) + f(0,1,2)
Step=100 ###########................... Axiom10 02(3) - g1 f(0,3) + f(2,3) >= f(3) + f(0,2,3)
Step=100 ###########................... Axiom17 12(0) - g1 f(0,1) + f(0,2) >= f(0) + f(0,1,2)
Step=100 ###########................... Axiom18 12(3) - g1 f(1,3) + f(2,3) >= f(3) + f(1,2,3)
Step=100 ###########................... Axiom25 03(1) - g1 f(0,1) + f(1,3) >= f(1) + f(0,1,3)
Step=100 ###########................... Axiom26 03(2) - g1 f(0,2) + f(2,3) >= f(2) + f(0,2,3)
Step=100 ###########................... Axiom33 13(0) - g1 f(0,1) + f(0,3) >= f(0) + f(0,1,3)
Step=100 ###########................... Axiom34 13(2) - g1 f(1,2) + f(2,3) >= f(2) + f(1,2,3)
Step=100 ###########................... Axiom41 23(0) - g1 f(0,2) + f(0,3) >= f(0) + f(0,2,3)
Step=100 ###########................... Axiom42 23(1) - g1 f(1,2) + f(1,3) >= f(1) + f(1,2,3)
Step=100 ############.................. Axiom5 01(2,4) - g2 f(0,2,4) + f(1,2,4) >= f(0,1,2,3,4) + f(2,4)
Step=100 ############.................. Axiom6 01(3,4) - g2 f(0,3,4) + f(1,3,4) >= f(0,1,2,3,4) + f(3,4)
Step=100 ############.................. Axiom13 02(1,4) - g2 f(0,1,4) + f(1,2,4) >= f(0,1,2,3,4) + f(1,4)
Step=100 ############.................. Axiom14 02(3,4) - g2 f(0,3,4) + f(2,3,4) >= f(0,1,2,3,4) + f(3,4)
Step=100 ############.................. Axiom21 12(0,4) - g2 f(0,1,4) + f(0,2,4) >= f(0,1,2,3,4) + f(0,4)
Step=100 ############.................. Axiom22 12(3,4) - g2 f(1,3,4) + f(2,3,4) >= f(0,1,2,3,4) + f(3,4)
Step=100 ############.................. Axiom29 03(1,4) - g2 f(0,1,4) + f(1,3,4) >= f(0,1,2,3,4) + f(1,4)
Step=100 ############.................. Axiom30 03(2,4) - g2 f(0,2,4) + f(2,3,4) >= f(0,1,2,3,4) + f(2,4)
Step=100 ############.................. Axiom37 13(0,4) - g2 f(0,1,4) + f(0,3,4) >= f(0,1,2,3,4) + f(0,4)
Step=100 ############.................. Axiom38 13(2,4) - g2 f(1,2,4) + f(2,3,4) >= f(0,1,2,3,4) + f(2,4)
Step=100 ############.................. Axiom45 23(0,4) - g2 f(0,2,4) + f(0,3,4) >= f(0,1,2,3,4) + f(0,4)
Step=100 ############.................. Axiom46 23(1,4) - g2 f(1,2,4) + f(1,3,4) >= f(0,1,2,3,4) + f(1,4)
Step=100 ##############................ Axiom4 01(4) - g1 f(0,4) + f(1,4) >= f(4) + f(0,1,4)
Step=100 ##############................ Axiom12 02(4) - g1 f(0,4) + f(2,4) >= f(4) + f(0,2,4)
Step=100 ##############................ Axiom20 12(4) - g1 f(1,4) + f(2,4) >= f(4) + f(1,2,4)
Step=100 ##############................ Axiom28 03(4) - g1 f(0,4) + f(3,4) >= f(4) + f(0,3,4)
Step=100 ##############................ Axiom36 13(4) - g1 f(1,4) + f(3,4) >= f(4) + f(1,3,4)
Step=100 ##############................ Axiom44 23(4) - g1 f(2,4) + f(3,4) >= f(4) + f(2,3,4)
Step=100 ###############............... Axiom49 04(1) - g1 f(0,1) + f(1,4) >= f(1) + f(0,1,4)
Step=100 ###############............... Axiom50 04(2) - g1 f(0,2) + f(2,4) >= f(2) + f(0,2,4)
Step=100 ###############............... Axiom52 04(3) - g1 f(0,3) + f(3,4) >= f(3) + f(0,3,4)
Step=100 ###############............... Axiom57 14(0) - g1 f(0,1) + f(0,4) >= f(0) + f(0,1,4)
Step=100 ###############............... Axiom58 14(2) - g1 f(1,2) + f(2,4) >= f(2) + f(1,2,4)
Step=100 ###############............... Axiom60 14(3) - g1 f(1,3) + f(3,4) >= f(3) + f(1,3,4)
Step=100 ###############............... Axiom65 24(0) - g1 f(0,2) + f(0,4) >= f(0) + f(0,2,4)
Step=100 ###############............... Axiom66 24(1) - g1 f(1,2) + f(1,4) >= f(1) + f(1,2,4)
Step=100 ###############............... Axiom68 24(3) - g1 f(2,3) + f(3,4) >= f(3) + f(2,3,4)
Step=100 ###############............... Axiom73 34(0) - g1 f(0,3) + f(0,4) >= f(0) + f(0,3,4)
Step=100 ###############............... Axiom74 34(1) - g1 f(1,3) + f(1,4) >= f(1) + f(1,3,4)
Step=100 ###############............... Axiom76 34(2) - g1 f(2,3) + f(2,4) >= f(2) + f(2,3,4)
Step=100 ############################## Axiom48 04() - g0 f(0) + f(4) >= f(0,4)
Step=100 ############################## Axiom56 14() - g0 f(1) + f(4) >= f(1,4)
Step=100 ############################## Axiom64 24() - g0 f(2) + f(4) >= f(2,4)
Step=100 ############################## Axiom72 34() - g0 f(3) + f(4) >= f(3,4)

Ordered by number of previous rays:
Step=100 $$$$$$$$$$$$$$$$$$............ (min) Axiom1 01(2) - g1 f(0,2) + f(1,2) >= f(2) + f(0,1,2)
Step=100 $$$$$$$$$$$$$$$$$$............ (min) Axiom2 01(3) - g1 f(0,3) + f(1,3) >= f(3) + f(0,1,3)
Step=100 $$$$$$$$$$$$$$$$$$............ (min) Axiom9 02(1) - g1 f(0,1) + f(1,2) >= f(1) + f(0,1,2)
Step=100 $$$$$$$$$$$$$$$$$$............ (min) Axiom10 02(3) - g1 f(0,3) + f(2,3) >= f(3) + f(0,2,3)
Step=100 $$$$$$$$$$$$$$$$$$............ (min) Axiom17 12(0) - g1 f(0,1) + f(0,2) >= f(0) + f(0,1,2)
Step=100 $$$$$$$$$$$$$$$$$$............ (min) Axiom18 12(3) - g1 f(1,3) + f(2,3) >= f(3) + f(1,2,3)
Step=100 $$$$$$$$$$$$$$$$$$............ (min) Axiom25 03(1) - g1 f(0,1) + f(1,3) >= f(1) + f(0,1,3)
Step=100 $$$$$$$$$$$$$$$$$$............ (min) Axiom26 03(2) - g1 f(0,2) + f(2,3) >= f(2) + f(0,2,3)
Step=100 $$$$$$$$$$$$$$$$$$............ (min) Axiom33 13(0) - g1 f(0,1) + f(0,3) >= f(0) + f(0,1,3)
Step=100 $$$$$$$$$$$$$$$$$$............ (min) Axiom34 13(2) - g1 f(1,2) + f(2,3) >= f(2) + f(1,2,3)
Step=100 $$$$$$$$$$$$$$$$$$............ (min) Axiom41 23(0) - g1 f(0,2) + f(0,3) >= f(0) + f(0,2,3)
Step=100 $$$$$$$$$$$$$$$$$$............ (min) Axiom42 23(1) - g1 f(1,2) + f(1,3) >= f(1) + f(1,2,3)
Step=100 $$$$$$$$$$$$$$$$$$............ Axiom55 04(1,2,3) - g3 f(0,1,2,3,4) >= f(1,2,3)
Step=100 $$$$$$$$$$$$$$$$$$............ Axiom63 14(0,2,3) - g3 f(0,1,2,3,4) >= f(0,2,3)
Step=100 $$$$$$$$$$$$$$$$$$............ Axiom71 24(0,1,3) - g3 f(0,1,2,3,4) >= f(0,1,3)
Step=100 $$$$$$$$$$$$$$$$$$............ Axiom79 34(0,1,2) - g3 f(0,1,2,3,4) >= f(0,1,2)
Step=100 $$$$$$$$$$$$$$$$$$............ Axiom7 01(2,3,4) - g3 f(0,1,2,3,4) >= f(2,3,4)
Step=100 $$$$$$$$$$$$$$$$$$............ Axiom15 02(1,3,4) - g3 f(0,1,2,3,4) >= f(1,3,4)
Step=100 $$$$$$$$$$$$$$$$$$............ Axiom23 12(0,3,4) - g3 f(0,1,2,3,4) >= f(0,3,4)
Step=100 $$$$$$$$$$$$$$$$$$............ Axiom31 03(1,2,4) - g3 f(0,1,2,3,4) >= f(1,2,4)
Step=100 $$$$$$$$$$$$$$$$$$............ Axiom39 13(0,2,4) - g3 f(0,1,2,3,4) >= f(0,2,4)
Step=100 $$$$$$$$$$$$$$$$$$............ Axiom47 23(0,1,4) - g3 f(0,1,2,3,4) >= f(0,1,4)
Step=100 $$$$$$$$$$$$$$$$$$............ Axiom51 04(1,2) - g2 f(0,1,2) + f(1,2,4) >= f(1,2) + f(0,1,2,3,4)
Step=100 $$$$$$$$$$$$$$$$$$............ Axiom53 04(1,3) - g2 f(0,1,3) + f(1,3,4) >= f(1,3) + f(0,1,2,3,4)
Step=100 $$$$$$$$$$$$$$$$$$............ Axiom54 04(2,3) - g2 f(0,2,3) + f(2,3,4) >= f(2,3) + f(0,1,2,3,4)
Step=100 $$$$$$$$$$$$$$$$$$............ Axiom59 14(0,2) - g2 f(0,1,2) + f(0,2,4) >= f(0,2) + f(0,1,2,3,4)
Step=100 $$$$$$$$$$$$$$$$$$............ Axiom61 14(0,3) - g2 f(0,1,3) + f(0,3,4) >= f(0,3) + f(0,1,2,3,4)
Step=100 $$$$$$$$$$$$$$$$$$............ Axiom62 14(2,3) - g2 f(1,2,3) + f(2,3,4) >= f(2,3) + f(0,1,2,3,4)
Step=100 $$$$$$$$$$$$$$$$$$............ Axiom67 24(0,1) - g2 f(0,1,2) + f(0,1,4) >= f(0,1) + f(0,1,2,3,4)
Step=100 $$$$$$$$$$$$$$$$$$............ Axiom69 24(0,3) - g2 f(0,2,3) + f(0,3,4) >= f(0,3) + f(0,1,2,3,4)
Step=100 $$$$$$$$$$$$$$$$$$............ Axiom70 24(1,3) - g2 f(1,2,3) + f(1,3,4) >= f(1,3) + f(0,1,2,3,4)
Step=100 $$$$$$$$$$$$$$$$$$............ Axiom75 34(0,1) - g2 f(0,1,3) + f(0,1,4) >= f(0,1) + f(0,1,2,3,4)
Step=100 $$$$$$$$$$$$$$$$$$............ Axiom77 34(0,2) - g2 f(0,2,3) + f(0,2,4) >= f(0,2) + f(0,1,2,3,4)
Step=100 $$$$$$$$$$$$$$$$$$............ Axiom78 34(1,2) - g2 f(1,2,3) + f(1,2,4) >= f(1,2) + f(0,1,2,3,4)
Step=100 $$$$$$$$$$$$$$$$$$$........... Axiom3 01(2,3) - g2 f(0,2,3) + f(1,2,3) >= f(2,3) + f(0,1,2,3,4)
Step=100 $$$$$$$$$$$$$$$$$$$........... Axiom11 02(1,3) - g2 f(0,1,3) + f(1,2,3) >= f(1,3) + f(0,1,2,3,4)
Step=100 $$$$$$$$$$$$$$$$$$$........... Axiom19 12(0,3) - g2 f(0,1,3) + f(0,2,3) >= f(0,3) + f(0,1,2,3,4)
Step=100 $$$$$$$$$$$$$$$$$$$........... Axiom27 03(1,2) - g2 f(0,1,2) + f(1,2,3) >= f(1,2) + f(0,1,2,3,4)
Step=100 $$$$$$$$$$$$$$$$$$$........... Axiom35 13(0,2) - g2 f(0,1,2) + f(0,2,3) >= f(0,2) + f(0,1,2,3,4)
Step=100 $$$$$$$$$$$$$$$$$$$........... Axiom43 23(0,1) - g2 f(0,1,2) + f(0,1,3) >= f(0,1) + f(0,1,2,3,4)
Step=100 $$$$$$$$$$$$$$$$$$$........... Axiom4 01(4) - g1 f(0,4) + f(1,4) >= f(4) + f(0,1,4)
Step=100 $$$$$$$$$$$$$$$$$$$........... Axiom12 02(4) - g1 f(0,4) + f(2,4) >= f(4) + f(0,2,4)
Step=100 $$$$$$$$$$$$$$$$$$$........... Axiom20 12(4) - g1 f(1,4) + f(2,4) >= f(4) + f(1,2,4)
Step=100 $$$$$$$$$$$$$$$$$$$........... Axiom28 03(4) - g1 f(0,4) + f(3,4) >= f(4) + f(0,3,4)
Step=100 $$$$$$$$$$$$$$$$$$$........... Axiom36 13(4) - g1 f(1,4) + f(3,4) >= f(4) + f(1,3,4)
Step=100 $$$$$$$$$$$$$$$$$$$........... Axiom44 23(4) - g1 f(2,4) + f(3,4) >= f(4) + f(2,3,4)
Step=100 $$$$$$$$$$$$$$$$$$$$.......... Axiom5 01(2,4) - g2 f(0,2,4) + f(1,2,4) >= f(0,1,2,3,4) + f(2,4)
Step=100 $$$$$$$$$$$$$$$$$$$$.......... Axiom6 01(3,4) - g2 f(0,3,4) + f(1,3,4) >= f(0,1,2,3,4) + f(3,4)
Step=100 $$$$$$$$$$$$$$$$$$$$.......... Axiom13 02(1,4) - g2 f(0,1,4) + f(1,2,4) >= f(0,1,2,3,4) + f(1,4)
Step=100 $$$$$$$$$$$$$$$$$$$$.......... Axiom14 02(3,4) - g2 f(0,3,4) + f(2,3,4) >= f(0,1,2,3,4) + f(3,4)
Step=100 $$$$$$$$$$$$$$$$$$$$.......... Axiom21 12(0,4) - g2 f(0,1,4) + f(0,2,4) >= f(0,1,2,3,4) + f(0,4)
Step=100 $$$$$$$$$$$$$$$$$$$$.......... Axiom22 12(3,4) - g2 f(1,3,4) + f(2,3,4) >= f(0,1,2,3,4) + f(3,4)
Step=100 $$$$$$$$$$$$$$$$$$$$.......... Axiom29 03(1,4) - g2 f(0,1,4) + f(1,3,4) >= f(0,1,2,3,4) + f(1,4)
Step=100 $$$$$$$$$$$$$$$$$$$$.......... Axiom30 03(2,4) - g2 f(0,2,4) + f(2,3,4) >= f(0,1,2,3,4) + f(2,4)
Step=100 $$$$$$$$$$$$$$$$$$$$.......... Axiom37 13(0,4) - g2 f(0,1,4) + f(0,3,4) >= f(0,1,2,3,4) + f(0,4)
Step=100 $$$$$$$$$$$$$$$$$$$$.......... Axiom38 13(2,4) - g2 f(1,2,4) + f(2,3,4) >= f(0,1,2,3,4) + f(2,4)
Step=100 $$$$$$$$$$$$$$$$$$$$.......... Axiom45 23(0,4) - g2 f(0,2,4) + f(0,3,4) >= f(0,1,2,3,4) + f(0,4)
Step=100 $$$$$$$$$$$$$$$$$$$$.......... Axiom46 23(1,4) - g2 f(1,2,4) + f(1,3,4) >= f(0,1,2,3,4) + f(1,4)
Step=100 $$$$$$$$$$$$$$$$$$$$$......... Axiom49 04(1) - g1 f(0,1) + f(1,4) >= f(1) + f(0,1,4)
Step=100 $$$$$$$$$$$$$$$$$$$$$......... Axiom50 04(2) - g1 f(0,2) + f(2,4) >= f(2) + f(0,2,4)
Step=100 $$$$$$$$$$$$$$$$$$$$$......... Axiom52 04(3) - g1 f(0,3) + f(3,4) >= f(3) + f(0,3,4)
Step=100 $$$$$$$$$$$$$$$$$$$$$......... Axiom57 14(0) - g1 f(0,1) + f(0,4) >= f(0) + f(0,1,4)
Step=100 $$$$$$$$$$$$$$$$$$$$$......... Axiom58 14(2) - g1 f(1,2) + f(2,4) >= f(2) + f(1,2,4)
Step=100 $$$$$$$$$$$$$$$$$$$$$......... Axiom60 14(3) - g1 f(1,3) + f(3,4) >= f(3) + f(1,3,4)
Step=100 $$$$$$$$$$$$$$$$$$$$$......... Axiom65 24(0) - g1 f(0,2) + f(0,4) >= f(0) + f(0,2,4)
Step=100 $$$$$$$$$$$$$$$$$$$$$......... Axiom66 24(1) - g1 f(1,2) + f(1,4) >= f(1) + f(1,2,4)
Step=100 $$$$$$$$$$$$$$$$$$$$$......... Axiom68 24(3) - g1 f(2,3) + f(3,4) >= f(3) + f(2,3,4)
Step=100 $$$$$$$$$$$$$$$$$$$$$......... Axiom73 34(0) - g1 f(0,3) + f(0,4) >= f(0) + f(0,3,4)
Step=100 $$$$$$$$$$$$$$$$$$$$$......... Axiom74 34(1) - g1 f(1,3) + f(1,4) >= f(1) + f(1,3,4)
Step=100 $$$$$$$$$$$$$$$$$$$$$......... Axiom76 34(2) - g1 f(2,3) + f(2,4) >= f(2) + f(2,3,4)
Step=100 $$$$$$$$$$$$$$$$$$$$$$$$$$$$$$ Axiom48 04() - g0 f(0) + f(4) >= f(0,4)
Step=100 $$$$$$$$$$$$$$$$$$$$$$$$$$$$$$ Axiom56 14() - g0 f(1) + f(4) >= f(1,4)
Step=100 $$$$$$$$$$$$$$$$$$$$$$$$$$$$$$ Axiom64 24() - g0 f(2) + f(4) >= f(2,4)
Step=100 $$$$$$$$$$$$$$$$$$$$$$$$$$$$$$ Axiom72 34() - g0 f(3) + f(4) >= f(3,4)
