Step=106 PrevRays=111712 ResultRays=117978 RayPairs=1087109287 NewAxiom=0 PrevAxioms=80,81,82,83,84,85,86,87,88,89,90,91,92,93,94,95,96,97,98,99,100,101,102,103,104,105,7,8,14,6,15,22,23,32,29,30,38,48,54,61,62,2,40,60,72,18,10,20,46,58,1,52,53,57,44,39,31,47,73,75,5,71,51,59,50,12,11,76,70,55,13,21,36,74,56,49,45,4,16,42,37,25,68,64,3,34,78,19,26,65,24,41,63,77,33,79,67,43,35,66,69,17,9,27,28,+0 MissingAxioms= TotalTime=286.3
Step=106 PrevRays=122642 ResultRays=117978 RayPairs=1844339044 NewAxiom=1 PrevAxioms=80,81,82,83,84,85,86,87,88,89,90,91,92,93,94,95,96,97,98,99,100,101,102,103,104,105,7,0,14,6,15,22,23,40,29,30,38,48,53,69,70,10,32,68,72,18,20,2,46,66,9,52,54,65,36,47,31,39,73,77,13,63,51,67,49,4,3,74,62,55,5,21,44,76,64,50,37,12,16,34,45,26,8,17,24,25,11,60,56,78,42,75,33,71,43,79,41,57,58,59,61,35,28,27,19,+1 MissingAxioms= TotalTime=338.3
Step=106 PrevRays=122642 ResultRays=117978 RayPairs=1844339044 NewAxiom=2 PrevAxioms=80,81,82,83,84,85,86,87,88,89,90,91,92,93,94,95,96,97,98,99,100,101,102,103,104,105,7,0,14,6,15,22,23,40,29,30,38,48,53,69,70,10,32,68,72,18,20,24,46,66,42,34,36,12,47,67,17,16,25,62,74,55,11,49,60,56,13,9,8,75,71,61,1,78,43,31,58,5,37,19,57,41,59,79,27,28,39,64,21,44,45,65,76,51,50,4,63,26,3,33,73,35,52,54,77,+2 MissingAxioms= TotalTime=361.2
Step=106 PrevRays=122642 ResultRays=117978 RayPairs=1844339044 NewAxiom=3 PrevAxioms=80,81,82,83,84,85,86,87,88,89,90,91,92,93,94,95,96,97,98,99,100,101,102,103,104,105,7,0,14,6,15,22,23,40,29,30,38,48,53,69,70,10,32,68,72,18,20,2,46,66,9,52,54,65,36,47,31,39,73,77,13,63,51,67,49,4,19,74,61,71,5,21,44,76,64,50,37,12,16,34,45,26,8,24,25,17,60,56,11,75,78,42,55,43,1,79,33,35,59,62,28,27,58,41,57,+3 MissingAxioms= TotalTime=356.9
Step=106 PrevRays=122642 ResultRays=117978 RayPairs=1844339044 NewAxiom=4 PrevAxioms=80,81,82,83,84,85,86,87,88,89,90,91,92,93,94,95,96,97,98,99,100,101,102,103,104,105,7,0,14,6,15,22,23,40,29,30,38,48,53,69,70,10,32,68,72,18,20,2,46,66,9,52,54,65,36,47,31,39,73,77,13,63,51,67,49,19,74,61,33,71,75,5,44,76,64,50,16,25,24,37,57,42,11,34,56,43,79,35,55,3,28,12,45,58,41,27,59,8,62,1,17,60,21,78,26,+4 MissingAxioms= TotalTime=369.9
Step=106 PrevRays=122642 ResultRays=117978 RayPairs=1844339044 NewAxiom=5 PrevAxioms=80,81,82,83,84,85,86,87,88,89,90,91,92,93,94,95,96,97,98,99,100,101,102,103,104,105,7,0,14,6,15,22,23,40,29,30,38,48,53,69,70,10,32,68,72,18,20,2,46,66,9,52,54,65,36,47,31,39,73,77,13,63,51,67,49,4,3,74,62,55,37,28,24,12,33,78,42,34,16,60,56,58,57,75,11,64,25,50,59,79,27,71,21,45,43,41,8,44,17,61,19,76,1,35,26,+5 MissingAxioms= TotalTime=346.4
Step=106 PrevRays=122642 ResultRays=117978 RayPairs=1844339044 NewAxiom=6 PrevAxioms=80,81,82,83,84,85,86,87,88,89,90,91,92,93,94,95,96,97,98,99,100,101,102,103,104,105,7,0,14,15,22,23,30,38,40,12,20,53,54,62,64,9,10,18,28,72,17,36,2,60,8,16,71,75,43,25,24,73,56,74,49,1,32,79,67,47,52,48,33,57,37,29,4,26,61,58,34,42,55,66,31,50,39,5,46,44,59,51,21,45,65,13,41,63,3,11,35,70,19,68,76,69,27,77,78,+6 MissingAxioms= TotalTime=359.4
Step=106 PrevRays=111712 ResultRays=117978 RayPairs=1087109287 NewAxiom=7 PrevAxioms=80,81,82,83,84,85,86,87,88,89,90,91,92,93,94,95,96,97,98,99,100,101,102,103,104,105,15,0,6,14,23,22,40,29,45,46,48,53,69,70,10,32,68,72,18,2,52,12,56,65,41,8,9,64,33,61,60,71,43,4,73,28,39,24,25,19,17,16,49,26,63,1,35,59,11,50,77,79,57,20,54,44,3,30,27,55,34,76,66,62,42,47,58,31,13,51,21,78,37,5,67,36,75,74,38,+7 MissingAxioms= TotalTime=265.8
Step=106 PrevRays=111712 ResultRays=117978 RayPairs=1087109287 NewAxiom=8 PrevAxioms=80,81,82,83,84,85,86,87,88,89,90,91,92,93,94,95,96,97,98,99,100,101,102,103,104,105,7,0,14,6,15,22,23,40,29,30,38,48,53,69,70,10,32,68,72,18,20,2,46,66,9,52,54,65,36,47,31,39,73,77,13,63,51,67,49,4,3,74,62,55,5,21,44,76,64,50,37,12,16,34,45,26,60,56,11,42,78,19,25,57,24,33,71,75,41,79,59,35,43,58,61,17,1,27,28,+8 MissingAxioms= TotalTime=285.8
Step=106 PrevRays=122642 ResultRays=117978 RayPairs=1844339044 NewAxiom=9 PrevAxioms=80,81,82,83,84,85,86,87,88,89,90,91,92,93,94,95,96,97,98,99,100,101,102,103,104,105,7,0,14,6,15,22,23,40,29,30,38,48,53,69,70,10,32,68,72,18,20,2,46,66,17,12,42,34,52,73,4,16,64,63,35,49,41,8,33,19,61,71,25,24,79,26,54,11,60,43,50,28,58,1,27,56,31,13,55,5,21,44,36,47,39,59,65,77,51,45,78,67,74,37,3,75,62,57,76,+9 MissingAxioms= TotalTime=532.6
Step=106 PrevRays=122642 ResultRays=117978 RayPairs=1844339044 NewAxiom=10 PrevAxioms=80,81,82,83,84,85,86,87,88,89,90,91,92,93,94,95,96,97,98,99,100,101,102,103,104,105,7,0,14,6,15,22,23,40,29,30,38,48,53,69,70,16,72,46,41,17,2,52,32,20,36,44,18,39,47,63,42,34,68,54,49,19,74,13,76,71,75,33,61,25,77,11,24,37,56,64,26,55,78,31,5,62,50,66,58,8,1,21,3,9,79,60,45,73,28,4,65,12,57,27,35,51,43,67,59,+10 MissingAxioms= TotalTime=479.3
Step=106 PrevRays=122642 ResultRays=117978 RayPairs=1844339044 NewAxiom=11 PrevAxioms=80,81,82,83,84,85,86,87,88,89,90,91,92,93,94,95,96,97,98,99,100,101,102,103,104,105,7,0,14,6,15,22,23,40,29,30,38,48,53,69,70,10,32,68,72,18,20,2,46,66,9,52,54,65,36,47,31,39,73,77,13,63,51,67,49,4,3,74,62,55,5,21,44,76,64,50,37,12,16,34,45,26,8,17,24,25,56,78,27,79,35,75,42,43,71,58,61,28,19,1,60,59,33,57,41,+11 MissingAxioms= TotalTime=421.8
Step=106 PrevRays=122642 ResultRays=117978 RayPairs=1844339044 NewAxiom=12 PrevAxioms=80,81,82,83,84,85,86,87,88,89,90,91,92,93,94,95,96,97,98,99,100,101,102,103,104,105,7,0,14,6,15,22,23,40,29,30,38,48,53,69,70,10,32,68,72,18,20,2,46,66,9,52,54,65,36,47,31,39,73,77,13,63,51,67,49,4,3,74,62,55,5,21,44,76,64,50,37,45,26,17,8,41,24,33,11,60,56,27,1,42,16,75,78,79,25,71,28,19,35,57,59,34,43,58,61,+12 MissingAxioms= TotalTime=318.5
Step=106 PrevRays=122642 ResultRays=117978 RayPairs=1844339044 NewAxiom=13 PrevAxioms=80,81,82,83,84,85,86,87,88,89,90,91,92,93,94,95,96,97,98,99,100,101,102,103,104,105,7,0,14,6,15,22,23,40,29,30,38,48,53,69,70,10,32,68,72,18,20,2,46,66,9,52,54,65,36,47,31,39,73,77,4,63,37,74,78,3,62,5,55,42,34,16,61,19,56,58,21,64,50,71,44,12,8,1,17,79,28,24,11,75,41,60,45,26,76,67,43,51,57,27,49,25,35,33,59,+13 MissingAxioms= TotalTime=405.7
Step=106 PrevRays=122642 ResultRays=117978 RayPairs=1844339044 NewAxiom=14 PrevAxioms=80,81,82,83,84,85,86,87,88,89,90,91,92,93,94,95,96,97,98,99,100,101,102,103,104,105,7,0,15,22,6,23,29,40,46,53,70,4,18,72,25,49,30,32,48,69,20,42,16,66,56,64,57,52,2,34,79,41,28,24,10,8,43,38,63,73,33,67,26,35,12,50,68,54,58,62,3,55,60,1,27,11,9,47,13,31,5,71,21,44,19,39,36,51,78,59,61,37,17,75,76,45,65,74,77,+14 MissingAxioms= TotalTime=510.9
Step=106 PrevRays=111712 ResultRays=117978 RayPairs=1087109287 NewAxiom=15 PrevAxioms=80,81,82,83,84,85,86,87,88,89,90,91,92,93,94,95,96,97,98,99,100,101,102,103,104,105,7,0,14,6,23,22,40,30,37,38,48,61,69,10,68,32,72,4,36,20,24,44,64,76,46,55,27,41,8,33,12,28,49,57,62,34,58,78,52,73,75,79,51,31,5,45,39,26,21,54,3,63,77,71,13,19,47,56,16,66,1,59,50,65,29,53,17,9,67,43,11,35,70,60,2,74,18,25,42,+15 MissingAxioms= TotalTime=307.9
Step=106 PrevRays=111712 ResultRays=117978 RayPairs=1087109287 NewAxiom=16 PrevAxioms=80,81,82,83,84,85,86,87,88,89,90,91,92,93,94,95,96,97,98,99,100,101,102,103,104,105,7,0,14,6,15,22,23,40,29,30,38,48,53,69,70,10,32,68,72,18,20,2,46,66,9,52,54,65,36,47,31,39,73,77,13,63,51,67,49,4,3,74,62,55,5,21,44,76,64,50,37,12,17,33,24,25,75,60,56,57,59,27,71,61,19,58,78,34,79,35,8,43,41,26,28,1,11,45,42,+16 MissingAxioms= TotalTime=341.1
Step=106 PrevRays=122642 ResultRays=117978 RayPairs=1844339044 NewAxiom=17 PrevAxioms=80,81,82,83,84,85,86,87,88,89,90,91,92,93,94,95,96,97,98,99,100,101,102,103,104,105,7,0,14,6,15,22,23,40,29,30,38,48,53,69,70,10,32,68,72,18,20,2,46,66,9,52,54,65,36,47,31,39,73,77,13,63,51,67,49,4,3,74,62,55,5,21,44,76,64,50,37,12,16,34,45,26,8,1,24,27,41,60,56,11,25,57,42,78,79,35,19,59,33,71,43,61,58,75,28,+17 MissingAxioms= TotalTime=303.5
Step=106 PrevRays=122642 ResultRays=117978 RayPairs=1844339044 NewAxiom=18 PrevAxioms=80,81,82,83,84,85,86,87,88,89,90,91,92,93,94,95,96,97,98,99,100,101,102,103,104,105,7,0,14,6,15,22,23,40,29,30,38,48,53,69,70,10,32,68,72,20,36,2,42,34,12,45,47,67,52,54,63,73,21,4,17,65,77,16,19,74,61,71,37,39,64,50,28,24,5,11,60,56,43,9,8,13,44,66,55,3,41,75,31,26,62,58,78,46,79,76,1,25,27,49,35,59,33,51,57,+18 MissingAxioms= TotalTime=371.1
Step=106 PrevRays=122642 ResultRays=117978 RayPairs=1844339044 NewAxiom=19 PrevAxioms=80,81,82,83,84,85,86,87,88,89,90,91,92,93,94,95,96,97,98,99,100,101,102,103,104,105,7,0,14,6,15,22,23,40,29,30,38,48,53,69,70,10,32,68,72,18,20,2,46,66,9,52,54,65,36,47,31,39,73,77,13,63,51,67,49,4,3,74,62,55,5,21,44,76,64,50,37,12,16,34,45,26,8,17,24,25,11,60,56,78,42,75,33,71,43,79,41,57,58,59,61,35,1,28,27,+19 MissingAxioms= TotalTime=337.7
Step=106 PrevRays=122642 ResultRays=117978 RayPairs=1844339044 NewAxiom=20 PrevAxioms=80,81,82,83,84,85,86,87,88,89,90,91,92,93,94,95,96,97,98,99,100,101,102,103,104,105,7,0,14,6,15,22,23,40,29,30,38,48,53,69,70,10,32,68,72,18,2,56,52,41,8,9,12,45,65,73,17,16,63,64,19,61,71,50,77,4,54,11,13,24,1,60,36,74,37,21,75,26,31,79,62,55,3,28,5,76,39,47,44,78,46,34,58,42,66,67,43,49,51,25,59,35,57,27,33,+20 MissingAxioms= TotalTime=384.1
Step=106 PrevRays=122642 ResultRays=117978 RayPairs=1844339044 NewAxiom=21 PrevAxioms=80,81,82,83,84,85,86,87,88,89,90,91,92,93,94,95,96,97,98,99,100,101,102,103,104,105,7,0,14,6,15,22,23,40,29,30,38,48,53,69,70,10,32,68,72,18,20,2,46,66,9,52,54,65,36,47,31,39,73,77,13,63,51,67,49,4,3,74,62,55,5,44,76,64,37,50,12,16,34,60,56,11,27,42,78,79,57,59,19,71,61,28,24,45,25,33,26,8,75,43,1,17,35,58,41,+21 MissingAxioms= TotalTime=313.1
Step=106 PrevRays=122642 ResultRays=117978 RayPairs=1844339044 NewAxiom=22 PrevAxioms=80,81,82,83,84,85,86,87,88,89,90,91,92,93,94,95,96,97,98,99,100,101,102,103,104,105,7,0,14,6,15,23,37,40,45,61,69,4,10,72,33,57,24,38,56,70,12,41,8,65,48,64,49,60,2,26,79,42,36,32,18,16,43,30,55,74,25,67,34,27,20,58,68,62,50,54,3,63,52,1,35,19,17,47,21,39,5,71,13,44,11,31,28,59,77,51,53,29,9,75,76,46,66,73,78,+22 MissingAxioms= TotalTime=521.1
Step=106 PrevRays=111712 ResultRays=117978 RayPairs=1087109287 NewAxiom=23 PrevAxioms=80,81,82,83,84,85,86,87,88,89,90,91,92,93,94,95,96,97,98,99,100,101,102,103,104,105,7,0,14,6,15,22,40,29,30,38,48,53,70,10,32,20,36,47,13,31,46,44,51,5,39,8,16,54,52,2,74,72,73,42,58,56,66,64,28,79,24,60,61,78,27,11,37,4,75,21,12,62,55,71,3,63,67,45,43,59,34,18,19,68,76,69,77,35,25,9,33,49,57,17,41,65,1,26,50,+23 MissingAxioms= TotalTime=337.4
Step=106 PrevRays=111712 ResultRays=117978 RayPairs=1087109287 NewAxiom=24 PrevAxioms=80,81,82,83,84,85,86,87,88,89,90,91,92,93,94,95,96,97,98,99,100,101,102,103,104,105,7,0,14,6,15,22,23,40,29,30,38,48,53,69,70,10,32,68,72,18,20,2,46,66,9,52,54,65,36,47,31,39,73,77,13,63,51,67,49,4,3,74,62,55,5,21,44,76,64,50,37,12,16,34,45,26,8,17,56,78,11,27,79,35,19,71,28,42,58,61,25,43,1,59,60,57,33,75,41,+24 MissingAxioms= TotalTime=336.3
Step=106 PrevRays=122642 ResultRays=117978 RayPairs=1844339044 NewAxiom=25 PrevAxioms=80,81,82,83,84,85,86,87,88,89,90,91,92,93,94,95,96,97,98,99,100,101,102,103,104,105,7,0,14,6,15,22,23,40,29,30,38,48,53,69,70,10,32,68,72,18,20,2,46,66,9,52,54,65,36,47,31,39,73,77,13,63,51,67,49,4,3,74,62,55,5,21,44,76,64,50,37,12,16,34,45,26,8,17,24,11,41,33,60,56,78,75,42,71,43,79,57,59,61,58,19,35,1,27,28,+25 MissingAxioms= TotalTime=349.4
Step=106 PrevRays=122642 ResultRays=117978 RayPairs=1844339044 NewAxiom=26 PrevAxioms=80,81,82,83,84,85,86,87,88,89,90,91,92,93,94,95,96,97,98,99,100,101,102,103,104,105,7,0,14,6,15,22,23,40,29,30,38,48,53,69,70,10,32,68,72,18,20,2,46,66,9,52,54,65,36,47,31,39,73,77,13,63,51,67,49,4,3,74,62,55,5,21,44,76,64,50,37,12,16,34,45,60,56,11,27,42,19,78,79,57,59,33,71,61,28,24,17,75,43,8,41,1,25,35,58,+26 MissingAxioms= TotalTime=291.3
Step=106 PrevRays=122642 ResultRays=117978 RayPairs=1844339044 NewAxiom=27 PrevAxioms=80,81,82,83,84,85,86,87,88,89,90,91,92,93,94,95,96,97,98,99,100,101,102,103,104,105,7,0,14,6,15,22,23,40,29,30,38,48,53,69,70,10,32,68,72,18,20,2,46,66,9,52,54,65,36,47,31,39,73,77,13,63,51,67,49,4,3,74,62,55,5,21,44,76,64,50,37,12,16,34,45,26,8,17,24,25,11,60,56,78,42,75,33,71,43,79,41,57,58,59,61,35,1,28,19,+27 MissingAxioms= TotalTime=335.8
Step=106 PrevRays=122642 ResultRays=117978 RayPairs=1844339044 NewAxiom=28 PrevAxioms=80,81,82,83,84,85,86,87,88,89,90,91,92,93,94,95,96,97,98,99,100,101,102,103,104,105,7,0,14,6,15,22,23,40,29,30,38,48,53,69,70,10,32,68,72,18,20,2,46,66,9,52,54,65,36,47,31,39,73,77,13,63,51,67,49,4,3,74,62,55,5,21,44,76,64,50,37,12,16,34,45,26,8,17,24,25,11,60,56,78,42,75,33,71,43,79,41,57,58,59,61,35,1,19,27,+28 MissingAxioms= TotalTime=334.2
Step=106 PrevRays=122642 ResultRays=117978 RayPairs=1844339044 NewAxiom=29 PrevAxioms=80,81,82,83,84,85,86,87,88,89,90,91,92,93,94,95,96,97,98,99,100,101,102,103,104,105,7,0,14,6,15,22,23,40,30,37,38,48,53,69,70,10,32,68,72,18,20,2,46,66,4,9,33,26,36,61,31,5,74,12,78,39,54,63,19,71,50,8,41,44,76,64,77,21,52,24,65,45,11,60,56,25,28,62,57,1,58,16,34,55,3,13,47,75,49,42,17,79,73,27,51,43,67,59,35,+29 MissingAxioms= TotalTime=348.0
Step=106 PrevRays=122642 ResultRays=117978 RayPairs=1844339044 NewAxiom=30 PrevAxioms=80,81,82,83,84,85,86,87,88,89,90,91,92,93,94,95,96,97,98,99,100,101,102,103,104,105,7,0,14,6,15,22,23,40,29,38,45,48,53,69,70,10,32,68,72,18,20,2,12,65,9,17,52,54,4,63,73,36,47,21,77,37,39,35,33,74,67,79,28,24,44,76,64,59,50,5,41,16,8,57,1,56,51,26,58,61,19,11,71,55,3,66,60,31,13,46,43,62,34,42,78,27,49,75,25,+30 MissingAxioms= TotalTime=450.9
Step=106 PrevRays=111712 ResultRays=117978 RayPairs=1087109287 NewAxiom=31 PrevAxioms=80,81,82,83,84,85,86,87,88,89,90,91,92,93,94,95,96,97,98,99,100,101,102,103,104,105,7,0,14,6,15,22,23,40,29,30,38,48,53,69,70,10,32,68,72,18,20,2,46,66,9,52,54,65,36,47,74,13,12,63,73,77,78,3,62,5,21,55,39,44,76,64,50,37,11,60,56,58,4,19,28,24,34,16,42,8,1,17,79,71,75,41,61,26,45,67,43,25,27,35,49,59,57,33,51,+31 MissingAxioms= TotalTime=312.7
Step=106 PrevRays=111712 ResultRays=117978 RayPairs=1087109287 NewAxiom=32 PrevAxioms=80,81,82,83,84,85,86,87,88,89,90,91,92,93,94,95,96,97,98,99,100,101,102,103,104,105,7,0,14,6,15,22,23,40,29,30,38,48,53,69,70,10,72,68,18,2,9,56,61,52,60,54,17,62,44,31,39,76,5,64,13,41,8,51,49,20,74,46,4,57,12,55,27,21,47,73,45,36,28,24,26,25,11,63,3,1,75,77,50,71,19,65,16,79,37,33,78,35,34,58,43,66,67,59,42,+32 MissingAxioms= TotalTime=228.2
Step=106 PrevRays=122642 ResultRays=117978 RayPairs=1844339044 NewAxiom=33 PrevAxioms=80,81,82,83,84,85,86,87,88,89,90,91,92,93,94,95,96,97,98,99,100,101,102,103,104,105,7,0,14,6,15,22,23,40,29,30,38,48,53,69,70,10,32,68,72,18,20,2,46,66,9,52,54,65,36,47,31,39,73,77,13,63,51,67,49,4,3,74,62,55,5,21,44,76,64,50,37,12,16,34,45,26,8,17,24,25,11,60,56,78,42,75,71,41,57,43,79,59,35,1,61,58,28,19,27,+33 MissingAxioms= TotalTime=379.9
Step=106 PrevRays=122642 ResultRays=117978 RayPairs=1844339044 NewAxiom=34 PrevAxioms=80,81,82,83,84,85,86,87,88,89,90,91,92,93,94,95,96,97,98,99,100,101,102,103,104,105,7,0,14,6,15,22,23,40,29,30,38,48,53,69,70,10,32,68,72,18,20,2,46,66,9,52,54,65,36,47,31,39,73,77,13,63,51,67,49,4,3,74,62,55,5,21,44,76,64,50,37,12,16,45,26,8,42,17,1,24,41,11,25,33,60,56,75,71,78,79,27,43,35,59,61,28,58,19,57,+34 MissingAxioms= TotalTime=284.7
Step=106 PrevRays=122642 ResultRays=117978 RayPairs=1844339044 NewAxiom=35 PrevAxioms=80,81,82,83,84,85,86,87,88,89,90,91,92,93,94,95,96,97,98,99,100,101,102,103,104,105,7,0,14,6,15,22,23,40,29,30,38,48,53,69,70,10,32,68,72,18,20,2,46,66,9,52,54,65,36,47,31,39,73,77,13,63,51,67,49,4,3,74,62,55,5,21,44,76,64,50,37,12,16,34,45,26,8,17,24,25,11,60,56,78,42,75,33,71,43,79,41,57,58,59,61,28,1,19,27,+35 MissingAxioms= TotalTime=327.8
Step=106 PrevRays=122642 ResultRays=117978 RayPairs=1844339044 NewAxiom=36 PrevAxioms=80,81,82,83,84,85,86,87,88,89,90,91,92,93,94,95,96,97,98,99,100,101,102,103,104,105,7,0,14,6,15,22,23,40,29,30,38,48,53,69,70,10,32,68,72,18,20,2,46,66,9,52,54,65,12,63,73,77,44,76,31,39,5,47,45,3,62,55,64,16,13,50,42,60,34,58,78,11,21,19,26,8,1,17,71,28,4,56,24,79,37,41,74,75,61,43,67,33,25,27,51,49,57,59,35,+36 MissingAxioms= TotalTime=353.0
Step=106 PrevRays=122642 ResultRays=117978 RayPairs=1844339044 NewAxiom=37 PrevAxioms=80,81,82,83,84,85,86,87,88,89,90,91,92,93,94,95,96,97,98,99,100,101,102,103,104,105,7,0,14,6,15,22,23,40,29,30,38,48,53,69,70,10,32,68,72,18,20,2,46,66,9,52,54,65,36,47,31,39,73,77,13,63,51,67,49,4,3,74,62,55,5,21,44,76,64,50,45,12,16,34,11,60,56,27,78,79,59,19,71,42,61,28,24,57,17,8,41,33,75,43,1,25,35,26,58,+37 MissingAxioms= TotalTime=380.3
Step=106 PrevRays=122642 ResultRays=117978 RayPairs=1844339044 NewAxiom=38 PrevAxioms=80,81,82,83,84,85,86,87,88,89,90,91,92,93,94,95,96,97,98,99,100,101,102,103,104,105,7,0,14,6,15,22,23,40,29,30,46,48,53,69,70,10,32,68,72,18,2,20,56,52,66,9,54,41,8,12,63,44,76,39,73,4,64,16,28,21,37,24,26,58,36,45,47,13,42,50,31,5,77,17,65,34,55,71,11,74,78,75,3,62,19,61,60,1,79,43,67,35,59,57,49,51,27,25,33,+38 MissingAxioms= TotalTime=401.9
Step=106 PrevRays=111712 ResultRays=117978 RayPairs=1087109287 NewAxiom=39 PrevAxioms=80,81,82,83,84,85,86,87,88,89,90,91,92,93,94,95,96,97,98,99,100,101,102,103,104,105,7,0,14,6,15,22,23,40,29,30,38,48,53,69,70,10,32,68,72,18,20,2,46,66,9,52,54,65,36,47,31,12,63,13,73,77,21,74,78,5,3,62,55,44,76,64,37,50,45,11,4,60,56,58,19,28,24,42,16,41,8,17,71,75,34,61,26,1,79,67,43,33,35,27,57,51,49,25,59,+39 MissingAxioms= TotalTime=275.8
Step=106 PrevRays=111712 ResultRays=117978 RayPairs=1087109287 NewAxiom=40 PrevAxioms=80,81,82,83,84,85,86,87,88,89,90,91,92,93,94,95,96,97,98,99,100,101,102,103,104,105,7,0,14,6,15,22,23,64,24,29,45,46,53,54,62,12,56,44,72,20,18,4,70,42,9,28,30,41,60,71,55,63,73,77,11,39,27,43,25,2,5,74,38,31,3,19,68,76,26,61,10,16,58,69,36,32,13,51,78,79,33,35,57,47,37,21,52,48,66,17,8,65,75,67,49,1,59,50,34,+40 MissingAxioms= TotalTime=315.2
Step=106 PrevRays=122642 ResultRays=117978 RayPairs=1844339044 NewAxiom=41 PrevAxioms=80,81,82,83,84,85,86,87,88,89,90,91,92,93,94,95,96,97,98,99,100,101,102,103,104,105,7,0,14,6,15,22,23,40,29,30,38,48,53,69,70,10,32,68,72,18,20,2,46,66,9,52,54,65,36,47,31,39,73,77,13,63,51,67,49,4,3,74,62,55,5,21,44,76,64,50,37,12,16,34,45,26,8,17,24,25,11,60,56,78,42,75,33,71,43,79,58,59,35,61,1,28,19,27,57,+41 MissingAxioms= TotalTime=372.0
Step=106 PrevRays=122642 ResultRays=117978 RayPairs=1844339044 NewAxiom=42 PrevAxioms=80,81,82,83,84,85,86,87,88,89,90,91,92,93,94,95,96,97,98,99,100,101,102,103,104,105,7,0,14,6,15,22,23,40,29,30,38,48,53,69,70,10,32,68,72,18,20,2,46,66,9,52,54,65,36,47,31,39,73,77,13,63,51,67,49,4,3,74,62,55,5,21,44,76,64,50,37,12,16,34,45,26,8,17,24,25,11,60,56,78,75,33,71,61,58,41,79,59,43,57,28,35,1,27,19,+42 MissingAxioms= TotalTime=357.4
Step=106 PrevRays=122642 ResultRays=117978 RayPairs=1844339044 NewAxiom=43 PrevAxioms=80,81,82,83,84,85,86,87,88,89,90,91,92,93,94,95,96,97,98,99,100,101,102,103,104,105,7,0,14,6,15,22,23,40,29,30,38,48,53,69,70,10,32,68,72,18,20,2,46,66,9,52,54,65,36,47,31,39,73,77,13,63,51,67,49,4,3,74,62,55,5,21,44,76,64,50,37,12,16,34,45,26,8,17,24,25,11,60,56,78,42,75,33,71,41,57,61,19,59,79,35,58,27,28,1,+43 MissingAxioms= TotalTime=285.5
Step=106 PrevRays=122642 ResultRays=117978 RayPairs=1844339044 NewAxiom=44 PrevAxioms=80,81,82,83,84,85,86,87,88,89,90,91,92,93,94,95,96,97,98,99,100,101,102,103,104,105,7,0,14,6,15,22,23,40,29,30,38,48,53,69,70,10,32,68,72,18,20,2,46,66,9,52,54,65,36,47,31,39,73,77,13,63,51,67,49,4,3,74,62,55,5,21,17,33,12,75,24,76,64,50,60,56,57,59,25,27,71,61,28,79,8,1,16,19,35,37,58,26,41,43,11,34,45,42,78,+44 MissingAxioms= TotalTime=461.8
Step=106 PrevRays=122642 ResultRays=117978 RayPairs=1844339044 NewAxiom=45 PrevAxioms=80,81,82,83,84,85,86,87,88,89,90,91,92,93,94,95,96,97,98,99,100,101,102,103,104,105,7,0,14,6,15,22,23,40,29,30,38,48,53,69,70,10,32,68,72,18,20,2,46,66,9,52,54,65,36,47,31,39,73,77,13,63,51,67,49,4,3,74,62,55,5,21,44,76,64,50,37,12,16,34,17,8,26,24,41,11,25,60,56,78,75,42,33,71,57,43,79,58,59,61,35,1,28,19,27,+45 MissingAxioms= TotalTime=364.5
Step=106 PrevRays=122642 ResultRays=117978 RayPairs=1844339044 NewAxiom=46 PrevAxioms=80,81,82,83,84,85,86,87,88,89,90,91,92,93,94,95,96,97,98,99,100,101,102,103,104,105,7,0,14,6,15,22,23,40,29,30,38,48,53,69,70,10,32,68,72,18,20,2,9,52,54,17,44,76,64,36,47,67,12,74,4,73,63,35,49,41,8,16,37,28,24,26,57,79,65,21,56,60,33,61,19,62,3,1,55,11,5,39,50,77,59,51,58,34,71,13,31,27,78,75,43,66,25,42,45,+46 MissingAxioms= TotalTime=445.6
Step=106 PrevRays=111712 ResultRays=117978 RayPairs=1087109287 NewAxiom=47 PrevAxioms=80,81,82,83,84,85,86,87,88,89,90,91,92,93,94,95,96,97,98,99,100,101,102,103,104,105,7,0,14,6,15,22,23,40,29,30,38,48,53,69,70,10,32,68,72,18,20,2,46,66,9,52,54,65,36,31,5,39,73,77,13,63,51,67,49,4,3,74,62,55,44,76,64,21,50,17,12,60,56,11,57,27,59,33,78,79,71,19,16,45,28,24,42,34,61,75,43,8,41,1,25,37,35,58,26,+47 MissingAxioms= TotalTime=340.3
Step=106 PrevRays=111712 ResultRays=117978 RayPairs=1087109287 NewAxiom=48 PrevAxioms=80,81,82,83,84,85,86,87,88,89,90,91,92,93,94,95,96,97,98,99,100,101,102,103,104,105,7,0,14,6,15,22,23,40,29,30,38,53,56,69,70,8,72,45,2,42,9,52,32,12,28,4,41,65,63,10,39,31,51,1,5,50,18,16,3,34,62,17,73,77,13,58,59,35,24,26,68,60,79,54,64,55,11,27,25,43,76,57,49,33,71,44,61,78,46,47,19,21,20,67,36,37,75,66,74,+48 MissingAxioms= TotalTime=287.5
Step=106 PrevRays=122642 ResultRays=117978 RayPairs=1844339044 NewAxiom=49 PrevAxioms=80,81,82,83,84,85,86,87,88,89,90,91,92,93,94,95,96,97,98,99,100,101,102,103,104,105,7,0,14,6,15,22,23,40,29,30,38,48,53,69,70,10,32,68,72,18,20,2,46,66,9,52,54,65,36,47,31,39,73,77,13,63,51,67,4,3,74,62,55,37,5,44,76,64,50,12,16,34,60,56,11,27,42,78,79,33,21,19,71,28,24,59,75,45,41,8,57,17,43,25,1,35,61,58,26,+49 MissingAxioms= TotalTime=436.1
Step=106 PrevRays=122642 ResultRays=117978 RayPairs=1844339044 NewAxiom=50 PrevAxioms=80,81,82,83,84,85,86,87,88,89,90,91,92,93,94,95,96,97,98,99,100,101,102,103,104,105,7,0,14,6,15,22,23,40,29,30,38,48,53,69,70,10,32,68,72,18,20,2,46,66,9,52,54,65,36,47,31,39,73,77,13,63,51,67,49,4,3,74,62,55,5,21,44,76,64,37,12,16,34,17,8,41,11,33,60,56,27,61,71,75,57,19,24,42,79,43,59,1,35,45,28,26,58,78,25,+50 MissingAxioms= TotalTime=440.5
Step=106 PrevRays=122642 ResultRays=117978 RayPairs=1844339044 NewAxiom=51 PrevAxioms=80,81,82,83,84,85,86,87,88,89,90,91,92,93,94,95,96,97,98,99,100,101,102,103,104,105,7,0,14,6,15,22,23,40,29,30,38,48,53,69,70,10,32,68,72,18,20,2,46,66,9,52,54,65,36,47,31,39,73,77,13,63,49,4,3,74,62,78,55,37,5,42,34,16,61,19,56,57,58,64,12,28,24,75,25,60,71,50,8,1,21,45,33,41,44,11,26,17,79,76,27,35,43,59,67,+51 MissingAxioms= TotalTime=321.0
Step=106 PrevRays=122642 ResultRays=117978 RayPairs=1844339044 NewAxiom=52 PrevAxioms=80,81,82,83,84,85,86,87,88,89,90,91,92,93,94,95,96,97,98,99,100,101,102,103,104,105,7,0,14,6,15,22,23,40,29,30,38,48,53,69,70,10,32,68,72,18,20,2,46,66,9,36,47,31,39,26,25,24,41,8,74,5,33,78,13,61,49,75,42,44,37,64,11,76,55,56,71,19,3,63,62,16,77,34,58,17,54,50,60,1,79,21,45,57,73,4,65,12,28,51,59,67,27,35,43,+52 MissingAxioms= TotalTime=394.0
Step=106 PrevRays=122642 ResultRays=117978 RayPairs=1844339044 NewAxiom=53 PrevAxioms=80,81,82,83,84,85,86,87,88,89,90,91,92,93,94,95,96,97,98,99,100,101,102,103,104,105,7,0,14,6,15,22,23,40,29,30,38,48,61,69,70,10,32,68,72,18,20,24,46,66,42,34,36,12,47,67,17,16,33,4,49,51,13,9,8,74,2,31,5,60,56,55,27,1,25,78,79,62,44,37,28,76,57,41,64,45,65,39,59,71,50,21,63,58,26,19,3,43,54,11,52,35,73,75,77,+53 MissingAxioms= TotalTime=312.9
Step=106 PrevRays=122642 ResultRays=117978 RayPairs=1844339044 NewAxiom=54 PrevAxioms=80,81,82,83,84,85,86,87,88,89,90,91,92,93,94,95,96,97,98,99,100,101,102,103,104,105,7,0,14,6,15,22,23,40,29,30,38,48,53,69,70,10,32,68,72,18,20,2,46,66,9,52,65,36,47,31,39,73,77,13,63,51,67,49,4,3,74,62,33,5,60,56,61,78,71,25,24,34,37,16,58,57,19,64,55,79,59,50,27,28,12,21,75,42,1,8,26,41,44,11,35,43,76,17,45,+54 MissingAxioms= TotalTime=461.9
Step=106 PrevRays=111712 ResultRays=117978 RayPairs=1087109287 NewAxiom=55 PrevAxioms=80,81,82,83,84,85,86,87,88,89,90,91,92,93,94,95,96,97,98,99,100,101,102,103,104,105,7,0,14,6,15,22,23,40,29,30,38,48,53,69,70,10,32,68,72,18,20,2,46,66,9,52,54,65,36,47,31,39,73,77,13,63,51,67,49,4,3,74,62,5,21,44,76,64,50,37,12,16,34,56,26,45,8,33,71,1,78,19,24,25,11,75,41,42,27,79,43,35,57,61,58,60,59,17,28,+55 MissingAxioms= TotalTime=372.1
Step=106 PrevRays=111712 ResultRays=117978 RayPairs=1087109287 NewAxiom=56 PrevAxioms=80,81,82,83,84,85,86,87,88,89,90,91,92,93,94,95,96,97,98,99,100,101,102,103,104,105,7,0,14,6,15,22,23,40,29,30,38,48,53,69,70,10,32,68,72,18,20,2,46,66,9,52,54,65,36,47,31,39,73,77,13,63,51,67,49,4,3,74,62,55,5,21,44,76,64,50,37,12,16,34,45,26,8,17,24,25,11,60,33,71,78,75,58,41,61,27,79,43,28,42,35,57,59,1,19,+56 MissingAxioms= TotalTime=278.4
Step=106 PrevRays=122642 ResultRays=117978 RayPairs=1844339044 NewAxiom=57 PrevAxioms=80,81,82,83,84,85,86,87,88,89,90,91,92,93,94,95,96,97,98,99,100,101,102,103,104,105,7,0,14,6,15,22,23,40,29,30,38,48,53,69,70,10,32,68,72,18,20,2,46,66,9,52,54,65,36,47,31,39,73,77,13,63,51,67,49,4,3,74,62,55,5,21,44,76,64,50,37,12,16,34,45,26,8,17,24,25,11,60,56,78,42,75,33,71,43,79,41,58,59,35,61,1,28,27,19,+57 MissingAxioms= TotalTime=348.3
Step=106 PrevRays=122642 ResultRays=117978 RayPairs=1844339044 NewAxiom=58 PrevAxioms=80,81,82,83,84,85,86,87,88,89,90,91,92,93,94,95,96,97,98,99,100,101,102,103,104,105,7,0,14,6,15,22,23,40,29,30,38,48,53,69,70,10,32,68,72,18,20,2,46,66,9,52,54,65,36,47,31,39,73,77,13,63,51,67,49,4,3,74,62,55,5,21,44,76,64,50,37,12,16,34,45,26,8,17,24,25,11,60,56,78,42,75,33,71,43,79,41,57,59,35,1,61,28,27,19,+58 MissingAxioms= TotalTime=355.0
Step=106 PrevRays=122642 ResultRays=117978 RayPairs=1844339044 NewAxiom=59 PrevAxioms=80,81,82,83,84,85,86,87,88,89,90,91,92,93,94,95,96,97,98,99,100,101,102,103,104,105,7,0,14,6,15,22,23,40,29,30,38,48,53,69,70,10,32,68,72,18,20,2,46,66,9,52,54,65,36,47,31,39,73,77,13,63,51,67,49,4,3,74,62,55,5,21,44,76,64,50,37,12,16,34,45,26,8,17,24,25,11,60,56,78,42,75,33,71,43,79,41,57,58,61,35,1,28,19,27,+59 MissingAxioms= TotalTime=349.3
Step=106 PrevRays=122642 ResultRays=117978 RayPairs=1844339044 NewAxiom=60 PrevAxioms=80,81,82,83,84,85,86,87,88,89,90,91,92,93,94,95,96,97,98,99,100,101,102,103,104,105,7,0,14,6,15,22,23,40,29,30,38,48,53,69,70,10,32,68,72,18,20,2,46,66,9,52,54,65,36,47,31,39,73,77,13,63,51,67,49,4,3,74,62,55,5,21,44,76,64,50,37,12,16,34,45,26,8,17,24,25,11,33,71,56,78,75,42,41,43,79,58,57,61,59,28,35,1,27,19,+60 MissingAxioms= TotalTime=373.3
Step=106 PrevRays=122642 ResultRays=117978 RayPairs=1844339044 NewAxiom=61 PrevAxioms=80,81,82,83,84,85,86,87,88,89,90,91,92,93,94,95,96,97,98,99,100,101,102,103,104,105,7,0,14,6,15,22,23,40,29,30,38,48,53,69,70,10,32,68,72,18,20,2,46,66,9,52,54,65,36,47,31,39,73,77,13,63,51,67,49,4,3,74,62,55,5,21,44,76,64,50,37,12,16,34,45,26,8,17,24,25,11,60,56,78,42,75,33,71,43,79,41,57,58,59,35,1,19,28,27,+61 MissingAxioms= TotalTime=343.2
Step=106 PrevRays=122642 ResultRays=117978 RayPairs=1844339044 NewAxiom=62 PrevAxioms=80,81,82,83,84,85,86,87,88,89,90,91,92,93,94,95,96,97,98,99,100,101,102,103,104,105,7,0,14,6,15,22,23,40,29,30,38,48,53,69,70,10,32,68,72,18,20,2,46,66,9,52,54,65,36,47,31,39,73,77,13,63,51,67,49,4,3,74,55,5,21,44,76,64,50,37,12,16,34,45,26,8,17,24,25,11,41,33,71,75,78,60,56,42,43,79,57,59,35,58,61,28,1,19,27,+62 MissingAxioms= TotalTime=373.6
Step=106 PrevRays=111712 ResultRays=117978 RayPairs=1087109287 NewAxiom=63 PrevAxioms=80,81,82,83,84,85,86,87,88,89,90,91,92,93,94,95,96,97,98,99,100,101,102,103,104,105,7,0,14,6,15,22,23,40,29,30,38,48,53,69,70,10,32,68,72,18,20,2,46,66,9,52,54,65,36,47,31,39,73,77,13,12,21,62,74,55,11,78,5,42,34,16,37,56,45,71,3,19,41,58,76,64,4,75,61,60,50,24,17,8,26,28,44,1,79,43,67,57,59,51,33,27,25,49,35,+63 MissingAxioms= TotalTime=279.8
Step=106 PrevRays=111712 ResultRays=117978 RayPairs=1087109287 NewAxiom=64 PrevAxioms=80,81,82,83,84,85,86,87,88,89,90,91,92,93,94,95,96,97,98,99,100,101,102,103,104,105,7,0,14,6,15,22,23,40,29,30,38,48,53,69,70,10,32,68,72,18,20,2,46,66,9,52,54,65,36,47,31,39,73,77,13,63,51,67,49,4,3,74,62,55,5,21,44,76,50,37,12,16,34,45,60,56,11,27,78,79,57,59,33,71,61,19,28,24,42,17,8,41,75,43,25,1,35,26,58,+64 MissingAxioms= TotalTime=293.2
Step=106 PrevRays=122642 ResultRays=117978 RayPairs=1844339044 NewAxiom=65 PrevAxioms=80,81,82,83,84,85,86,87,88,89,90,91,92,93,94,95,96,97,98,99,100,101,102,103,104,105,7,0,14,6,15,22,23,40,29,30,38,48,53,69,70,10,32,68,72,18,20,2,46,66,9,52,54,41,8,12,63,36,47,31,74,13,73,78,5,3,4,21,55,44,76,64,37,62,45,11,60,56,58,50,77,39,24,42,16,34,19,71,1,79,17,61,75,28,26,67,43,57,35,49,59,51,25,27,33,+65 MissingAxioms= TotalTime=350.2
Step=106 PrevRays=122642 ResultRays=117978 RayPairs=1844339044 NewAxiom=66 PrevAxioms=80,81,82,83,84,85,86,87,88,89,90,91,92,93,94,95,96,97,98,99,100,101,102,103,104,105,7,0,14,6,15,22,23,40,29,30,38,48,53,69,70,10,32,68,72,18,20,2,46,9,52,65,54,4,63,3,62,73,77,36,31,47,74,13,39,67,78,55,37,5,42,34,16,61,19,60,56,58,21,12,75,45,41,17,64,8,43,71,50,44,24,79,11,28,26,76,1,49,27,57,51,59,33,35,25,+66 MissingAxioms= TotalTime=343.9
Step=106 PrevRays=122642 ResultRays=117978 RayPairs=1844339044 NewAxiom=67 PrevAxioms=80,81,82,83,84,85,86,87,88,89,90,91,92,93,94,95,96,97,98,99,100,101,102,103,104,105,7,0,14,6,15,22,23,40,29,30,38,48,53,69,70,10,32,68,72,18,20,2,46,66,9,52,54,65,36,47,31,39,73,77,13,63,51,49,4,3,74,62,78,55,5,21,42,34,16,37,12,33,75,24,44,25,60,56,57,27,64,58,50,59,79,71,61,19,45,41,8,17,28,43,1,26,11,35,76,+67 MissingAxioms= TotalTime=359.4
Step=106 PrevRays=122642 ResultRays=117978 RayPairs=1844339044 NewAxiom=68 PrevAxioms=80,81,82,83,84,85,86,87,88,89,90,91,92,93,94,95,96,97,98,99,100,101,102,103,104,105,7,0,14,6,15,22,23,40,29,30,38,48,53,69,70,10,32,72,18,20,24,36,42,16,34,46,66,12,47,67,17,28,74,31,62,13,9,8,37,78,5,1,11,55,71,56,19,75,43,58,76,44,45,41,64,4,79,60,65,61,39,21,50,63,26,52,2,77,73,3,54,25,27,35,49,59,57,51,33,+68 MissingAxioms= TotalTime=294.4
Step=106 PrevRays=122642 ResultRays=117978 RayPairs=1844339044 NewAxiom=69 PrevAxioms=80,81,82,83,84,85,86,87,88,89,90,91,92,93,94,95,96,97,98,99,100,101,102,103,104,105,7,0,14,6,15,22,23,40,29,30,38,48,53,70,10,32,20,36,47,54,64,67,2,9,17,74,72,52,12,21,65,50,8,16,45,73,4,56,55,71,43,60,61,28,24,44,46,37,11,13,66,58,31,78,42,3,75,39,26,5,62,63,79,1,41,57,59,51,49,27,25,33,19,18,35,68,76,77,34,+69 MissingAxioms= TotalTime=305.2
Step=106 PrevRays=122642 ResultRays=117978 RayPairs=1844339044 NewAxiom=70 PrevAxioms=80,81,82,83,84,85,86,87,88,89,90,91,92,93,94,95,96,97,98,99,100,101,102,103,104,105,7,0,14,6,15,22,23,40,29,30,38,48,53,69,10,32,68,72,20,36,2,9,42,34,52,54,46,44,41,8,12,63,73,4,64,18,16,3,47,13,55,74,37,76,45,62,78,11,58,56,31,66,28,24,65,50,77,39,21,17,1,79,19,71,75,61,5,60,26,67,43,27,25,35,49,57,51,33,59,+70 MissingAxioms= TotalTime=360.5
Step=106 PrevRays=111712 ResultRays=117978 RayPairs=1087109287 NewAxiom=71 PrevAxioms=80,81,82,83,84,85,86,87,88,89,90,91,92,93,94,95,96,97,98,99,100,101,102,103,104,105,7,0,14,6,15,22,23,40,29,30,38,48,53,69,70,10,32,68,72,18,20,2,46,66,9,52,54,65,36,47,31,39,73,77,13,63,51,67,49,4,3,74,62,55,5,21,44,76,64,50,37,12,16,34,45,26,8,17,24,25,11,60,56,78,42,75,33,41,27,1,79,35,59,57,61,19,28,58,43,+71 MissingAxioms= TotalTime=247.4
Step=106 PrevRays=111712 ResultRays=117978 RayPairs=1087109287 NewAxiom=72 PrevAxioms=80,81,82,83,84,85,86,87,88,89,90,91,92,93,94,95,96,97,98,99,100,101,102,103,104,105,7,0,14,6,15,22,23,40,29,30,38,48,53,69,70,10,32,68,18,20,2,46,12,66,42,34,16,4,64,24,79,27,61,65,8,59,36,47,13,50,31,78,37,5,76,28,74,39,45,41,51,58,1,56,55,11,62,71,52,54,67,60,19,26,63,77,73,21,35,44,75,3,43,25,9,17,49,33,57,+72 MissingAxioms= TotalTime=351.1
Step=106 PrevRays=122642 ResultRays=117978 RayPairs=1844339044 NewAxiom=73 PrevAxioms=80,81,82,83,84,85,86,87,88,89,90,91,92,93,94,95,96,97,98,99,100,101,102,103,104,105,7,0,14,6,15,22,23,40,29,30,38,48,53,69,70,10,32,68,72,18,20,2,46,66,9,52,54,65,36,47,31,39,13,63,51,67,49,19,74,61,71,33,75,5,79,37,55,44,76,64,43,78,56,25,24,11,3,58,16,60,34,27,21,42,50,26,45,41,8,77,12,4,28,35,57,62,1,59,17,+73 MissingAxioms= TotalTime=286.9
Step=106 PrevRays=122642 ResultRays=117978 RayPairs=1844339044 NewAxiom=74 PrevAxioms=80,81,82,83,84,85,86,87,88,89,90,91,92,93,94,95,96,97,98,99,100,101,102,103,104,105,7,0,14,6,15,22,23,40,29,30,38,48,53,69,70,10,32,68,72,18,20,2,46,66,9,52,54,65,36,47,31,39,73,77,13,63,51,67,49,4,3,62,55,44,76,64,5,21,50,37,12,16,45,34,42,78,60,56,11,27,79,35,19,28,25,24,57,59,8,17,33,71,43,41,75,1,61,58,26,+74 MissingAxioms= TotalTime=292.6
Step=106 PrevRays=122642 ResultRays=117978 RayPairs=1844339044 NewAxiom=75 PrevAxioms=80,81,82,83,84,85,86,87,88,89,90,91,92,93,94,95,96,97,98,99,100,101,102,103,104,105,7,0,14,6,15,22,23,40,29,30,38,48,53,69,70,10,32,68,72,18,20,2,46,66,9,52,54,65,36,47,31,39,73,77,13,63,51,67,49,4,3,74,62,55,5,21,44,76,64,50,37,12,16,34,45,26,8,17,24,25,11,60,56,78,42,1,79,27,35,59,43,71,61,28,58,33,19,57,41,+75 MissingAxioms= TotalTime=316.2
Step=106 PrevRays=122642 ResultRays=117978 RayPairs=1844339044 NewAxiom=76 PrevAxioms=80,81,82,83,84,85,86,87,88,89,90,91,92,93,94,95,96,97,98,99,100,101,102,103,104,105,7,0,14,6,15,22,23,40,29,30,38,48,53,69,70,10,32,68,72,18,20,2,46,66,9,52,54,65,36,47,31,39,73,77,13,63,51,67,49,4,3,74,62,55,5,21,44,64,50,37,12,45,16,42,41,8,33,24,1,60,56,61,75,19,25,71,78,57,34,35,79,43,58,59,26,27,28,11,17,+76 MissingAxioms= TotalTime=358.1
Step=106 PrevRays=122642 ResultRays=117978 RayPairs=1844339044 NewAxiom=77 PrevAxioms=80,81,82,83,84,85,86,87,88,89,90,91,92,93,94,95,96,97,98,99,100,101,102,103,104,105,7,0,14,6,15,22,23,40,29,30,38,48,53,69,70,10,32,68,72,18,20,2,46,66,9,52,54,65,36,47,31,39,73,13,63,51,67,49,4,3,74,62,55,5,21,17,33,8,1,16,34,11,27,60,56,78,79,71,19,58,76,64,44,24,59,61,41,42,45,50,43,37,35,12,25,28,75,26,57,+77 MissingAxioms= TotalTime=525.8
Step=106 PrevRays=122642 ResultRays=117978 RayPairs=1844339044 NewAxiom=78 PrevAxioms=80,81,82,83,84,85,86,87,88,89,90,91,92,93,94,95,96,97,98,99,100,101,102,103,104,105,7,0,14,6,15,22,23,40,29,30,38,48,53,69,70,10,32,68,72,18,20,2,46,66,9,52,54,65,36,47,31,39,73,77,13,63,51,67,49,4,3,74,62,55,5,21,44,76,64,50,37,12,16,34,45,26,8,17,24,25,11,60,56,42,41,1,75,33,71,79,43,35,59,19,57,27,28,58,61,+78 MissingAxioms= TotalTime=295.9
Step=106 PrevRays=111712 ResultRays=117978 RayPairs=1087109287 NewAxiom=79 PrevAxioms=80,81,82,83,84,85,86,87,88,89,90,91,92,93,94,95,96,97,98,99,100,101,102,103,104,105,7,0,14,6,15,22,23,40,29,30,38,48,53,69,70,10,32,68,72,18,20,2,46,66,9,52,54,65,36,47,31,39,73,77,13,63,51,67,49,4,3,74,62,55,5,21,44,76,64,50,37,12,16,34,45,26,8,17,24,25,11,60,56,78,42,75,33,71,43,1,41,57,59,35,61,58,28,19,27,+79 MissingAxioms= TotalTime=296.5

Ordered by number of ray pairs:
Step=106 ##################............ (min) Axiom0 01() - g0 f(0) + f(1) >= f(0,1)
Step=106 ##################............ (min) Axiom7 01(2,3,4) - g3 f(0,1,2,3,4) >= f(2,3,4)
Step=106 ##################............ (min) Axiom8 02() - g0 f(0) + f(2) >= f(0,2)
Step=106 ##################............ (min) Axiom15 02(1,3,4) - g3 f(0,1,2,3,4) >= f(1,3,4)
Step=106 ##################............ (min) Axiom16 12() - g0 f(1) + f(2) >= f(1,2)
Step=106 ##################............ (min) Axiom23 12(0,3,4) - g3 f(0,1,2,3,4) >= f(0,3,4)
Step=106 ##################............ (min) Axiom24 03() - g0 f(0) + f(3) >= f(0,3)
Step=106 ##################............ (min) Axiom31 03(1,2,4) - g3 f(0,1,2,3,4) >= f(1,2,4)
Step=106 ##################............ (min) Axiom32 13() - g0 f(1) + f(3) >= f(1,3)
Step=106 ##################............ (min) Axiom39 13(0,2,4) - g3 f(0,1,2,3,4) >= f(0,2,4)
Step=106 ##################............ (min) Axiom40 23() - g0 f(2) + f(3) >= f(2,3)
Step=106 ##################............ (min) Axiom47 23(0,1,4) - g3 f(0,1,2,3,4) >= f(0,1,4)
Step=106 ##################............ (min) Axiom48 04() - g0 f(0) + f(4) >= f(0,4)
Step=106 ##################............ (min) Axiom55 04(1,2,3) - g3 f(0,1,2,3,4) >= f(1,2,3)
Step=106 ##################............ (min) Axiom56 14() - g0 f(1) + f(4) >= f(1,4)
Step=106 ##################............ (min) Axiom63 14(0,2,3) - g3 f(0,1,2,3,4) >= f(0,2,3)
Step=106 ##################............ (min) Axiom64 24() - g0 f(2) + f(4) >= f(2,4)
Step=106 ##################............ (min) Axiom71 24(0,1,3) - g3 f(0,1,2,3,4) >= f(0,1,3)
Step=106 ##################............ (min) Axiom72 34() - g0 f(3) + f(4) >= f(3,4)
Step=106 ##################............ (min) Axiom79 34(0,1,2) - g3 f(0,1,2,3,4) >= f(0,1,2)
Step=106 ############################## Axiom1 01(2) - g1 f(0,2) + f(1,2) >= f(2) + f(0,1,2)
Step=106 ############################## Axiom2 01(3) - g1 f(0,3) + f(1,3) >= f(3) + f(0,1,3)
Step=106 ############################## Axiom3 01(2,3) - g2 f(0,2,3) + f(1,2,3) >= f(2,3) + f(0,1,2,3,4)
Step=106 ############################## Axiom4 01(4) - g1 f(0,4) + f(1,4) >= f(4) + f(0,1,4)
Step=106 ############################## Axiom5 01(2,4) - g2 f(0,2,4) + f(1,2,4) >= f(0,1,2,3,4) + f(2,4)
Step=106 ############################## Axiom6 01(3,4) - g2 f(0,3,4) + f(1,3,4) >= f(0,1,2,3,4) + f(3,4)
Step=106 ############################## Axiom9 02(1) - g1 f(0,1) + f(1,2) >= f(1) + f(0,1,2)
Step=106 ############################## Axiom10 02(3) - g1 f(0,3) + f(2,3) >= f(3) + f(0,2,3)
Step=106 ############################## Axiom11 02(1,3) - g2 f(0,1,3) + f(1,2,3) >= f(1,3) + f(0,1,2,3,4)
Step=106 ############################## Axiom12 02(4) - g1 f(0,4) + f(2,4) >= f(4) + f(0,2,4)
Step=106 ############################## Axiom13 02(1,4) - g2 f(0,1,4) + f(1,2,4) >= f(0,1,2,3,4) + f(1,4)
Step=106 ############################## Axiom14 02(3,4) - g2 f(0,3,4) + f(2,3,4) >= f(0,1,2,3,4) + f(3,4)
Step=106 ############################## Axiom17 12(0) - g1 f(0,1) + f(0,2) >= f(0) + f(0,1,2)
Step=106 ############################## Axiom18 12(3) - g1 f(1,3) + f(2,3) >= f(3) + f(1,2,3)
Step=106 ############################## Axiom19 12(0,3) - g2 f(0,1,3) + f(0,2,3) >= f(0,3) + f(0,1,2,3,4)
Step=106 ############################## Axiom20 12(4) - g1 f(1,4) + f(2,4) >= f(4) + f(1,2,4)
Step=106 ############################## Axiom21 12(0,4) - g2 f(0,1,4) + f(0,2,4) >= f(0,1,2,3,4) + f(0,4)
Step=106 ############################## Axiom22 12(3,4) - g2 f(1,3,4) + f(2,3,4) >= f(0,1,2,3,4) + f(3,4)
Step=106 ############################## Axiom25 03(1) - g1 f(0,1) + f(1,3) >= f(1) + f(0,1,3)
Step=106 ############################## Axiom26 03(2) - g1 f(0,2) + f(2,3) >= f(2) + f(0,2,3)
Step=106 ############################## Axiom27 03(1,2) - g2 f(0,1,2) + f(1,2,3) >= f(1,2) + f(0,1,2,3,4)
Step=106 ############################## Axiom28 03(4) - g1 f(0,4) + f(3,4) >= f(4) + f(0,3,4)
Step=106 ############################## Axiom29 03(1,4) - g2 f(0,1,4) + f(1,3,4) >= f(0,1,2,3,4) + f(1,4)
Step=106 ############################## Axiom30 03(2,4) - g2 f(0,2,4) + f(2,3,4) >= f(0,1,2,3,4) + f(2,4)
Step=106 ############################## Axiom33 13(0) - g1 f(0,1) + f(0,3) >= f(0) + f(0,1,3)
Step=106 ############################## Axiom34 13(2) - g1 f(1,2) + f(2,3) >= f(2) + f(1,2,3)
Step=106 ############################## Axiom35 13(0,2) - g2 f(0,1,2) + f(0,2,3) >= f(0,2) + f(0,1,2,3,4)
Step=106 ############################## Axiom36 13(4) - g1 f(1,4) + f(3,4) >= f(4) + f(1,3,4)
Step=106 ############################## Axiom37 13(0,4) - g2 f(0,1,4) + f(0,3,4) >= f(0,1,2,3,4) + f(0,4)
Step=106 ############################## Axiom38 13(2,4) - g2 f(1,2,4) + f(2,3,4) >= f(0,1,2,3,4) + f(2,4)
Step=106 ############################## Axiom41 23(0) - g1 f(0,2) + f(0,3) >= f(0) + f(0,2,3)
Step=106 ############################## Axiom42 23(1) - g1 f(1,2) + f(1,3) >= f(1) + f(1,2,3)
Step=106 ############################## Axiom43 23(0,1) - g2 f(0,1,2) + f(0,1,3) >= f(0,1) + f(0,1,2,3,4)
Step=106 ############################## Axiom44 23(4) - g1 f(2,4) + f(3,4) >= f(4) + f(2,3,4)
Step=106 ############################## Axiom45 23(0,4) - g2 f(0,2,4) + f(0,3,4) >= f(0,1,2,3,4) + f(0,4)
Step=106 ############################## Axiom46 23(1,4) - g2 f(1,2,4) + f(1,3,4) >= f(0,1,2,3,4) + f(1,4)
Step=106 ############################## Axiom49 04(1) - g1 f(0,1) + f(1,4) >= f(1) + f(0,1,4)
Step=106 ############################## Axiom50 04(2) - g1 f(0,2) + f(2,4) >= f(2) + f(0,2,4)
Step=106 ############################## Axiom51 04(1,2) - g2 f(0,1,2) + f(1,2,4) >= f(1,2) + f(0,1,2,3,4)
Step=106 ############################## Axiom52 04(3) - g1 f(0,3) + f(3,4) >= f(3) + f(0,3,4)
Step=106 ############################## Axiom53 04(1,3) - g2 f(0,1,3) + f(1,3,4) >= f(1,3) + f(0,1,2,3,4)
Step=106 ############################## Axiom54 04(2,3) - g2 f(0,2,3) + f(2,3,4) >= f(2,3) + f(0,1,2,3,4)
Step=106 ############################## Axiom57 14(0) - g1 f(0,1) + f(0,4) >= f(0) + f(0,1,4)
Step=106 ############################## Axiom58 14(2) - g1 f(1,2) + f(2,4) >= f(2) + f(1,2,4)
Step=106 ############################## Axiom59 14(0,2) - g2 f(0,1,2) + f(0,2,4) >= f(0,2) + f(0,1,2,3,4)
Step=106 ############################## Axiom60 14(3) - g1 f(1,3) + f(3,4) >= f(3) + f(1,3,4)
Step=106 ############################## Axiom61 14(0,3) - g2 f(0,1,3) + f(0,3,4) >= f(0,3) + f(0,1,2,3,4)
Step=106 ############################## Axiom62 14(2,3) - g2 f(1,2,3) + f(2,3,4) >= f(2,3) + f(0,1,2,3,4)
Step=106 ############################## Axiom65 24(0) - g1 f(0,2) + f(0,4) >= f(0) + f(0,2,4)
Step=106 ############################## Axiom66 24(1) - g1 f(1,2) + f(1,4) >= f(1) + f(1,2,4)
Step=106 ############################## Axiom67 24(0,1) - g2 f(0,1,2) + f(0,1,4) >= f(0,1) + f(0,1,2,3,4)
Step=106 ############################## Axiom68 24(3) - g1 f(2,3) + f(3,4) >= f(3) + f(2,3,4)
Step=106 ############################## Axiom69 24(0,3) - g2 f(0,2,3) + f(0,3,4) >= f(0,3) + f(0,1,2,3,4)
Step=106 ############################## Axiom70 24(1,3) - g2 f(1,2,3) + f(1,3,4) >= f(1,3) + f(0,1,2,3,4)
Step=106 ############################## Axiom73 34(0) - g1 f(0,3) + f(0,4) >= f(0) + f(0,3,4)
Step=106 ############################## Axiom74 34(1) - g1 f(1,3) + f(1,4) >= f(1) + f(1,3,4)
Step=106 ############################## Axiom75 34(0,1) - g2 f(0,1,3) + f(0,1,4) >= f(0,1) + f(0,1,2,3,4)
Step=106 ############################## Axiom76 34(2) - g1 f(2,3) + f(2,4) >= f(2) + f(2,3,4)
Step=106 ############################## Axiom77 34(0,2) - g2 f(0,2,3) + f(0,2,4) >= f(0,2) + f(0,1,2,3,4)
Step=106 ############################## Axiom78 34(1,2) - g2 f(1,2,3) + f(1,2,4) >= f(1,2) + f(0,1,2,3,4)

Ordered by number of previous rays:
Step=106 $$$$$$$$$$$$$$$$$$$$$$$$$$$... (min) Axiom0 01() - g0 f(0) + f(1) >= f(0,1)
Step=106 $$$$$$$$$$$$$$$$$$$$$$$$$$$... (min) Axiom7 01(2,3,4) - g3 f(0,1,2,3,4) >= f(2,3,4)
Step=106 $$$$$$$$$$$$$$$$$$$$$$$$$$$... (min) Axiom8 02() - g0 f(0) + f(2) >= f(0,2)
Step=106 $$$$$$$$$$$$$$$$$$$$$$$$$$$... (min) Axiom15 02(1,3,4) - g3 f(0,1,2,3,4) >= f(1,3,4)
Step=106 $$$$$$$$$$$$$$$$$$$$$$$$$$$... (min) Axiom16 12() - g0 f(1) + f(2) >= f(1,2)
Step=106 $$$$$$$$$$$$$$$$$$$$$$$$$$$... (min) Axiom23 12(0,3,4) - g3 f(0,1,2,3,4) >= f(0,3,4)
Step=106 $$$$$$$$$$$$$$$$$$$$$$$$$$$... (min) Axiom24 03() - g0 f(0) + f(3) >= f(0,3)
Step=106 $$$$$$$$$$$$$$$$$$$$$$$$$$$... (min) Axiom31 03(1,2,4) - g3 f(0,1,2,3,4) >= f(1,2,4)
Step=106 $$$$$$$$$$$$$$$$$$$$$$$$$$$... (min) Axiom32 13() - g0 f(1) + f(3) >= f(1,3)
Step=106 $$$$$$$$$$$$$$$$$$$$$$$$$$$... (min) Axiom39 13(0,2,4) - g3 f(0,1,2,3,4) >= f(0,2,4)
Step=106 $$$$$$$$$$$$$$$$$$$$$$$$$$$... (min) Axiom40 23() - g0 f(2) + f(3) >= f(2,3)
Step=106 $$$$$$$$$$$$$$$$$$$$$$$$$$$... (min) Axiom47 23(0,1,4) - g3 f(0,1,2,3,4) >= f(0,1,4)
Step=106 $$$$$$$$$$$$$$$$$$$$$$$$$$$... (min) Axiom48 04() - g0 f(0) + f(4) >= f(0,4)
Step=106 $$$$$$$$$$$$$$$$$$$$$$$$$$$... (min) Axiom55 04(1,2,3) - g3 f(0,1,2,3,4) >= f(1,2,3)
Step=106 $$$$$$$$$$$$$$$$$$$$$$$$$$$... (min) Axiom56 14() - g0 f(1) + f(4) >= f(1,4)
Step=106 $$$$$$$$$$$$$$$$$$$$$$$$$$$... (min) Axiom63 14(0,2,3) - g3 f(0,1,2,3,4) >= f(0,2,3)
Step=106 $$$$$$$$$$$$$$$$$$$$$$$$$$$... (min) Axiom64 24() - g0 f(2) + f(4) >= f(2,4)
Step=106 $$$$$$$$$$$$$$$$$$$$$$$$$$$... (min) Axiom71 24(0,1,3) - g3 f(0,1,2,3,4) >= f(0,1,3)
Step=106 $$$$$$$$$$$$$$$$$$$$$$$$$$$... (min) Axiom72 34() - g0 f(3) + f(4) >= f(3,4)
Step=106 $$$$$$$$$$$$$$$$$$$$$$$$$$$... (min) Axiom79 34(0,1,2) - g3 f(0,1,2,3,4) >= f(0,1,2)
Step=106 $$$$$$$$$$$$$$$$$$$$$$$$$$$$$$ Axiom1 01(2) - g1 f(0,2) + f(1,2) >= f(2) + f(0,1,2)
Step=106 $$$$$$$$$$$$$$$$$$$$$$$$$$$$$$ Axiom2 01(3) - g1 f(0,3) + f(1,3) >= f(3) + f(0,1,3)
Step=106 $$$$$$$$$$$$$$$$$$$$$$$$$$$$$$ Axiom3 01(2,3) - g2 f(0,2,3) + f(1,2,3) >= f(2,3) + f(0,1,2,3,4)
Step=106 $$$$$$$$$$$$$$$$$$$$$$$$$$$$$$ Axiom4 01(4) - g1 f(0,4) + f(1,4) >= f(4) + f(0,1,4)
Step=106 $$$$$$$$$$$$$$$$$$$$$$$$$$$$$$ Axiom5 01(2,4) - g2 f(0,2,4) + f(1,2,4) >= f(0,1,2,3,4) + f(2,4)
Step=106 $$$$$$$$$$$$$$$$$$$$$$$$$$$$$$ Axiom6 01(3,4) - g2 f(0,3,4) + f(1,3,4) >= f(0,1,2,3,4) + f(3,4)
Step=106 $$$$$$$$$$$$$$$$$$$$$$$$$$$$$$ Axiom9 02(1) - g1 f(0,1) + f(1,2) >= f(1) + f(0,1,2)
Step=106 $$$$$$$$$$$$$$$$$$$$$$$$$$$$$$ Axiom10 02(3) - g1 f(0,3) + f(2,3) >= f(3) + f(0,2,3)
Step=106 $$$$$$$$$$$$$$$$$$$$$$$$$$$$$$ Axiom11 02(1,3) - g2 f(0,1,3) + f(1,2,3) >= f(1,3) + f(0,1,2,3,4)
Step=106 $$$$$$$$$$$$$$$$$$$$$$$$$$$$$$ Axiom12 02(4) - g1 f(0,4) + f(2,4) >= f(4) + f(0,2,4)
Step=106 $$$$$$$$$$$$$$$$$$$$$$$$$$$$$$ Axiom13 02(1,4) - g2 f(0,1,4) + f(1,2,4) >= f(0,1,2,3,4) + f(1,4)
Step=106 $$$$$$$$$$$$$$$$$$$$$$$$$$$$$$ Axiom14 02(3,4) - g2 f(0,3,4) + f(2,3,4) >= f(0,1,2,3,4) + f(3,4)
Step=106 $$$$$$$$$$$$$$$$$$$$$$$$$$$$$$ Axiom17 12(0) - g1 f(0,1) + f(0,2) >= f(0) + f(0,1,2)
Step=106 $$$$$$$$$$$$$$$$$$$$$$$$$$$$$$ Axiom18 12(3) - g1 f(1,3) + f(2,3) >= f(3) + f(1,2,3)
Step=106 $$$$$$$$$$$$$$$$$$$$$$$$$$$$$$ Axiom19 12(0,3) - g2 f(0,1,3) + f(0,2,3) >= f(0,3) + f(0,1,2,3,4)
Step=106 $$$$$$$$$$$$$$$$$$$$$$$$$$$$$$ Axiom20 12(4) - g1 f(1,4) + f(2,4) >= f(4) + f(1,2,4)
Step=106 $$$$$$$$$$$$$$$$$$$$$$$$$$$$$$ Axiom21 12(0,4) - g2 f(0,1,4) + f(0,2,4) >= f(0,1,2,3,4) + f(0,4)
Step=106 $$$$$$$$$$$$$$$$$$$$$$$$$$$$$$ Axiom22 12(3,4) - g2 f(1,3,4) + f(2,3,4) >= f(0,1,2,3,4) + f(3,4)
Step=106 $$$$$$$$$$$$$$$$$$$$$$$$$$$$$$ Axiom25 03(1) - g1 f(0,1) + f(1,3) >= f(1) + f(0,1,3)
Step=106 $$$$$$$$$$$$$$$$$$$$$$$$$$$$$$ Axiom26 03(2) - g1 f(0,2) + f(2,3) >= f(2) + f(0,2,3)
Step=106 $$$$$$$$$$$$$$$$$$$$$$$$$$$$$$ Axiom27 03(1,2) - g2 f(0,1,2) + f(1,2,3) >= f(1,2) + f(0,1,2,3,4)
Step=106 $$$$$$$$$$$$$$$$$$$$$$$$$$$$$$ Axiom28 03(4) - g1 f(0,4) + f(3,4) >= f(4) + f(0,3,4)
Step=106 $$$$$$$$$$$$$$$$$$$$$$$$$$$$$$ Axiom29 03(1,4) - g2 f(0,1,4) + f(1,3,4) >= f(0,1,2,3,4) + f(1,4)
Step=106 $$$$$$$$$$$$$$$$$$$$$$$$$$$$$$ Axiom30 03(2,4) - g2 f(0,2,4) + f(2,3,4) >= f(0,1,2,3,4) + f(2,4)
Step=106 $$$$$$$$$$$$$$$$$$$$$$$$$$$$$$ Axiom33 13(0) - g1 f(0,1) + f(0,3) >= f(0) + f(0,1,3)
Step=106 $$$$$$$$$$$$$$$$$$$$$$$$$$$$$$ Axiom34 13(2) - g1 f(1,2) + f(2,3) >= f(2) + f(1,2,3)
Step=106 $$$$$$$$$$$$$$$$$$$$$$$$$$$$$$ Axiom35 13(0,2) - g2 f(0,1,2) + f(0,2,3) >= f(0,2) + f(0,1,2,3,4)
Step=106 $$$$$$$$$$$$$$$$$$$$$$$$$$$$$$ Axiom36 13(4) - g1 f(1,4) + f(3,4) >= f(4) + f(1,3,4)
Step=106 $$$$$$$$$$$$$$$$$$$$$$$$$$$$$$ Axiom37 13(0,4) - g2 f(0,1,4) + f(0,3,4) >= f(0,1,2,3,4) + f(0,4)
Step=106 $$$$$$$$$$$$$$$$$$$$$$$$$$$$$$ Axiom38 13(2,4) - g2 f(1,2,4) + f(2,3,4) >= f(0,1,2,3,4) + f(2,4)
Step=106 $$$$$$$$$$$$$$$$$$$$$$$$$$$$$$ Axiom41 23(0) - g1 f(0,2) + f(0,3) >= f(0) + f(0,2,3)
Step=106 $$$$$$$$$$$$$$$$$$$$$$$$$$$$$$ Axiom42 23(1) - g1 f(1,2) + f(1,3) >= f(1) + f(1,2,3)
Step=106 $$$$$$$$$$$$$$$$$$$$$$$$$$$$$$ Axiom43 23(0,1) - g2 f(0,1,2) + f(0,1,3) >= f(0,1) + f(0,1,2,3,4)
Step=106 $$$$$$$$$$$$$$$$$$$$$$$$$$$$$$ Axiom44 23(4) - g1 f(2,4) + f(3,4) >= f(4) + f(2,3,4)
Step=106 $$$$$$$$$$$$$$$$$$$$$$$$$$$$$$ Axiom45 23(0,4) - g2 f(0,2,4) + f(0,3,4) >= f(0,1,2,3,4) + f(0,4)
Step=106 $$$$$$$$$$$$$$$$$$$$$$$$$$$$$$ Axiom46 23(1,4) - g2 f(1,2,4) + f(1,3,4) >= f(0,1,2,3,4) + f(1,4)
Step=106 $$$$$$$$$$$$$$$$$$$$$$$$$$$$$$ Axiom49 04(1) - g1 f(0,1) + f(1,4) >= f(1) + f(0,1,4)
Step=106 $$$$$$$$$$$$$$$$$$$$$$$$$$$$$$ Axiom50 04(2) - g1 f(0,2) + f(2,4) >= f(2) + f(0,2,4)
Step=106 $$$$$$$$$$$$$$$$$$$$$$$$$$$$$$ Axiom51 04(1,2) - g2 f(0,1,2) + f(1,2,4) >= f(1,2) + f(0,1,2,3,4)
Step=106 $$$$$$$$$$$$$$$$$$$$$$$$$$$$$$ Axiom52 04(3) - g1 f(0,3) + f(3,4) >= f(3) + f(0,3,4)
Step=106 $$$$$$$$$$$$$$$$$$$$$$$$$$$$$$ Axiom53 04(1,3) - g2 f(0,1,3) + f(1,3,4) >= f(1,3) + f(0,1,2,3,4)
Step=106 $$$$$$$$$$$$$$$$$$$$$$$$$$$$$$ Axiom54 04(2,3) - g2 f(0,2,3) + f(2,3,4) >= f(2,3) + f(0,1,2,3,4)
Step=106 $$$$$$$$$$$$$$$$$$$$$$$$$$$$$$ Axiom57 14(0) - g1 f(0,1) + f(0,4) >= f(0) + f(0,1,4)
Step=106 $$$$$$$$$$$$$$$$$$$$$$$$$$$$$$ Axiom58 14(2) - g1 f(1,2) + f(2,4) >= f(2) + f(1,2,4)
Step=106 $$$$$$$$$$$$$$$$$$$$$$$$$$$$$$ Axiom59 14(0,2) - g2 f(0,1,2) + f(0,2,4) >= f(0,2) + f(0,1,2,3,4)
Step=106 $$$$$$$$$$$$$$$$$$$$$$$$$$$$$$ Axiom60 14(3) - g1 f(1,3) + f(3,4) >= f(3) + f(1,3,4)
Step=106 $$$$$$$$$$$$$$$$$$$$$$$$$$$$$$ Axiom61 14(0,3) - g2 f(0,1,3) + f(0,3,4) >= f(0,3) + f(0,1,2,3,4)
Step=106 $$$$$$$$$$$$$$$$$$$$$$$$$$$$$$ Axiom62 14(2,3) - g2 f(1,2,3) + f(2,3,4) >= f(2,3) + f(0,1,2,3,4)
Step=106 $$$$$$$$$$$$$$$$$$$$$$$$$$$$$$ Axiom65 24(0) - g1 f(0,2) + f(0,4) >= f(0) + f(0,2,4)
Step=106 $$$$$$$$$$$$$$$$$$$$$$$$$$$$$$ Axiom66 24(1) - g1 f(1,2) + f(1,4) >= f(1) + f(1,2,4)
Step=106 $$$$$$$$$$$$$$$$$$$$$$$$$$$$$$ Axiom67 24(0,1) - g2 f(0,1,2) + f(0,1,4) >= f(0,1) + f(0,1,2,3,4)
Step=106 $$$$$$$$$$$$$$$$$$$$$$$$$$$$$$ Axiom68 24(3) - g1 f(2,3) + f(3,4) >= f(3) + f(2,3,4)
Step=106 $$$$$$$$$$$$$$$$$$$$$$$$$$$$$$ Axiom69 24(0,3) - g2 f(0,2,3) + f(0,3,4) >= f(0,3) + f(0,1,2,3,4)
Step=106 $$$$$$$$$$$$$$$$$$$$$$$$$$$$$$ Axiom70 24(1,3) - g2 f(1,2,3) + f(1,3,4) >= f(1,3) + f(0,1,2,3,4)
Step=106 $$$$$$$$$$$$$$$$$$$$$$$$$$$$$$ Axiom73 34(0) - g1 f(0,3) + f(0,4) >= f(0) + f(0,3,4)
Step=106 $$$$$$$$$$$$$$$$$$$$$$$$$$$$$$ Axiom74 34(1) - g1 f(1,3) + f(1,4) >= f(1) + f(1,3,4)
Step=106 $$$$$$$$$$$$$$$$$$$$$$$$$$$$$$ Axiom75 34(0,1) - g2 f(0,1,3) + f(0,1,4) >= f(0,1) + f(0,1,2,3,4)
Step=106 $$$$$$$$$$$$$$$$$$$$$$$$$$$$$$ Axiom76 34(2) - g1 f(2,3) + f(2,4) >= f(2) + f(2,3,4)
Step=106 $$$$$$$$$$$$$$$$$$$$$$$$$$$$$$ Axiom77 34(0,2) - g2 f(0,2,3) + f(0,2,4) >= f(0,2) + f(0,1,2,3,4)
Step=106 $$$$$$$$$$$$$$$$$$$$$$$$$$$$$$ Axiom78 34(1,2) - g2 f(1,2,3) + f(1,2,4) >= f(1,2) + f(0,1,2,3,4)
