Step=105 PrevRays=105687 ResultRays=111712 RayPairs=1280588688 NewAxiom=1 PrevAxioms=80,81,82,83,84,85,86,87,88,89,90,91,92,93,94,95,96,97,98,99,100,101,102,103,104,105,7,8,14,6,15,22,23,32,29,30,38,48,54,61,62,2,40,60,72,18,10,20,46,58,17,4,34,42,52,73,12,16,56,71,43,50,33,41,19,69,63,26,25,79,53,24,66,35,9,11,49,28,68,27,55,64,31,51,13,5,21,36,44,39,67,3,74,75,47,37,57,76,45,78,77,59,65,70,+1 MissingAxioms=0 TotalTime=312.1
Step=105 PrevRays=105687 ResultRays=111712 RayPairs=1280588688 NewAxiom=2 PrevAxioms=80,81,82,83,84,85,86,87,88,89,90,91,92,93,94,95,96,97,98,99,100,101,102,103,104,105,7,8,14,6,15,22,23,32,29,30,38,48,54,61,62,16,72,46,33,17,10,52,40,20,36,44,18,39,74,71,47,60,53,50,41,43,67,56,35,19,69,63,76,77,68,45,3,64,59,79,75,5,31,25,24,26,78,55,49,70,11,13,27,37,21,51,9,66,58,1,34,42,4,28,12,73,65,57,+2 MissingAxioms=0 TotalTime=301.0
Step=105 PrevRays=114103 ResultRays=111712 RayPairs=1562768571 NewAxiom=3 PrevAxioms=80,81,82,83,84,85,86,87,88,89,90,91,92,93,94,95,96,97,98,99,100,101,102,103,104,105,7,8,14,6,15,22,23,32,29,30,38,48,54,61,62,2,40,60,72,18,10,20,46,58,1,52,53,57,44,39,31,47,73,75,5,71,51,59,50,12,11,76,70,55,13,21,36,74,56,49,45,4,16,42,37,25,68,64,34,78,65,67,79,41,69,63,19,28,24,27,77,33,26,66,43,35,9,17,+3 MissingAxioms=0 TotalTime=273.9
Step=105 PrevRays=105687 ResultRays=111712 RayPairs=1280588688 NewAxiom=4 PrevAxioms=80,81,82,83,84,85,86,87,88,89,90,91,92,93,94,95,96,97,98,99,100,101,102,103,104,105,7,8,14,6,15,22,23,32,29,30,38,48,54,61,62,2,40,60,72,18,10,20,46,58,1,52,53,57,44,39,31,47,73,75,5,71,51,59,50,12,11,76,70,55,13,21,36,74,56,49,45,37,25,17,41,24,33,26,34,68,64,3,27,16,9,77,63,78,19,43,79,28,67,35,65,42,66,69,+4 MissingAxioms=0 TotalTime=232.6
Step=105 PrevRays=114103 ResultRays=111712 RayPairs=1562768571 NewAxiom=5 PrevAxioms=80,81,82,83,84,85,86,87,88,89,90,91,92,93,94,95,96,97,98,99,100,101,102,103,104,105,7,8,14,6,15,22,23,32,29,30,38,48,54,61,62,2,40,60,72,18,10,20,46,58,1,52,53,57,44,39,31,47,73,75,12,71,45,76,78,11,70,13,55,34,42,16,69,19,64,66,21,56,49,63,36,4,37,33,24,77,17,68,3,28,25,74,9,79,59,35,67,65,51,41,43,27,50,26,+5 MissingAxioms=0 TotalTime=340.0
Step=105 PrevRays=114103 ResultRays=111712 RayPairs=1562768571 NewAxiom=6 PrevAxioms=80,81,82,83,84,85,86,87,88,89,90,91,92,93,94,95,96,97,98,99,100,101,102,103,104,105,7,8,14,15,22,23,30,32,38,54,62,12,18,72,26,50,29,34,16,40,48,58,61,64,42,36,65,20,10,24,79,49,60,56,4,51,69,47,74,57,27,66,67,2,68,52,76,41,77,9,13,1,59,63,31,39,35,55,71,21,19,75,53,78,25,44,5,73,11,43,70,45,37,33,46,3,28,17,+6 MissingAxioms=0 TotalTime=585.5
Step=105 PrevRays=106241 ResultRays=111712 RayPairs= 970460568 NewAxiom=7 PrevAxioms=80,81,82,83,84,85,86,87,88,89,90,91,92,93,94,95,96,97,98,99,100,101,102,103,104,105,15,6,8,14,23,22,32,29,45,46,48,61,69,2,60,40,72,12,44,20,24,36,56,74,38,55,27,33,41,4,28,50,65,70,37,34,79,26,10,35,43,64,52,73,18,68,53,11,71,19,17,1,3,25,67,63,47,21,31,13,75,78,42,39,77,16,66,59,76,30,9,58,5,51,49,54,57,62,+7 MissingAxioms=0 TotalTime=271.9
Step=105 PrevRays=103752 ResultRays=111712 RayPairs= 944424360 NewAxiom=8 PrevAxioms=80,81,82,83,84,85,86,87,88,89,90,91,92,93,94,95,96,97,98,99,100,101,102,103,104,105,7,14,6,15,16,22,23,24,29,30,38,48,53,54,62,1,40,20,36,47,67,64,18,25,49,34,32,42,58,12,21,60,56,79,57,4,45,27,37,39,43,71,75,74,59,66,28,17,51,44,26,61,72,3,55,76,31,35,63,68,77,78,11,9,5,65,13,46,50,70,19,69,73,52,2,10,33,41,+8 MissingAxioms=0 TotalTime=251.4
Step=105 PrevRays=115373 ResultRays=111712 RayPairs=1691711816 NewAxiom=9 PrevAxioms=80,81,82,83,84,85,86,87,88,89,90,91,92,93,94,95,96,97,98,99,100,101,102,103,104,105,7,8,14,6,15,22,23,32,29,30,38,48,54,61,62,2,40,60,72,18,10,20,46,58,1,52,53,57,44,39,31,47,73,75,5,71,51,59,50,12,11,76,70,55,13,21,36,74,56,49,45,4,16,42,37,25,68,64,3,34,78,19,26,65,24,41,63,77,33,79,67,43,35,66,69,17,27,28,+9 MissingAxioms=0 TotalTime=257.7
Step=105 PrevRays=118264 ResultRays=111712 RayPairs=1707542096 NewAxiom=10 PrevAxioms=80,81,82,83,84,85,86,87,88,89,90,91,92,93,94,95,96,97,98,99,100,101,102,103,104,105,7,8,14,6,15,22,23,32,29,30,38,48,54,61,62,2,40,60,72,18,20,46,24,58,34,42,44,4,39,59,17,16,26,70,76,55,3,50,68,64,5,1,9,77,63,78,35,19,31,66,13,67,47,21,12,28,37,65,56,69,57,51,79,33,27,49,45,36,74,71,25,43,41,11,73,75,53,52,+10 MissingAxioms=0 TotalTime=273.3
Step=105 PrevRays=116083 ResultRays=111712 RayPairs=1605475612 NewAxiom=11 PrevAxioms=80,81,82,83,84,85,86,87,88,89,90,91,92,93,94,95,96,97,98,99,100,101,102,103,104,105,7,8,14,6,15,22,23,32,29,30,38,48,54,61,62,2,40,60,72,18,10,20,46,58,1,52,53,57,44,39,31,47,73,75,5,71,51,59,50,12,19,76,69,63,13,21,36,74,56,49,45,4,16,42,37,25,68,64,24,65,3,17,77,41,35,26,78,66,67,43,79,34,55,70,9,33,27,28,+11 MissingAxioms=0 TotalTime=278.4
Step=105 PrevRays=118264 ResultRays=111712 RayPairs=1707542096 NewAxiom=12 PrevAxioms=80,81,82,83,84,85,86,87,88,89,90,91,92,93,94,95,96,97,98,99,100,101,102,103,104,105,7,8,14,6,15,22,23,32,29,30,38,48,54,61,62,2,40,60,72,18,10,20,46,58,1,52,53,57,44,39,31,47,73,75,5,71,51,59,50,19,76,69,41,63,77,13,36,74,56,49,16,26,24,45,65,34,3,42,64,35,79,43,55,11,28,4,37,66,33,27,67,68,70,21,17,9,78,25,+12 MissingAxioms=0 TotalTime=304.1
Step=105 PrevRays=116083 ResultRays=111712 RayPairs=1605475612 NewAxiom=13 PrevAxioms=80,81,82,83,84,85,86,87,88,89,90,91,92,93,94,95,96,97,98,99,100,101,102,103,104,105,7,8,14,6,15,22,23,32,29,30,38,48,54,61,62,2,40,60,72,18,10,20,46,58,1,52,53,57,44,39,31,47,73,75,5,71,51,59,50,12,11,76,70,55,45,28,24,4,41,78,34,42,16,68,64,66,65,77,3,56,26,49,67,79,27,63,21,37,35,33,43,36,69,74,17,9,19,25,+13 MissingAxioms=0 TotalTime=277.4
Step=105 PrevRays=116187 ResultRays=111712 RayPairs=1679282814 NewAxiom=14 PrevAxioms=80,81,82,83,84,85,86,87,88,89,90,91,92,93,94,95,96,97,98,99,100,101,102,103,104,105,7,8,15,22,6,23,29,32,46,4,20,53,54,56,62,1,2,28,40,25,9,44,72,24,16,30,45,12,33,52,76,39,66,58,64,55,63,3,68,69,59,35,34,31,70,77,79,71,11,48,49,17,73,10,57,47,13,37,36,5,21,38,78,65,67,51,27,50,26,41,43,42,19,74,75,60,61,18,+14 MissingAxioms=0 TotalTime=362.4
Step=105 PrevRays=106438 ResultRays=111712 RayPairs= 962666000 NewAxiom=15 PrevAxioms=80,81,82,83,84,85,86,87,88,89,90,91,92,93,94,95,96,97,98,99,100,101,102,103,104,105,7,8,14,6,23,22,32,30,37,38,48,54,61,62,2,40,60,72,18,4,10,52,57,58,64,33,1,53,56,68,12,63,73,75,28,47,19,34,42,16,24,76,44,69,71,25,3,36,77,11,55,21,39,29,20,5,70,13,49,78,31,17,45,74,66,46,9,79,35,59,43,41,27,65,67,51,26,50,+15 MissingAxioms=0 TotalTime=319.7
Step=105 PrevRays=103752 ResultRays=111712 RayPairs= 944424360 NewAxiom=16 PrevAxioms=80,81,82,83,84,85,86,87,88,89,90,91,92,93,94,95,96,97,98,99,100,101,102,103,104,105,7,8,14,6,15,22,23,32,29,30,38,48,54,61,62,2,40,60,72,18,10,20,46,58,1,52,53,57,44,39,31,47,73,75,5,71,51,59,50,12,11,76,70,55,13,21,36,74,56,49,45,4,17,41,24,26,77,68,64,65,67,27,63,69,19,66,78,42,79,43,35,25,33,28,3,37,34,9,+16 MissingAxioms=0 TotalTime=284.7
Step=105 PrevRays=115373 ResultRays=111712 RayPairs=1691711816 NewAxiom=17 PrevAxioms=80,81,82,83,84,85,86,87,88,89,90,91,92,93,94,95,96,97,98,99,100,101,102,103,104,105,7,8,14,6,15,22,23,32,29,30,38,48,54,61,62,2,40,60,72,18,10,20,46,58,1,52,53,57,44,39,31,47,73,75,5,71,51,59,50,12,11,76,70,55,13,21,36,74,56,49,45,4,16,42,37,25,68,64,3,34,78,19,26,65,24,41,63,77,33,79,67,43,35,66,69,9,27,28,+17 MissingAxioms=0 TotalTime=258.8
Step=105 PrevRays=118264 ResultRays=111712 RayPairs=1707542096 NewAxiom=18 PrevAxioms=80,81,82,83,84,85,86,87,88,89,90,91,92,93,94,95,96,97,98,99,100,101,102,103,104,105,7,8,14,6,15,22,23,32,29,30,38,48,54,61,62,2,40,60,72,10,52,53,20,34,58,42,46,33,44,4,39,59,71,73,31,47,5,1,21,19,76,78,69,63,13,68,70,55,64,37,75,36,45,77,3,35,56,16,66,57,12,24,11,74,49,17,25,9,79,28,26,43,27,50,67,41,51,65,+18 MissingAxioms=0 TotalTime=300.4
Step=105 PrevRays=116083 ResultRays=111712 RayPairs=1605475612 NewAxiom=19 PrevAxioms=80,81,82,83,84,85,86,87,88,89,90,91,92,93,94,95,96,97,98,99,100,101,102,103,104,105,7,8,14,6,15,22,23,32,29,30,38,48,54,61,62,2,40,60,72,18,10,20,46,58,1,52,53,57,44,39,31,47,73,75,5,71,51,59,50,12,11,76,70,55,13,21,36,74,56,49,45,4,16,42,37,25,68,64,3,34,78,65,67,79,43,41,63,69,28,24,27,35,17,9,77,26,66,33,+19 MissingAxioms=0 TotalTime=270.8
Step=105 PrevRays=118264 ResultRays=111712 RayPairs=1707542096 NewAxiom=20 PrevAxioms=80,81,82,83,84,85,86,87,88,89,90,91,92,93,94,95,96,97,98,99,100,101,102,103,104,105,7,8,14,6,15,22,23,32,29,30,38,48,54,61,62,2,40,60,72,18,10,46,1,41,69,33,17,4,36,74,31,47,56,13,39,57,49,16,5,37,67,79,26,24,28,34,52,73,68,53,35,3,63,75,42,65,55,27,43,11,71,78,25,19,51,66,64,9,70,21,45,59,77,12,44,76,58,50,+20 MissingAxioms=0 TotalTime=316.9
Step=105 PrevRays=116083 ResultRays=111712 RayPairs=1605475612 NewAxiom=21 PrevAxioms=80,81,82,83,84,85,86,87,88,89,90,91,92,93,94,95,96,97,98,99,100,101,102,103,104,105,7,8,14,6,15,22,23,32,29,30,38,48,54,61,62,2,40,60,72,18,10,20,46,58,1,52,53,57,44,39,31,47,73,75,5,71,51,59,50,12,11,76,70,55,13,36,74,56,45,49,4,16,42,68,64,3,27,34,78,79,65,67,19,63,69,28,24,37,26,41,25,43,35,66,9,17,77,33,+21 MissingAxioms=0 TotalTime=247.8
Step=105 PrevRays=116187 ResultRays=111712 RayPairs=1679282814 NewAxiom=22 PrevAxioms=80,81,82,83,84,85,86,87,88,89,90,91,92,93,94,95,96,97,98,99,100,101,102,103,104,105,7,8,14,6,15,23,32,37,45,61,69,2,72,38,41,65,24,62,4,33,57,48,25,60,12,64,50,10,40,18,79,58,34,16,29,26,59,43,28,52,35,53,49,42,56,67,17,54,68,70,9,27,11,66,51,36,74,73,76,20,75,30,44,46,71,55,31,63,39,47,13,77,19,3,1,5,21,78,+22 MissingAxioms=0 TotalTime=456.4
Step=105 PrevRays=106438 ResultRays=111712 RayPairs= 962666000 NewAxiom=23 PrevAxioms=80,81,82,83,84,85,86,87,88,89,90,91,92,93,94,95,96,97,98,99,100,101,102,103,104,105,7,8,14,6,15,22,32,29,30,38,48,54,62,2,40,20,36,47,67,75,13,31,39,9,66,25,5,51,49,18,60,61,46,53,56,71,43,26,11,42,34,50,52,12,57,79,21,44,70,74,72,28,4,37,1,78,55,68,16,64,65,10,24,59,3,73,63,35,19,27,76,77,45,41,33,58,17,69,+23 MissingAxioms=0 TotalTime=261.9
Step=105 PrevRays=103752 ResultRays=111712 RayPairs= 944424360 NewAxiom=24 PrevAxioms=80,81,82,83,84,85,86,87,88,89,90,91,92,93,94,95,96,97,98,99,100,101,102,103,104,105,7,8,14,6,15,22,23,32,29,30,38,48,54,61,62,2,40,60,72,18,10,20,46,58,1,52,53,57,44,39,31,47,73,75,5,71,51,59,50,12,11,76,70,55,13,21,36,74,56,49,45,4,16,42,37,25,68,64,3,34,78,19,26,65,77,28,67,79,43,63,69,66,41,35,9,17,27,33,+24 MissingAxioms=0 TotalTime=195.5
Step=105 PrevRays=115373 ResultRays=111712 RayPairs=1691711816 NewAxiom=25 PrevAxioms=80,81,82,83,84,85,86,87,88,89,90,91,92,93,94,95,96,97,98,99,100,101,102,103,104,105,7,8,14,6,15,22,23,32,29,30,38,48,54,61,62,2,40,60,72,18,10,20,46,58,1,52,53,57,44,39,31,47,73,75,5,71,51,59,50,12,11,76,70,55,13,21,36,74,56,49,45,4,16,42,37,68,64,3,27,34,19,78,79,65,67,41,63,69,28,24,17,77,35,43,33,26,66,9,+25 MissingAxioms=0 TotalTime=229.8
Step=105 PrevRays=118264 ResultRays=111712 RayPairs=1707542096 NewAxiom=26 PrevAxioms=80,81,82,83,84,85,86,87,88,89,90,91,92,93,94,95,96,97,98,99,100,101,102,103,104,105,7,8,14,6,15,22,23,32,29,30,38,48,54,61,62,2,40,60,72,18,10,20,46,58,1,52,53,57,44,39,31,47,73,75,5,71,51,59,50,12,11,76,70,55,13,21,36,74,56,49,45,4,16,42,37,25,68,64,3,34,78,19,41,63,9,27,43,24,79,67,35,69,17,77,28,65,33,66,+26 MissingAxioms=0 TotalTime=332.0
Step=105 PrevRays=116083 ResultRays=111712 RayPairs=1605475612 NewAxiom=27 PrevAxioms=80,81,82,83,84,85,86,87,88,89,90,91,92,93,94,95,96,97,98,99,100,101,102,103,104,105,7,8,14,6,15,22,23,32,29,30,38,48,54,61,62,2,40,60,72,18,10,20,46,58,1,52,53,57,44,39,31,47,73,75,5,71,51,59,50,12,11,76,70,55,13,21,36,74,56,49,45,4,16,42,37,25,68,64,3,34,78,19,26,65,24,41,63,77,33,79,67,43,35,66,69,17,9,28,+27 MissingAxioms=0 TotalTime=256.0
Step=105 PrevRays=118264 ResultRays=111712 RayPairs=1707542096 NewAxiom=28 PrevAxioms=80,81,82,83,84,85,86,87,88,89,90,91,92,93,94,95,96,97,98,99,100,101,102,103,104,105,7,8,14,6,15,22,23,32,29,30,38,48,54,61,62,2,40,60,72,18,10,20,46,58,1,52,53,57,44,39,31,47,73,75,5,71,51,59,50,12,11,76,70,55,13,21,36,74,56,49,45,4,16,42,37,25,68,64,3,34,78,19,26,65,24,41,63,77,33,79,67,43,35,66,69,17,9,27,+28 MissingAxioms=0 TotalTime=255.7
Step=105 PrevRays=116083 ResultRays=111712 RayPairs=1605475612 NewAxiom=29 PrevAxioms=80,81,82,83,84,85,86,87,88,89,90,91,92,93,94,95,96,97,98,99,100,101,102,103,104,105,7,8,14,6,15,22,23,32,30,37,38,48,54,61,62,2,40,60,72,18,4,10,57,58,64,33,1,52,53,56,12,73,75,45,71,34,42,16,68,76,39,21,28,44,24,25,47,36,5,20,11,55,3,13,31,70,78,77,66,63,19,17,69,46,49,74,9,79,35,59,67,43,41,65,51,27,50,26,+29 MissingAxioms=0 TotalTime=363.8
Step=105 PrevRays=116187 ResultRays=111712 RayPairs=1679282814 NewAxiom=30 PrevAxioms=80,81,82,83,84,85,86,87,88,89,90,91,92,93,94,95,96,97,98,99,100,101,102,103,104,105,7,8,14,6,15,22,23,32,29,38,45,48,54,61,62,2,40,60,72,18,10,12,20,46,58,1,41,25,44,69,31,13,76,4,78,47,53,71,19,63,49,33,36,74,56,75,21,52,28,37,24,3,68,64,26,66,65,9,16,42,70,55,11,57,5,39,77,50,34,73,17,79,27,43,35,51,67,59,+30 MissingAxioms=0 TotalTime=291.5
Step=105 PrevRays=106438 ResultRays=111712 RayPairs= 962666000 NewAxiom=31 PrevAxioms=80,81,82,83,84,85,86,87,88,89,90,91,92,93,94,95,96,97,98,99,100,101,102,103,104,105,7,8,14,6,15,22,23,32,29,30,38,48,54,61,62,2,40,60,72,18,10,20,46,58,1,52,53,57,44,39,76,5,4,71,73,75,78,11,70,13,21,55,47,36,74,56,49,45,3,68,64,66,12,19,28,24,42,16,34,63,77,37,33,69,17,25,9,79,59,35,26,43,27,50,67,41,65,51,+31 MissingAxioms=0 TotalTime=250.9
Step=105 PrevRays=103752 ResultRays=111712 RayPairs= 944424360 NewAxiom=32 PrevAxioms=80,81,82,83,84,85,86,87,88,89,90,91,92,93,94,95,96,97,98,99,100,101,102,103,104,105,7,8,14,6,15,22,23,56,24,30,37,38,53,54,62,4,64,36,72,20,12,18,70,34,1,28,29,33,68,63,55,71,73,75,3,47,27,35,26,10,13,76,46,31,11,19,60,74,25,69,2,16,66,61,44,40,5,51,78,79,41,43,65,39,45,21,52,48,58,17,77,59,67,9,50,57,42,49,+32 MissingAxioms=0 TotalTime=237.5
Step=105 PrevRays=115373 ResultRays=111712 RayPairs=1691711816 NewAxiom=33 PrevAxioms=80,81,82,83,84,85,86,87,88,89,90,91,92,93,94,95,96,97,98,99,100,101,102,103,104,105,7,8,14,6,15,22,23,32,29,30,38,48,54,61,62,2,40,60,72,18,10,20,46,58,1,52,53,57,44,39,31,47,73,75,5,71,51,59,50,12,11,76,70,55,13,21,36,74,56,49,45,4,16,42,37,25,68,64,3,34,78,19,26,65,24,41,63,77,79,67,35,43,66,9,69,17,28,27,+33 MissingAxioms=0 TotalTime=276.0
Step=105 PrevRays=118264 ResultRays=111712 RayPairs=1707542096 NewAxiom=34 PrevAxioms=80,81,82,83,84,85,86,87,88,89,90,91,92,93,94,95,96,97,98,99,100,101,102,103,104,105,7,8,14,6,15,22,23,32,29,30,38,48,54,61,62,2,40,60,72,18,10,20,46,58,1,52,53,57,44,39,31,47,73,75,5,71,51,59,50,12,11,76,70,55,13,21,36,74,56,49,45,4,16,42,37,25,68,64,3,78,41,9,19,63,27,43,66,67,79,28,24,77,35,26,69,17,65,33,+34 MissingAxioms=0 TotalTime=252.2
Step=105 PrevRays=116083 ResultRays=111712 RayPairs=1605475612 NewAxiom=35 PrevAxioms=80,81,82,83,84,85,86,87,88,89,90,91,92,93,94,95,96,97,98,99,100,101,102,103,104,105,7,8,14,6,15,22,23,32,29,30,38,48,54,61,62,2,40,60,72,18,10,20,46,58,1,52,53,57,44,39,31,47,73,75,5,71,51,59,50,12,11,76,70,55,13,21,36,74,56,49,45,4,16,42,37,25,68,64,3,34,78,19,26,65,24,41,63,77,33,79,67,43,27,69,66,9,28,17,+35 MissingAxioms=0 TotalTime=246.6
Step=105 PrevRays=118264 ResultRays=111712 RayPairs=1707542096 NewAxiom=36 PrevAxioms=80,81,82,83,84,85,86,87,88,89,90,91,92,93,94,95,96,97,98,99,100,101,102,103,104,105,7,8,14,6,15,22,23,32,29,30,38,48,54,61,62,2,40,60,72,18,10,20,46,58,1,52,53,57,44,39,31,47,73,75,5,71,51,59,50,12,11,76,70,55,13,21,17,41,4,77,24,74,56,49,68,64,65,67,26,27,63,69,28,79,35,78,66,16,25,37,9,42,34,43,19,3,45,33,+36 MissingAxioms=0 TotalTime=428.9
Step=105 PrevRays=116083 ResultRays=111712 RayPairs=1605475612 NewAxiom=37 PrevAxioms=80,81,82,83,84,85,86,87,88,89,90,91,92,93,94,95,96,97,98,99,100,101,102,103,104,105,7,8,14,6,15,22,23,32,29,30,38,48,54,61,62,2,40,60,72,18,10,20,46,58,1,52,53,57,44,39,31,47,73,75,5,71,51,59,50,12,11,76,70,55,13,21,36,74,56,49,45,4,16,42,17,24,26,64,78,3,77,41,63,27,19,43,79,65,67,68,35,69,66,9,28,25,33,34,+37 MissingAxioms=0 TotalTime=368.8
Step=105 PrevRays=116187 ResultRays=111712 RayPairs=1679282814 NewAxiom=38 PrevAxioms=80,81,82,83,84,85,86,87,88,89,90,91,92,93,94,95,96,97,98,99,100,101,102,103,104,105,7,8,14,6,15,22,23,32,29,30,46,48,54,61,62,2,40,60,72,18,20,10,1,52,53,17,36,74,56,44,39,59,4,76,12,73,71,43,50,33,45,79,37,16,57,24,21,13,47,26,41,67,65,64,58,5,68,69,31,19,70,63,51,66,42,11,9,34,55,75,77,78,3,27,49,35,28,25,+38 MissingAxioms=0 TotalTime=422.7
Step=105 PrevRays=106438 ResultRays=111712 RayPairs= 962666000 NewAxiom=39 PrevAxioms=80,81,82,83,84,85,86,87,88,89,90,91,92,93,94,95,96,97,98,99,100,101,102,103,104,105,7,8,14,6,15,22,23,32,29,30,38,48,54,61,62,2,40,60,72,18,10,20,46,58,1,52,53,57,44,31,13,47,73,75,5,71,51,59,50,12,11,76,70,55,36,74,56,21,49,17,4,68,64,3,65,27,67,41,78,79,63,19,16,37,28,24,34,42,69,77,35,33,43,9,26,45,66,25,+39 MissingAxioms=0 TotalTime=272.3
Step=105 PrevRays=106017 ResultRays=111712 RayPairs= 999681903 NewAxiom=40 PrevAxioms=80,81,82,83,84,85,86,87,88,89,90,91,92,93,94,95,96,97,98,99,100,101,102,103,104,105,7,8,14,6,15,22,23,32,29,30,38,48,54,61,62,2,72,60,18,1,10,64,69,52,68,20,58,70,53,33,4,36,74,47,56,66,12,21,45,63,19,16,73,28,25,75,76,24,44,71,37,39,5,77,49,34,11,78,31,55,13,57,17,3,42,46,9,79,35,59,43,65,27,41,67,50,51,26,+40 MissingAxioms=0 TotalTime=247.6
Step=105 PrevRays=117220 ResultRays=111712 RayPairs=1636172563 NewAxiom=41 PrevAxioms=80,81,82,83,84,85,86,87,88,89,90,91,92,93,94,95,96,97,98,99,100,101,102,103,104,105,7,8,14,6,15,22,23,32,29,30,38,48,54,61,62,2,40,60,72,18,10,20,46,58,1,52,53,57,44,39,31,47,73,75,5,71,51,59,50,12,11,76,70,55,13,21,36,74,56,49,45,4,16,42,37,25,68,64,3,34,78,19,26,65,24,63,9,33,77,27,43,79,67,35,17,28,66,69,+41 MissingAxioms=0 TotalTime=287.0
Step=105 PrevRays=117220 ResultRays=111712 RayPairs=1636172563 NewAxiom=42 PrevAxioms=80,81,82,83,84,85,86,87,88,89,90,91,92,93,94,95,96,97,98,99,100,101,102,103,104,105,7,8,14,6,15,22,23,32,29,30,38,48,54,61,62,2,40,60,72,18,10,20,46,58,1,52,53,57,44,39,31,47,73,75,5,71,51,59,50,12,11,76,70,55,13,21,36,74,56,49,45,4,16,37,25,34,24,41,33,9,27,68,64,69,19,78,77,63,66,79,67,65,26,43,3,35,17,28,+42 MissingAxioms=0 TotalTime=299.8
Step=105 PrevRays=112583 ResultRays=111712 RayPairs=1265680338 NewAxiom=43 PrevAxioms=80,81,82,83,84,85,86,87,88,89,90,91,92,93,94,95,96,97,98,99,100,101,102,103,104,105,7,8,14,6,15,22,23,32,29,30,38,48,54,61,62,2,40,60,72,18,10,20,46,58,1,52,53,57,44,39,31,47,73,75,5,71,51,59,50,12,11,76,70,55,13,21,36,74,56,49,45,4,16,42,37,25,68,64,3,34,78,19,26,65,24,41,63,77,33,79,67,35,66,69,17,27,28,9,+43 MissingAxioms=0 TotalTime=241.8
Step=105 PrevRays=115725 ResultRays=111712 RayPairs=1563955035 NewAxiom=44 PrevAxioms=80,81,82,83,84,85,86,87,88,89,90,91,92,93,94,95,96,97,98,99,100,101,102,103,104,105,7,8,14,6,15,22,23,32,29,30,38,48,54,61,62,2,40,60,72,18,10,20,46,58,1,52,53,57,4,71,73,75,36,74,31,47,13,39,37,11,70,55,56,16,5,49,34,68,42,66,78,3,21,19,25,63,64,12,28,24,76,45,33,77,17,69,9,79,35,59,50,67,26,51,43,65,41,27,+44 MissingAxioms=0 TotalTime=319.0
Step=105 PrevRays=115795 ResultRays=111712 RayPairs=1644662350 NewAxiom=45 PrevAxioms=80,81,82,83,84,85,86,87,88,89,90,91,92,93,94,95,96,97,98,99,100,101,102,103,104,105,7,8,14,6,15,22,23,32,29,30,38,48,54,61,62,2,40,60,72,18,10,20,46,58,1,52,53,57,44,39,31,47,73,75,5,71,51,59,50,12,11,76,70,55,13,21,36,74,56,49,37,4,16,42,3,68,64,27,78,79,67,19,63,34,69,28,24,65,17,41,77,35,43,9,33,26,66,25,+45 MissingAxioms=0 TotalTime=291.8
Step=105 PrevRays=115795 ResultRays=111712 RayPairs=1644662350 NewAxiom=46 PrevAxioms=80,81,82,83,84,85,86,87,88,89,90,91,92,93,94,95,96,97,98,99,100,101,102,103,104,105,7,8,14,6,15,22,23,32,29,30,38,48,54,61,62,2,40,60,72,18,10,20,58,64,34,42,4,52,73,12,16,56,79,33,45,71,27,65,50,41,69,19,63,53,3,68,77,59,43,66,25,55,24,9,17,35,39,5,31,13,49,57,28,67,75,51,47,37,44,21,1,78,76,74,11,70,36,26,+46 MissingAxioms=0 TotalTime=331.0
Step=105 PrevRays=106791 ResultRays=111712 RayPairs=1058919020 NewAxiom=47 PrevAxioms=80,81,82,83,84,85,86,87,88,89,90,91,92,93,94,95,96,97,98,99,100,101,102,103,104,105,7,8,14,6,15,22,23,32,29,30,38,48,54,61,62,2,40,60,72,18,10,20,46,58,1,52,53,57,44,39,31,4,71,5,73,75,21,76,78,13,11,70,55,36,74,56,45,49,37,3,12,68,64,66,19,28,24,34,16,33,42,63,77,69,17,25,9,79,59,35,67,65,51,41,27,43,50,26,+47 MissingAxioms=0 TotalTime=230.7
Step=105 PrevRays=103752 ResultRays=111712 RayPairs= 944424360 NewAxiom=48 PrevAxioms=80,81,82,83,84,85,86,87,88,89,90,91,92,93,94,95,96,97,98,99,100,101,102,103,104,105,7,8,14,6,15,22,23,32,29,30,38,54,56,61,62,1,40,4,28,12,33,64,24,17,72,20,36,37,10,73,75,52,71,19,63,55,69,47,68,44,76,3,46,13,45,70,31,77,78,57,49,39,21,9,53,79,16,5,11,26,41,50,65,27,51,58,67,34,59,66,43,35,60,74,18,2,42,25,+48 MissingAxioms=0 TotalTime=312.3
Step=105 PrevRays=115373 ResultRays=111712 RayPairs=1691711816 NewAxiom=49 PrevAxioms=80,81,82,83,84,85,86,87,88,89,90,91,92,93,94,95,96,97,98,99,100,101,102,103,104,105,7,8,14,6,15,22,23,32,29,30,38,48,54,61,62,2,40,60,72,18,10,20,46,58,1,52,53,57,44,39,31,47,73,75,5,71,51,59,50,12,11,76,70,55,13,21,36,74,56,45,4,16,42,17,3,68,64,27,65,19,34,67,79,41,63,69,28,24,9,43,37,77,35,33,66,25,78,26,+49 MissingAxioms=0 TotalTime=298.3
Step=105 PrevRays=118264 ResultRays=111712 RayPairs=1707542096 NewAxiom=50 PrevAxioms=80,81,82,83,84,85,86,87,88,89,90,91,92,93,94,95,96,97,98,99,100,101,102,103,104,105,7,8,14,6,15,22,23,32,29,30,38,48,54,61,62,2,40,60,72,18,10,20,46,58,1,52,53,57,44,39,31,47,73,75,5,71,51,59,12,11,76,70,55,45,13,36,74,56,49,4,16,42,68,64,3,27,34,78,79,41,21,19,63,28,24,67,77,37,33,43,65,17,35,26,9,69,66,25,+50 MissingAxioms=0 TotalTime=346.5
Step=105 PrevRays=116083 ResultRays=111712 RayPairs=1605475612 NewAxiom=51 PrevAxioms=80,81,82,83,84,85,86,87,88,89,90,91,92,93,94,95,96,97,98,99,100,101,102,103,104,105,7,8,14,6,15,22,23,32,29,30,38,48,54,61,62,2,40,60,72,18,10,20,46,58,1,52,53,57,44,39,31,47,73,75,5,71,50,12,11,76,70,78,55,45,13,34,42,16,69,19,64,65,66,56,4,28,24,77,26,68,63,49,21,37,41,33,17,3,25,74,9,36,79,43,27,67,35,59,+51 MissingAxioms=0 TotalTime=243.2
Step=105 PrevRays=118264 ResultRays=111712 RayPairs=1707542096 NewAxiom=52 PrevAxioms=80,81,82,83,84,85,86,87,88,89,90,91,92,93,94,95,96,97,98,99,100,101,102,103,104,105,7,8,14,6,15,22,23,32,29,30,38,48,54,61,62,2,40,60,72,18,10,20,46,58,1,44,39,31,47,25,26,24,33,76,13,78,41,5,69,50,77,34,36,45,3,56,64,74,75,70,19,11,42,55,63,71,66,16,53,49,68,21,17,9,79,37,67,43,27,35,59,51,12,28,4,65,73,57,+52 MissingAxioms=0 TotalTime=289.7
Step=105 PrevRays=116083 ResultRays=111712 RayPairs=1605475612 NewAxiom=53 PrevAxioms=80,81,82,83,84,85,86,87,88,89,90,91,92,93,94,95,96,97,98,99,100,101,102,103,104,105,7,8,14,6,15,22,23,32,29,30,38,48,54,61,62,2,40,60,72,18,10,20,46,58,1,52,57,44,39,31,47,73,75,5,71,51,59,50,12,11,76,70,41,13,68,64,69,78,63,26,24,42,45,16,66,65,19,56,55,79,67,49,27,28,4,21,77,34,9,37,43,25,33,36,3,35,74,17,+53 MissingAxioms=0 TotalTime=350.2
Step=105 PrevRays=116187 ResultRays=111712 RayPairs=1679282814 NewAxiom=54 PrevAxioms=80,81,82,83,84,85,86,87,88,89,90,91,92,93,94,95,96,97,98,99,100,101,102,103,104,105,7,8,14,6,15,22,23,32,29,30,38,48,61,62,69,2,40,60,72,18,20,46,24,58,34,42,44,4,39,59,17,16,41,12,50,51,5,1,76,10,9,31,13,78,68,55,27,64,79,26,70,36,45,74,28,65,56,67,57,37,33,47,63,21,49,66,25,71,19,43,75,35,3,73,11,52,77,53,+54 MissingAxioms=0 TotalTime=253.4
Step=105 PrevRays=106438 ResultRays=111712 RayPairs= 962666000 NewAxiom=55 PrevAxioms=80,81,82,83,84,85,86,87,88,89,90,91,92,93,94,95,96,97,98,99,100,101,102,103,104,105,7,8,14,6,15,22,23,32,29,30,38,48,54,61,62,2,40,60,72,18,10,20,46,58,1,52,53,57,44,39,31,47,73,75,5,71,51,59,50,12,11,76,70,13,21,36,74,56,49,45,4,16,42,64,25,37,41,63,78,3,19,9,34,24,33,26,77,27,43,79,65,35,67,68,66,69,28,17,+55 MissingAxioms=0 TotalTime=297.9
Step=105 PrevRays=103752 ResultRays=111712 RayPairs= 944424360 NewAxiom=56 PrevAxioms=80,81,82,83,84,85,86,87,88,89,90,91,92,93,94,95,96,97,98,99,100,101,102,103,104,105,7,8,14,6,15,22,23,32,29,30,38,48,54,61,62,2,40,60,72,18,10,20,46,58,1,52,53,57,44,39,31,47,73,75,5,71,51,59,50,12,11,76,70,55,13,21,36,74,49,45,4,16,42,37,68,64,3,27,78,79,65,67,41,63,69,19,28,24,34,17,77,35,43,9,26,33,25,66,+56 MissingAxioms=0 TotalTime=225.4
Step=105 PrevRays=115373 ResultRays=111712 RayPairs=1691711816 NewAxiom=57 PrevAxioms=80,81,82,83,84,85,86,87,88,89,90,91,92,93,94,95,96,97,98,99,100,101,102,103,104,105,7,8,14,6,15,22,23,32,29,30,38,48,54,61,62,2,40,60,72,18,10,20,46,58,1,52,53,33,44,39,31,47,73,5,71,51,59,50,12,11,76,70,55,13,21,36,74,56,45,4,16,42,75,3,27,68,64,65,34,19,26,24,25,9,43,79,67,66,49,63,69,28,78,77,37,41,17,35,+57 MissingAxioms=0 TotalTime=370.7
Step=105 PrevRays=118264 ResultRays=111712 RayPairs=1707542096 NewAxiom=58 PrevAxioms=80,81,82,83,84,85,86,87,88,89,90,91,92,93,94,95,96,97,98,99,100,101,102,103,104,105,7,8,14,6,15,22,23,32,29,30,38,48,54,61,62,2,40,60,72,18,10,20,46,1,52,57,53,4,71,11,37,73,75,70,45,17,55,36,74,31,13,56,39,49,24,47,76,3,68,64,78,5,79,19,63,12,21,44,77,33,25,9,28,16,69,41,26,50,65,27,51,43,42,35,66,67,59,34,+58 MissingAxioms=0 TotalTime=352.7
Step=105 PrevRays=116083 ResultRays=111712 RayPairs=1605475612 NewAxiom=59 PrevAxioms=80,81,82,83,84,85,86,87,88,89,90,91,92,93,94,95,96,97,98,99,100,101,102,103,104,105,7,8,14,6,15,22,23,32,29,30,38,48,54,61,62,2,40,60,72,18,10,20,46,58,1,52,53,57,44,39,31,47,73,75,5,71,51,50,12,11,76,70,78,55,13,21,34,42,16,45,4,41,77,24,36,26,68,64,65,27,56,66,49,67,79,63,69,19,37,33,28,74,25,43,35,9,3,17,+59 MissingAxioms=0 TotalTime=282.5
Step=105 PrevRays=118264 ResultRays=111712 RayPairs=1707542096 NewAxiom=60 PrevAxioms=80,81,82,83,84,85,86,87,88,89,90,91,92,93,94,95,96,97,98,99,100,101,102,103,104,105,7,8,14,6,15,22,23,32,29,30,38,48,54,61,62,2,40,72,18,24,64,20,36,74,34,16,33,17,4,47,13,31,39,37,46,57,5,28,56,49,44,68,63,55,3,76,19,70,42,78,45,1,12,77,58,69,21,71,66,25,9,79,59,35,52,75,10,73,11,53,26,67,43,50,65,51,27,41,+60 MissingAxioms=0 TotalTime=312.4
Step=105 PrevRays=116083 ResultRays=111712 RayPairs=1605475612 NewAxiom=61 PrevAxioms=80,81,82,83,84,85,86,87,88,89,90,91,92,93,94,95,96,97,98,99,100,101,102,103,104,105,7,8,14,6,15,22,23,32,29,30,38,48,54,62,2,40,20,36,47,67,75,64,9,49,18,25,53,74,60,56,10,12,21,79,43,57,16,72,52,45,73,59,71,66,58,28,24,44,37,4,39,5,51,34,42,31,55,63,33,13,46,77,35,41,68,70,11,65,69,17,26,27,76,19,3,1,78,50,+61 MissingAxioms=0 TotalTime=279.0
Step=105 PrevRays=116187 ResultRays=111712 RayPairs=1679282814 NewAxiom=62 PrevAxioms=80,81,82,83,84,85,86,87,88,89,90,91,92,93,94,95,96,97,98,99,100,101,102,103,104,105,7,8,14,6,15,22,23,32,29,30,38,48,54,61,2,40,60,72,10,52,53,20,46,58,1,44,39,31,47,33,73,78,71,51,5,59,50,12,19,76,34,69,42,63,13,21,68,64,17,65,35,37,75,57,26,77,24,41,4,36,56,74,49,67,43,27,79,66,16,9,70,55,11,3,25,45,18,28,+62 MissingAxioms=0 TotalTime=273.9
Step=105 PrevRays=106438 ResultRays=111712 RayPairs= 962666000 NewAxiom=63 PrevAxioms=80,81,82,83,84,85,86,87,88,89,90,91,92,93,94,95,96,97,98,99,100,101,102,103,104,105,7,8,14,6,15,22,23,32,29,30,38,48,54,61,62,2,40,60,72,18,10,20,46,58,1,52,53,57,44,39,31,47,73,75,5,71,51,59,50,12,11,76,70,55,13,21,36,74,56,49,45,4,16,42,37,25,68,64,3,34,78,19,26,65,24,41,9,67,43,79,33,27,35,69,17,66,28,77,+63 MissingAxioms=0 TotalTime=254.6
Step=105 PrevRays=106017 ResultRays=111712 RayPairs= 999681903 NewAxiom=64 PrevAxioms=80,81,82,83,84,85,86,87,88,89,90,91,92,93,94,95,96,97,98,99,100,101,102,103,104,105,7,8,14,6,15,22,23,32,29,30,38,48,54,61,62,2,40,60,72,18,10,20,46,58,1,52,53,57,44,39,31,47,73,75,5,71,51,59,50,12,11,76,70,55,13,21,36,74,56,49,45,4,16,42,37,25,68,41,3,78,9,63,19,27,43,66,79,67,28,24,34,35,77,26,33,69,65,17,+64 MissingAxioms=0 TotalTime=195.4
Step=105 PrevRays=117220 ResultRays=111712 RayPairs=1636172563 NewAxiom=65 PrevAxioms=80,81,82,83,84,85,86,87,88,89,90,91,92,93,94,95,96,97,98,99,100,101,102,103,104,105,7,8,14,6,15,22,23,32,29,30,38,48,54,61,62,2,40,60,72,18,10,20,46,58,1,52,53,57,44,39,31,47,73,75,5,71,51,59,50,12,11,76,70,55,13,21,36,74,56,49,45,4,16,42,37,25,68,64,3,34,78,19,26,77,41,24,63,33,79,27,43,66,67,69,35,17,28,9,+65 MissingAxioms=0 TotalTime=239.0
Step=105 PrevRays=117220 ResultRays=111712 RayPairs=1636172563 NewAxiom=66 PrevAxioms=80,81,82,83,84,85,86,87,88,89,90,91,92,93,94,95,96,97,98,99,100,101,102,103,104,105,7,8,14,6,15,22,23,32,29,30,38,48,54,61,62,2,40,60,72,18,10,20,46,58,1,52,53,57,44,39,31,47,73,75,5,71,51,59,50,12,11,76,70,55,13,21,36,74,56,49,45,4,16,42,37,25,68,64,3,34,78,19,26,65,24,41,63,77,33,79,67,43,35,17,9,27,28,69,+66 MissingAxioms=0 TotalTime=260.7
Step=105 PrevRays=112583 ResultRays=111712 RayPairs=1265680338 NewAxiom=67 PrevAxioms=80,81,82,83,84,85,86,87,88,89,90,91,92,93,94,95,96,97,98,99,100,101,102,103,104,105,7,8,14,6,15,22,23,32,29,30,38,48,54,61,62,2,40,60,72,18,10,20,46,58,1,52,53,57,44,39,31,47,73,75,5,71,51,59,50,12,11,76,70,55,13,21,36,74,56,49,45,4,16,42,37,25,68,64,3,34,78,19,26,65,24,41,63,77,33,79,35,43,66,17,69,27,28,9,+67 MissingAxioms=0 TotalTime=248.0
Step=105 PrevRays=115725 ResultRays=111712 RayPairs=1563955035 NewAxiom=68 PrevAxioms=80,81,82,83,84,85,86,87,88,89,90,91,92,93,94,95,96,97,98,99,100,101,102,103,104,105,7,8,14,6,15,22,23,32,29,30,38,48,54,61,62,2,40,60,72,18,10,20,46,58,1,52,53,57,44,39,31,47,73,75,5,71,51,59,50,12,11,76,70,55,13,21,36,74,56,49,45,4,16,42,37,25,41,24,33,17,3,64,78,77,63,34,26,66,35,79,43,65,67,69,28,9,27,19,+68 MissingAxioms=0 TotalTime=304.9
Step=105 PrevRays=115795 ResultRays=111712 RayPairs=1644662350 NewAxiom=69 PrevAxioms=80,81,82,83,84,85,86,87,88,89,90,91,92,93,94,95,96,97,98,99,100,101,102,103,104,105,7,8,14,6,15,22,23,32,29,30,38,48,54,61,62,2,40,60,72,18,10,20,46,58,1,52,53,57,44,39,31,47,73,75,5,71,51,59,50,12,11,76,70,55,13,21,36,74,56,49,45,4,16,42,37,25,68,64,3,34,78,19,26,65,24,41,63,77,33,79,67,43,35,66,17,9,28,27,+69 MissingAxioms=0 TotalTime=254.2
Step=105 PrevRays=115795 ResultRays=111712 RayPairs=1644662350 NewAxiom=70 PrevAxioms=80,81,82,83,84,85,86,87,88,89,90,91,92,93,94,95,96,97,98,99,100,101,102,103,104,105,7,8,14,6,15,22,23,32,29,30,38,48,54,61,62,2,40,60,72,18,10,20,46,58,1,52,53,57,44,39,31,47,73,75,5,71,51,59,50,12,11,76,55,13,21,36,74,56,49,45,4,16,42,37,25,41,24,33,17,3,77,63,78,26,68,64,34,35,79,43,67,65,66,69,19,27,28,9,+70 MissingAxioms=0 TotalTime=320.4
Step=105 PrevRays=106791 ResultRays=111712 RayPairs=1058919020 NewAxiom=71 PrevAxioms=80,81,82,83,84,85,86,87,88,89,90,91,92,93,94,95,96,97,98,99,100,101,102,103,104,105,7,8,14,6,15,22,23,32,29,30,38,48,54,61,62,2,40,60,72,18,10,20,46,58,1,52,53,57,44,39,31,47,73,75,5,4,21,70,76,55,3,78,13,34,42,16,45,64,37,63,11,19,33,66,74,56,12,77,69,68,49,24,17,25,28,36,9,79,35,59,43,41,27,65,51,67,26,50,+71 MissingAxioms=0 TotalTime=236.6
Step=105 PrevRays=106017 ResultRays=111712 RayPairs= 999681903 NewAxiom=72 PrevAxioms=80,81,82,83,84,85,86,87,88,89,90,91,92,93,94,95,96,97,98,99,100,101,102,103,104,105,7,8,14,6,15,22,23,32,29,30,38,48,54,61,62,2,40,60,18,10,20,46,4,58,34,42,16,12,56,24,79,27,69,57,67,49,31,78,47,13,76,5,21,39,74,36,37,33,28,45,52,53,75,68,9,51,55,25,43,71,19,59,63,3,66,64,44,70,73,77,11,35,41,17,26,65,1,50,+72 MissingAxioms=0 TotalTime=237.7
Step=105 PrevRays=117220 ResultRays=111712 RayPairs=1636172563 NewAxiom=73 PrevAxioms=80,81,82,83,84,85,86,87,88,89,90,91,92,93,94,95,96,97,98,99,100,101,102,103,104,105,7,8,14,6,15,22,23,32,29,30,38,48,54,61,62,2,40,60,72,18,10,20,46,58,1,52,53,57,44,39,31,47,5,71,51,59,50,19,76,69,63,41,77,13,79,45,55,36,74,56,35,78,64,26,24,3,11,66,16,68,42,27,21,34,49,25,37,33,75,43,12,4,65,67,28,70,9,17,+73 MissingAxioms=0 TotalTime=225.7
Step=105 PrevRays=117220 ResultRays=111712 RayPairs=1636172563 NewAxiom=74 PrevAxioms=80,81,82,83,84,85,86,87,88,89,90,91,92,93,94,95,96,97,98,99,100,101,102,103,104,105,7,8,14,6,15,22,23,32,29,30,38,48,54,61,62,2,40,60,72,18,10,20,46,58,1,52,53,57,44,39,31,47,73,75,5,71,51,59,50,12,11,76,70,55,13,21,36,56,49,45,4,37,16,34,33,41,24,26,68,64,69,63,19,77,17,65,42,67,78,79,35,43,9,28,27,66,25,3,+74 MissingAxioms=0 TotalTime=267.9
Step=105 PrevRays=112583 ResultRays=111712 RayPairs=1265680338 NewAxiom=75 PrevAxioms=80,81,82,83,84,85,86,87,88,89,90,91,92,93,94,95,96,97,98,99,100,101,102,103,104,105,7,8,14,6,15,22,23,32,29,30,38,48,54,61,62,2,40,60,72,18,10,20,46,58,1,52,53,57,44,39,31,47,73,5,71,51,59,50,12,11,76,70,55,13,21,17,41,68,64,3,27,34,42,16,66,78,67,9,79,49,43,19,63,35,56,69,74,24,36,45,37,4,77,26,28,25,65,33,+75 MissingAxioms=0 TotalTime=305.1
Step=105 PrevRays=115725 ResultRays=111712 RayPairs=1563955035 NewAxiom=76 PrevAxioms=80,81,82,83,84,85,86,87,88,89,90,91,92,93,94,95,96,97,98,99,100,101,102,103,104,105,7,8,14,6,15,22,23,32,29,30,38,48,54,61,62,2,40,60,72,18,10,20,46,58,1,52,53,57,44,39,31,47,73,75,5,71,51,59,50,12,11,70,55,36,74,56,13,21,49,45,4,16,37,42,34,78,68,64,3,27,79,43,19,28,26,24,65,67,63,35,17,41,77,33,66,25,69,9,+76 MissingAxioms=0 TotalTime=255.9
Step=105 PrevRays=115795 ResultRays=111712 RayPairs=1644662350 NewAxiom=77 PrevAxioms=80,81,82,83,84,85,86,87,88,89,90,91,92,93,94,95,96,97,98,99,100,101,102,103,104,105,7,8,14,6,15,22,23,32,29,30,38,48,54,61,62,2,40,60,72,18,10,20,46,58,1,52,53,57,44,39,31,47,73,75,5,71,51,59,50,12,11,76,70,55,13,21,36,74,56,49,45,4,16,42,37,25,68,64,3,34,78,19,26,65,24,41,63,9,67,43,79,33,27,35,69,66,17,28,+77 MissingAxioms=0 TotalTime=277.0
Step=105 PrevRays=115795 ResultRays=111712 RayPairs=1644662350 NewAxiom=78 PrevAxioms=80,81,82,83,84,85,86,87,88,89,90,91,92,93,94,95,96,97,98,99,100,101,102,103,104,105,7,8,14,6,15,22,23,32,29,30,38,48,54,61,62,2,40,60,72,18,10,20,46,58,1,52,53,57,44,39,31,47,73,75,5,71,51,59,50,12,11,76,70,55,13,21,36,74,56,49,45,4,16,42,37,25,68,64,3,34,19,28,26,65,24,63,17,67,79,43,41,35,66,9,27,69,77,33,+78 MissingAxioms=0 TotalTime=254.9
Step=105 PrevRays=106791 ResultRays=111712 RayPairs=1058919020 NewAxiom=79 PrevAxioms=80,81,82,83,84,85,86,87,88,89,90,91,92,93,94,95,96,97,98,99,100,101,102,103,104,105,7,8,14,6,15,22,23,32,29,30,38,48,54,61,62,2,40,60,72,18,10,20,46,58,1,52,53,57,44,39,31,47,73,75,5,71,51,59,50,12,11,76,70,55,13,21,36,74,56,49,45,4,16,42,37,25,68,64,3,34,78,19,26,65,24,41,63,77,33,17,35,43,9,67,66,69,28,27,+79 MissingAxioms=0 TotalTime=246.9

Ordered by number of ray pairs:
Step=105 #################............. (min) Axiom8 02() - g0 f(0) + f(2) >= f(0,2)
Step=105 #################............. (min) Axiom16 12() - g0 f(1) + f(2) >= f(1,2)
Step=105 #################............. (min) Axiom24 03() - g0 f(0) + f(3) >= f(0,3)
Step=105 #################............. (min) Axiom32 13() - g0 f(1) + f(3) >= f(1,3)
Step=105 #################............. (min) Axiom48 04() - g0 f(0) + f(4) >= f(0,4)
Step=105 #################............. (min) Axiom56 14() - g0 f(1) + f(4) >= f(1,4)
Step=105 #################............. Axiom15 02(1,3,4) - g3 f(0,1,2,3,4) >= f(1,3,4)
Step=105 #################............. Axiom23 12(0,3,4) - g3 f(0,1,2,3,4) >= f(0,3,4)
Step=105 #################............. Axiom31 03(1,2,4) - g3 f(0,1,2,3,4) >= f(1,2,4)
Step=105 #################............. Axiom39 13(0,2,4) - g3 f(0,1,2,3,4) >= f(0,2,4)
Step=105 #################............. Axiom55 04(1,2,3) - g3 f(0,1,2,3,4) >= f(1,2,3)
Step=105 #################............. Axiom63 14(0,2,3) - g3 f(0,1,2,3,4) >= f(0,2,3)
Step=105 #################............. Axiom7 01(2,3,4) - g3 f(0,1,2,3,4) >= f(2,3,4)
Step=105 ##################............ Axiom40 23() - g0 f(2) + f(3) >= f(2,3)
Step=105 ##################............ Axiom64 24() - g0 f(2) + f(4) >= f(2,4)
Step=105 ##################............ Axiom72 34() - g0 f(3) + f(4) >= f(3,4)
Step=105 ###################........... Axiom47 23(0,1,4) - g3 f(0,1,2,3,4) >= f(0,1,4)
Step=105 ###################........... Axiom71 24(0,1,3) - g3 f(0,1,2,3,4) >= f(0,1,3)
Step=105 ###################........... Axiom79 34(0,1,2) - g3 f(0,1,2,3,4) >= f(0,1,2)
Step=105 ######################........ Axiom43 23(0,1) - g2 f(0,1,2) + f(0,1,3) >= f(0,1) + f(0,1,2,3,4)
Step=105 ######################........ Axiom67 24(0,1) - g2 f(0,1,2) + f(0,1,4) >= f(0,1) + f(0,1,2,3,4)
Step=105 ######################........ Axiom75 34(0,1) - g2 f(0,1,3) + f(0,1,4) >= f(0,1) + f(0,1,2,3,4)
Step=105 ######################........ Axiom1 01(2) - g1 f(0,2) + f(1,2) >= f(2) + f(0,1,2)
Step=105 ######################........ Axiom2 01(3) - g1 f(0,3) + f(1,3) >= f(3) + f(0,1,3)
Step=105 ######################........ Axiom4 01(4) - g1 f(0,4) + f(1,4) >= f(4) + f(0,1,4)
Step=105 ###########################... Axiom3 01(2,3) - g2 f(0,2,3) + f(1,2,3) >= f(2,3) + f(0,1,2,3,4)
Step=105 ###########################... Axiom5 01(2,4) - g2 f(0,2,4) + f(1,2,4) >= f(0,1,2,3,4) + f(2,4)
Step=105 ###########################... Axiom6 01(3,4) - g2 f(0,3,4) + f(1,3,4) >= f(0,1,2,3,4) + f(3,4)
Step=105 ###########################... Axiom44 23(4) - g1 f(2,4) + f(3,4) >= f(4) + f(2,3,4)
Step=105 ###########################... Axiom68 24(3) - g1 f(2,3) + f(3,4) >= f(3) + f(2,3,4)
Step=105 ###########################... Axiom76 34(2) - g1 f(2,3) + f(2,4) >= f(2) + f(2,3,4)
Step=105 ############################.. Axiom11 02(1,3) - g2 f(0,1,3) + f(1,2,3) >= f(1,3) + f(0,1,2,3,4)
Step=105 ############################.. Axiom13 02(1,4) - g2 f(0,1,4) + f(1,2,4) >= f(0,1,2,3,4) + f(1,4)
Step=105 ############################.. Axiom19 12(0,3) - g2 f(0,1,3) + f(0,2,3) >= f(0,3) + f(0,1,2,3,4)
Step=105 ############################.. Axiom21 12(0,4) - g2 f(0,1,4) + f(0,2,4) >= f(0,1,2,3,4) + f(0,4)
Step=105 ############################.. Axiom27 03(1,2) - g2 f(0,1,2) + f(1,2,3) >= f(1,2) + f(0,1,2,3,4)
Step=105 ############################.. Axiom29 03(1,4) - g2 f(0,1,4) + f(1,3,4) >= f(0,1,2,3,4) + f(1,4)
Step=105 ############################.. Axiom35 13(0,2) - g2 f(0,1,2) + f(0,2,3) >= f(0,2) + f(0,1,2,3,4)
Step=105 ############################.. Axiom37 13(0,4) - g2 f(0,1,4) + f(0,3,4) >= f(0,1,2,3,4) + f(0,4)
Step=105 ############################.. Axiom51 04(1,2) - g2 f(0,1,2) + f(1,2,4) >= f(1,2) + f(0,1,2,3,4)
Step=105 ############################.. Axiom53 04(1,3) - g2 f(0,1,3) + f(1,3,4) >= f(1,3) + f(0,1,2,3,4)
Step=105 ############################.. Axiom59 14(0,2) - g2 f(0,1,2) + f(0,2,4) >= f(0,2) + f(0,1,2,3,4)
Step=105 ############################.. Axiom61 14(0,3) - g2 f(0,1,3) + f(0,3,4) >= f(0,3) + f(0,1,2,3,4)
Step=105 #############################. Axiom41 23(0) - g1 f(0,2) + f(0,3) >= f(0) + f(0,2,3)
Step=105 #############################. Axiom42 23(1) - g1 f(1,2) + f(1,3) >= f(1) + f(1,2,3)
Step=105 #############################. Axiom65 24(0) - g1 f(0,2) + f(0,4) >= f(0) + f(0,2,4)
Step=105 #############################. Axiom66 24(1) - g1 f(1,2) + f(1,4) >= f(1) + f(1,2,4)
Step=105 #############################. Axiom73 34(0) - g1 f(0,3) + f(0,4) >= f(0) + f(0,3,4)
Step=105 #############################. Axiom74 34(1) - g1 f(1,3) + f(1,4) >= f(1) + f(1,3,4)
Step=105 #############################. Axiom45 23(0,4) - g2 f(0,2,4) + f(0,3,4) >= f(0,1,2,3,4) + f(0,4)
Step=105 #############################. Axiom46 23(1,4) - g2 f(1,2,4) + f(1,3,4) >= f(0,1,2,3,4) + f(1,4)
Step=105 #############################. Axiom69 24(0,3) - g2 f(0,2,3) + f(0,3,4) >= f(0,3) + f(0,1,2,3,4)
Step=105 #############################. Axiom70 24(1,3) - g2 f(1,2,3) + f(1,3,4) >= f(1,3) + f(0,1,2,3,4)
Step=105 #############################. Axiom77 34(0,2) - g2 f(0,2,3) + f(0,2,4) >= f(0,2) + f(0,1,2,3,4)
Step=105 #############################. Axiom78 34(1,2) - g2 f(1,2,3) + f(1,2,4) >= f(1,2) + f(0,1,2,3,4)
Step=105 ############################## Axiom14 02(3,4) - g2 f(0,3,4) + f(2,3,4) >= f(0,1,2,3,4) + f(3,4)
Step=105 ############################## Axiom22 12(3,4) - g2 f(1,3,4) + f(2,3,4) >= f(0,1,2,3,4) + f(3,4)
Step=105 ############################## Axiom30 03(2,4) - g2 f(0,2,4) + f(2,3,4) >= f(0,1,2,3,4) + f(2,4)
Step=105 ############################## Axiom38 13(2,4) - g2 f(1,2,4) + f(2,3,4) >= f(0,1,2,3,4) + f(2,4)
Step=105 ############################## Axiom54 04(2,3) - g2 f(0,2,3) + f(2,3,4) >= f(2,3) + f(0,1,2,3,4)
Step=105 ############################## Axiom62 14(2,3) - g2 f(1,2,3) + f(2,3,4) >= f(2,3) + f(0,1,2,3,4)
Step=105 ############################## Axiom9 02(1) - g1 f(0,1) + f(1,2) >= f(1) + f(0,1,2)
Step=105 ############################## Axiom17 12(0) - g1 f(0,1) + f(0,2) >= f(0) + f(0,1,2)
Step=105 ############################## Axiom25 03(1) - g1 f(0,1) + f(1,3) >= f(1) + f(0,1,3)
Step=105 ############################## Axiom33 13(0) - g1 f(0,1) + f(0,3) >= f(0) + f(0,1,3)
Step=105 ############################## Axiom49 04(1) - g1 f(0,1) + f(1,4) >= f(1) + f(0,1,4)
Step=105 ############################## Axiom57 14(0) - g1 f(0,1) + f(0,4) >= f(0) + f(0,1,4)
Step=105 ############################## Axiom10 02(3) - g1 f(0,3) + f(2,3) >= f(3) + f(0,2,3)
Step=105 ############################## Axiom12 02(4) - g1 f(0,4) + f(2,4) >= f(4) + f(0,2,4)
Step=105 ############################## Axiom18 12(3) - g1 f(1,3) + f(2,3) >= f(3) + f(1,2,3)
Step=105 ############################## Axiom20 12(4) - g1 f(1,4) + f(2,4) >= f(4) + f(1,2,4)
Step=105 ############################## Axiom26 03(2) - g1 f(0,2) + f(2,3) >= f(2) + f(0,2,3)
Step=105 ############################## Axiom28 03(4) - g1 f(0,4) + f(3,4) >= f(4) + f(0,3,4)
Step=105 ############################## Axiom34 13(2) - g1 f(1,2) + f(2,3) >= f(2) + f(1,2,3)
Step=105 ############################## Axiom36 13(4) - g1 f(1,4) + f(3,4) >= f(4) + f(1,3,4)
Step=105 ############################## Axiom50 04(2) - g1 f(0,2) + f(2,4) >= f(2) + f(0,2,4)
Step=105 ############################## Axiom52 04(3) - g1 f(0,3) + f(3,4) >= f(3) + f(0,3,4)
Step=105 ############################## Axiom58 14(2) - g1 f(1,2) + f(2,4) >= f(2) + f(1,2,4)
Step=105 ############################## Axiom60 14(3) - g1 f(1,3) + f(3,4) >= f(3) + f(1,3,4)

Ordered by number of previous rays:
Step=105 $$$$$$$$$$$$$$$$$$$$$$$$$$.... (min) Axiom8 02() - g0 f(0) + f(2) >= f(0,2)
Step=105 $$$$$$$$$$$$$$$$$$$$$$$$$$.... (min) Axiom16 12() - g0 f(1) + f(2) >= f(1,2)
Step=105 $$$$$$$$$$$$$$$$$$$$$$$$$$.... (min) Axiom24 03() - g0 f(0) + f(3) >= f(0,3)
Step=105 $$$$$$$$$$$$$$$$$$$$$$$$$$.... (min) Axiom32 13() - g0 f(1) + f(3) >= f(1,3)
Step=105 $$$$$$$$$$$$$$$$$$$$$$$$$$.... (min) Axiom48 04() - g0 f(0) + f(4) >= f(0,4)
Step=105 $$$$$$$$$$$$$$$$$$$$$$$$$$.... (min) Axiom56 14() - g0 f(1) + f(4) >= f(1,4)
Step=105 $$$$$$$$$$$$$$$$$$$$$$$$$$$... Axiom1 01(2) - g1 f(0,2) + f(1,2) >= f(2) + f(0,1,2)
Step=105 $$$$$$$$$$$$$$$$$$$$$$$$$$$... Axiom2 01(3) - g1 f(0,3) + f(1,3) >= f(3) + f(0,1,3)
Step=105 $$$$$$$$$$$$$$$$$$$$$$$$$$$... Axiom4 01(4) - g1 f(0,4) + f(1,4) >= f(4) + f(0,1,4)
Step=105 $$$$$$$$$$$$$$$$$$$$$$$$$$$... Axiom40 23() - g0 f(2) + f(3) >= f(2,3)
Step=105 $$$$$$$$$$$$$$$$$$$$$$$$$$$... Axiom64 24() - g0 f(2) + f(4) >= f(2,4)
Step=105 $$$$$$$$$$$$$$$$$$$$$$$$$$$... Axiom72 34() - g0 f(3) + f(4) >= f(3,4)
Step=105 $$$$$$$$$$$$$$$$$$$$$$$$$$$... Axiom7 01(2,3,4) - g3 f(0,1,2,3,4) >= f(2,3,4)
Step=105 $$$$$$$$$$$$$$$$$$$$$$$$$$$... Axiom15 02(1,3,4) - g3 f(0,1,2,3,4) >= f(1,3,4)
Step=105 $$$$$$$$$$$$$$$$$$$$$$$$$$$... Axiom23 12(0,3,4) - g3 f(0,1,2,3,4) >= f(0,3,4)
Step=105 $$$$$$$$$$$$$$$$$$$$$$$$$$$... Axiom31 03(1,2,4) - g3 f(0,1,2,3,4) >= f(1,2,4)
Step=105 $$$$$$$$$$$$$$$$$$$$$$$$$$$... Axiom39 13(0,2,4) - g3 f(0,1,2,3,4) >= f(0,2,4)
Step=105 $$$$$$$$$$$$$$$$$$$$$$$$$$$... Axiom55 04(1,2,3) - g3 f(0,1,2,3,4) >= f(1,2,3)
Step=105 $$$$$$$$$$$$$$$$$$$$$$$$$$$... Axiom63 14(0,2,3) - g3 f(0,1,2,3,4) >= f(0,2,3)
Step=105 $$$$$$$$$$$$$$$$$$$$$$$$$$$... Axiom47 23(0,1,4) - g3 f(0,1,2,3,4) >= f(0,1,4)
Step=105 $$$$$$$$$$$$$$$$$$$$$$$$$$$... Axiom71 24(0,1,3) - g3 f(0,1,2,3,4) >= f(0,1,3)
Step=105 $$$$$$$$$$$$$$$$$$$$$$$$$$$... Axiom79 34(0,1,2) - g3 f(0,1,2,3,4) >= f(0,1,2)
Step=105 $$$$$$$$$$$$$$$$$$$$$$$$$$$$$. Axiom43 23(0,1) - g2 f(0,1,2) + f(0,1,3) >= f(0,1) + f(0,1,2,3,4)
Step=105 $$$$$$$$$$$$$$$$$$$$$$$$$$$$$. Axiom67 24(0,1) - g2 f(0,1,2) + f(0,1,4) >= f(0,1) + f(0,1,2,3,4)
Step=105 $$$$$$$$$$$$$$$$$$$$$$$$$$$$$. Axiom75 34(0,1) - g2 f(0,1,3) + f(0,1,4) >= f(0,1) + f(0,1,2,3,4)
Step=105 $$$$$$$$$$$$$$$$$$$$$$$$$$$$$. Axiom3 01(2,3) - g2 f(0,2,3) + f(1,2,3) >= f(2,3) + f(0,1,2,3,4)
Step=105 $$$$$$$$$$$$$$$$$$$$$$$$$$$$$. Axiom5 01(2,4) - g2 f(0,2,4) + f(1,2,4) >= f(0,1,2,3,4) + f(2,4)
Step=105 $$$$$$$$$$$$$$$$$$$$$$$$$$$$$. Axiom6 01(3,4) - g2 f(0,3,4) + f(1,3,4) >= f(0,1,2,3,4) + f(3,4)
Step=105 $$$$$$$$$$$$$$$$$$$$$$$$$$$$$. Axiom9 02(1) - g1 f(0,1) + f(1,2) >= f(1) + f(0,1,2)
Step=105 $$$$$$$$$$$$$$$$$$$$$$$$$$$$$. Axiom17 12(0) - g1 f(0,1) + f(0,2) >= f(0) + f(0,1,2)
Step=105 $$$$$$$$$$$$$$$$$$$$$$$$$$$$$. Axiom25 03(1) - g1 f(0,1) + f(1,3) >= f(1) + f(0,1,3)
Step=105 $$$$$$$$$$$$$$$$$$$$$$$$$$$$$. Axiom33 13(0) - g1 f(0,1) + f(0,3) >= f(0) + f(0,1,3)
Step=105 $$$$$$$$$$$$$$$$$$$$$$$$$$$$$. Axiom49 04(1) - g1 f(0,1) + f(1,4) >= f(1) + f(0,1,4)
Step=105 $$$$$$$$$$$$$$$$$$$$$$$$$$$$$. Axiom57 14(0) - g1 f(0,1) + f(0,4) >= f(0) + f(0,1,4)
Step=105 $$$$$$$$$$$$$$$$$$$$$$$$$$$$$. Axiom44 23(4) - g1 f(2,4) + f(3,4) >= f(4) + f(2,3,4)
Step=105 $$$$$$$$$$$$$$$$$$$$$$$$$$$$$. Axiom68 24(3) - g1 f(2,3) + f(3,4) >= f(3) + f(2,3,4)
Step=105 $$$$$$$$$$$$$$$$$$$$$$$$$$$$$. Axiom76 34(2) - g1 f(2,3) + f(2,4) >= f(2) + f(2,3,4)
Step=105 $$$$$$$$$$$$$$$$$$$$$$$$$$$$$. Axiom45 23(0,4) - g2 f(0,2,4) + f(0,3,4) >= f(0,1,2,3,4) + f(0,4)
Step=105 $$$$$$$$$$$$$$$$$$$$$$$$$$$$$. Axiom46 23(1,4) - g2 f(1,2,4) + f(1,3,4) >= f(0,1,2,3,4) + f(1,4)
Step=105 $$$$$$$$$$$$$$$$$$$$$$$$$$$$$. Axiom69 24(0,3) - g2 f(0,2,3) + f(0,3,4) >= f(0,3) + f(0,1,2,3,4)
Step=105 $$$$$$$$$$$$$$$$$$$$$$$$$$$$$. Axiom70 24(1,3) - g2 f(1,2,3) + f(1,3,4) >= f(1,3) + f(0,1,2,3,4)
Step=105 $$$$$$$$$$$$$$$$$$$$$$$$$$$$$. Axiom77 34(0,2) - g2 f(0,2,3) + f(0,2,4) >= f(0,2) + f(0,1,2,3,4)
Step=105 $$$$$$$$$$$$$$$$$$$$$$$$$$$$$. Axiom78 34(1,2) - g2 f(1,2,3) + f(1,2,4) >= f(1,2) + f(0,1,2,3,4)
Step=105 $$$$$$$$$$$$$$$$$$$$$$$$$$$$$. Axiom11 02(1,3) - g2 f(0,1,3) + f(1,2,3) >= f(1,3) + f(0,1,2,3,4)
Step=105 $$$$$$$$$$$$$$$$$$$$$$$$$$$$$. Axiom13 02(1,4) - g2 f(0,1,4) + f(1,2,4) >= f(0,1,2,3,4) + f(1,4)
Step=105 $$$$$$$$$$$$$$$$$$$$$$$$$$$$$. Axiom19 12(0,3) - g2 f(0,1,3) + f(0,2,3) >= f(0,3) + f(0,1,2,3,4)
Step=105 $$$$$$$$$$$$$$$$$$$$$$$$$$$$$. Axiom21 12(0,4) - g2 f(0,1,4) + f(0,2,4) >= f(0,1,2,3,4) + f(0,4)
Step=105 $$$$$$$$$$$$$$$$$$$$$$$$$$$$$. Axiom27 03(1,2) - g2 f(0,1,2) + f(1,2,3) >= f(1,2) + f(0,1,2,3,4)
Step=105 $$$$$$$$$$$$$$$$$$$$$$$$$$$$$. Axiom29 03(1,4) - g2 f(0,1,4) + f(1,3,4) >= f(0,1,2,3,4) + f(1,4)
Step=105 $$$$$$$$$$$$$$$$$$$$$$$$$$$$$. Axiom35 13(0,2) - g2 f(0,1,2) + f(0,2,3) >= f(0,2) + f(0,1,2,3,4)
Step=105 $$$$$$$$$$$$$$$$$$$$$$$$$$$$$. Axiom37 13(0,4) - g2 f(0,1,4) + f(0,3,4) >= f(0,1,2,3,4) + f(0,4)
Step=105 $$$$$$$$$$$$$$$$$$$$$$$$$$$$$. Axiom51 04(1,2) - g2 f(0,1,2) + f(1,2,4) >= f(1,2) + f(0,1,2,3,4)
Step=105 $$$$$$$$$$$$$$$$$$$$$$$$$$$$$. Axiom53 04(1,3) - g2 f(0,1,3) + f(1,3,4) >= f(1,3) + f(0,1,2,3,4)
Step=105 $$$$$$$$$$$$$$$$$$$$$$$$$$$$$. Axiom59 14(0,2) - g2 f(0,1,2) + f(0,2,4) >= f(0,2) + f(0,1,2,3,4)
Step=105 $$$$$$$$$$$$$$$$$$$$$$$$$$$$$. Axiom61 14(0,3) - g2 f(0,1,3) + f(0,3,4) >= f(0,3) + f(0,1,2,3,4)
Step=105 $$$$$$$$$$$$$$$$$$$$$$$$$$$$$. Axiom14 02(3,4) - g2 f(0,3,4) + f(2,3,4) >= f(0,1,2,3,4) + f(3,4)
Step=105 $$$$$$$$$$$$$$$$$$$$$$$$$$$$$. Axiom22 12(3,4) - g2 f(1,3,4) + f(2,3,4) >= f(0,1,2,3,4) + f(3,4)
Step=105 $$$$$$$$$$$$$$$$$$$$$$$$$$$$$. Axiom30 03(2,4) - g2 f(0,2,4) + f(2,3,4) >= f(0,1,2,3,4) + f(2,4)
Step=105 $$$$$$$$$$$$$$$$$$$$$$$$$$$$$. Axiom38 13(2,4) - g2 f(1,2,4) + f(2,3,4) >= f(0,1,2,3,4) + f(2,4)
Step=105 $$$$$$$$$$$$$$$$$$$$$$$$$$$$$. Axiom54 04(2,3) - g2 f(0,2,3) + f(2,3,4) >= f(2,3) + f(0,1,2,3,4)
Step=105 $$$$$$$$$$$$$$$$$$$$$$$$$$$$$. Axiom62 14(2,3) - g2 f(1,2,3) + f(2,3,4) >= f(2,3) + f(0,1,2,3,4)
Step=105 $$$$$$$$$$$$$$$$$$$$$$$$$$$$$$ Axiom41 23(0) - g1 f(0,2) + f(0,3) >= f(0) + f(0,2,3)
Step=105 $$$$$$$$$$$$$$$$$$$$$$$$$$$$$$ Axiom42 23(1) - g1 f(1,2) + f(1,3) >= f(1) + f(1,2,3)
Step=105 $$$$$$$$$$$$$$$$$$$$$$$$$$$$$$ Axiom65 24(0) - g1 f(0,2) + f(0,4) >= f(0) + f(0,2,4)
Step=105 $$$$$$$$$$$$$$$$$$$$$$$$$$$$$$ Axiom66 24(1) - g1 f(1,2) + f(1,4) >= f(1) + f(1,2,4)
Step=105 $$$$$$$$$$$$$$$$$$$$$$$$$$$$$$ Axiom73 34(0) - g1 f(0,3) + f(0,4) >= f(0) + f(0,3,4)
Step=105 $$$$$$$$$$$$$$$$$$$$$$$$$$$$$$ Axiom74 34(1) - g1 f(1,3) + f(1,4) >= f(1) + f(1,3,4)
Step=105 $$$$$$$$$$$$$$$$$$$$$$$$$$$$$$ Axiom10 02(3) - g1 f(0,3) + f(2,3) >= f(3) + f(0,2,3)
Step=105 $$$$$$$$$$$$$$$$$$$$$$$$$$$$$$ Axiom12 02(4) - g1 f(0,4) + f(2,4) >= f(4) + f(0,2,4)
Step=105 $$$$$$$$$$$$$$$$$$$$$$$$$$$$$$ Axiom18 12(3) - g1 f(1,3) + f(2,3) >= f(3) + f(1,2,3)
Step=105 $$$$$$$$$$$$$$$$$$$$$$$$$$$$$$ Axiom20 12(4) - g1 f(1,4) + f(2,4) >= f(4) + f(1,2,4)
Step=105 $$$$$$$$$$$$$$$$$$$$$$$$$$$$$$ Axiom26 03(2) - g1 f(0,2) + f(2,3) >= f(2) + f(0,2,3)
Step=105 $$$$$$$$$$$$$$$$$$$$$$$$$$$$$$ Axiom28 03(4) - g1 f(0,4) + f(3,4) >= f(4) + f(0,3,4)
Step=105 $$$$$$$$$$$$$$$$$$$$$$$$$$$$$$ Axiom34 13(2) - g1 f(1,2) + f(2,3) >= f(2) + f(1,2,3)
Step=105 $$$$$$$$$$$$$$$$$$$$$$$$$$$$$$ Axiom36 13(4) - g1 f(1,4) + f(3,4) >= f(4) + f(1,3,4)
Step=105 $$$$$$$$$$$$$$$$$$$$$$$$$$$$$$ Axiom50 04(2) - g1 f(0,2) + f(2,4) >= f(2) + f(0,2,4)
Step=105 $$$$$$$$$$$$$$$$$$$$$$$$$$$$$$ Axiom52 04(3) - g1 f(0,3) + f(3,4) >= f(3) + f(0,3,4)
Step=105 $$$$$$$$$$$$$$$$$$$$$$$$$$$$$$ Axiom58 14(2) - g1 f(1,2) + f(2,4) >= f(2) + f(1,2,4)
Step=105 $$$$$$$$$$$$$$$$$$$$$$$$$$$$$$ Axiom60 14(3) - g1 f(1,3) + f(3,4) >= f(3) + f(1,3,4)
