Step=98 PrevRays= 41967 ResultRays= 46056 RayPairs= 219542400 NewAxiom=2 PrevAxioms=80,81,82,83,84,85,86,87,88,89,90,91,92,93,94,95,96,97,98,99,100,101,102,103,104,105,7,14,6,15,22,23,48,29,30,38,53,54,56,62,10,18,34,58,50,52,12,64,65,70,25,49,68,55,11,69,20,66,45,57,72,28,39,5,44,46,76,78,31,47,43,73,77,13,36,37,42,9,27,71,3,75,61,41,74,63,19,21,67,4,79,51,59,35,17,33,60,+2 MissingAxioms=0,1,8,16,24,26,32,40 TotalTime=30.4
Step=98 PrevRays= 44327 ResultRays= 46056 RayPairs= 162377021 NewAxiom=3 PrevAxioms=80,81,82,83,84,85,86,87,88,89,90,91,92,93,94,95,96,97,98,99,100,101,102,103,104,105,7,14,6,15,22,23,48,29,30,38,53,54,56,62,2,18,34,58,50,52,70,4,64,65,10,37,72,49,57,68,12,45,55,66,76,78,11,46,17,69,28,39,21,31,73,77,36,44,47,13,5,20,25,41,61,75,60,71,33,19,63,79,42,9,74,35,43,67,27,59,51,+3 MissingAxioms=0,1,8,16,24,26,32,40 TotalTime=46.6
Step=98 PrevRays= 46270 ResultRays= 46056 RayPairs= 258908317 NewAxiom=4 PrevAxioms=80,81,82,83,84,85,86,87,88,89,90,91,92,93,94,95,96,97,98,99,100,101,102,103,104,105,7,14,6,15,22,23,48,29,30,38,53,54,56,62,2,18,34,58,50,52,70,10,64,49,12,57,45,72,65,68,20,55,66,3,76,78,46,37,17,69,11,44,39,21,47,73,77,36,28,5,13,31,42,71,41,75,63,33,61,19,60,25,9,79,74,59,67,51,43,27,35,+4 MissingAxioms=0,1,8,16,24,26,32,40 TotalTime=46.6
Step=98 PrevRays= 46049 ResultRays= 46056 RayPairs= 210898724 NewAxiom=5 PrevAxioms=80,81,82,83,84,85,86,87,88,89,90,91,92,93,94,95,96,97,98,99,100,101,102,103,104,105,7,14,6,15,22,23,48,29,30,38,53,54,56,62,2,18,34,58,50,52,70,4,64,65,10,37,72,49,57,68,12,45,55,66,76,78,3,46,17,69,77,20,36,47,21,28,44,73,13,39,31,25,19,41,63,60,11,61,75,33,71,79,42,9,74,59,67,51,43,27,35,+5 MissingAxioms=0,1,8,16,24,26,32,40 TotalTime=46.1
Step=98 PrevRays= 49656 ResultRays= 46056 RayPairs= 275564399 NewAxiom=6 PrevAxioms=80,81,82,83,84,85,86,87,88,89,90,91,92,93,94,95,96,97,98,99,100,101,102,103,104,105,7,14,15,22,23,30,38,48,54,62,10,12,56,18,20,64,72,28,34,58,66,69,50,61,65,52,68,70,46,71,43,75,19,73,57,29,44,31,13,45,47,79,49,76,77,78,37,33,36,5,39,4,21,41,35,63,3,55,60,11,74,53,25,67,17,51,59,42,27,9,2,+6 MissingAxioms=0,1,8,16,24,26,32,40 TotalTime=26.1
Step=98 PrevRays= 44856 ResultRays= 46056 RayPairs= 179187092 NewAxiom=7 PrevAxioms=80,81,82,83,84,85,86,87,88,89,90,91,92,93,94,95,96,97,98,99,100,101,102,103,104,105,15,6,14,23,22,48,29,46,53,56,69,70,2,52,10,50,54,60,55,27,9,61,4,74,28,42,66,78,37,36,68,11,43,72,31,5,79,59,51,73,58,64,44,38,20,21,39,13,76,47,62,18,75,25,12,45,65,67,49,30,77,57,17,35,63,71,19,3,41,34,33,+7 MissingAxioms=0,1,8,16,24,26,32,40 TotalTime=23.8
Step=98 PrevRays= 41469 ResultRays= 46056 RayPairs= 188097863 NewAxiom=9 PrevAxioms=80,81,82,83,84,85,86,87,88,89,90,91,92,93,94,95,96,97,98,99,100,101,102,103,104,105,7,14,6,15,22,23,48,29,30,38,53,54,56,62,2,18,34,58,50,52,70,4,64,65,10,37,72,49,57,68,12,45,55,66,76,78,3,46,17,69,77,20,36,47,21,28,44,73,13,5,39,31,25,19,41,60,63,11,75,61,33,71,42,79,74,35,43,27,59,67,51,+9 MissingAxioms=0,1,8,16,24,26,32,40 TotalTime=39.4
Step=98 PrevRays= 41469 ResultRays= 46056 RayPairs= 188097863 NewAxiom=10 PrevAxioms=80,81,82,83,84,85,86,87,88,89,90,91,92,93,94,95,96,97,98,99,100,101,102,103,104,105,7,14,6,15,22,23,48,29,30,38,53,54,56,62,2,18,34,58,50,52,70,4,64,65,49,25,37,72,66,68,69,36,47,44,46,13,63,3,73,77,39,27,31,28,60,61,75,5,76,79,78,11,71,57,20,21,12,45,41,33,55,51,59,9,67,19,17,35,43,42,74,+10 MissingAxioms=0,1,8,16,24,26,32,40 TotalTime=36.5
Step=98 PrevRays= 48714 ResultRays= 46056 RayPairs= 223732912 NewAxiom=11 PrevAxioms=80,81,82,83,84,85,86,87,88,89,90,91,92,93,94,95,96,97,98,99,100,101,102,103,104,105,7,14,6,15,22,23,48,29,30,38,53,54,56,62,2,18,34,58,50,52,70,4,64,65,10,37,72,49,57,68,12,45,55,66,76,78,3,46,17,69,77,20,36,47,21,28,44,73,13,5,39,31,25,19,41,60,63,61,75,33,71,79,42,9,74,35,67,51,59,43,27,+11 MissingAxioms=0,1,8,16,24,26,32,40 TotalTime=50.5
Step=98 PrevRays= 47129 ResultRays= 46056 RayPairs= 263052728 NewAxiom=12 PrevAxioms=80,81,82,83,84,85,86,87,88,89,90,91,92,93,94,95,96,97,98,99,100,101,102,103,104,105,7,14,6,15,22,23,48,29,30,38,53,54,56,62,2,18,34,58,50,52,70,4,64,65,10,37,72,49,57,68,69,17,28,47,66,36,20,13,46,55,76,3,31,39,73,77,78,44,45,42,74,71,75,61,11,33,5,21,41,19,25,63,9,60,79,27,43,35,67,59,51,+12 MissingAxioms=0,1,8,16,24,26,32,40 TotalTime=45.6
Step=98 PrevRays= 50610 ResultRays= 46056 RayPairs= 298998955 NewAxiom=13 PrevAxioms=80,81,82,83,84,85,86,87,88,89,90,91,92,93,94,95,96,97,98,99,100,101,102,103,104,105,7,14,6,15,22,23,48,29,30,38,53,54,56,62,2,18,34,58,50,52,70,4,64,65,10,37,72,49,57,68,12,45,55,66,76,78,3,46,17,69,77,20,36,47,21,28,44,73,5,39,31,41,63,11,60,25,19,61,75,33,71,79,42,9,74,67,43,27,35,59,51,+13 MissingAxioms=0,1,8,16,24,26,32,40 TotalTime=49.7
Step=98 PrevRays= 50610 ResultRays= 46056 RayPairs= 298998955 NewAxiom=14 PrevAxioms=80,81,82,83,84,85,86,87,88,89,90,91,92,93,94,95,96,97,98,99,100,101,102,103,104,105,7,15,22,6,23,29,46,48,53,70,2,4,56,18,30,64,20,72,25,49,42,66,37,57,36,58,31,13,38,47,39,59,77,62,34,50,63,79,35,65,67,51,5,9,21,45,12,33,17,61,44,28,19,3,60,74,75,43,78,71,41,27,69,55,11,10,54,68,73,52,76,+14 MissingAxioms=0,1,8,16,24,26,32,40 TotalTime=43.2
Step=98 PrevRays= 43917 ResultRays= 46056 RayPairs= 166991300 NewAxiom=15 PrevAxioms=80,81,82,83,84,85,86,87,88,89,90,91,92,93,94,95,96,97,98,99,100,101,102,103,104,105,7,14,6,23,22,48,30,38,54,56,61,62,2,10,52,34,58,50,53,33,37,57,64,68,55,69,3,4,49,44,65,12,45,28,29,41,76,78,66,36,46,20,79,77,72,47,21,60,11,18,70,71,39,73,75,5,74,31,13,19,17,25,63,42,9,35,43,67,27,59,51,+15 MissingAxioms=0,1,8,16,24,26,32,40 TotalTime=40.5
Step=98 PrevRays= 40687 ResultRays= 46056 RayPairs= 174165024 NewAxiom=17 PrevAxioms=80,81,82,83,84,85,86,87,88,89,90,91,92,93,94,95,96,97,98,99,100,101,102,103,104,105,7,14,6,15,22,23,48,29,30,38,53,54,56,62,2,18,34,58,50,52,70,4,64,65,10,37,72,49,57,68,12,45,55,66,76,78,3,46,69,9,77,20,36,47,21,28,44,73,13,5,39,31,25,19,41,60,63,11,75,61,33,71,79,42,74,59,67,51,27,43,35,+17 MissingAxioms=0,1,8,16,24,26,32,40 TotalTime=40.4
Step=98 PrevRays= 44325 ResultRays= 46056 RayPairs= 237449232 NewAxiom=18 PrevAxioms=80,81,82,83,84,85,86,87,88,89,90,91,92,93,94,95,96,97,98,99,100,101,102,103,104,105,7,14,6,15,22,23,48,29,30,38,53,54,56,62,2,34,58,50,52,4,64,65,10,37,72,49,57,61,33,69,68,12,45,55,66,3,76,78,46,79,28,39,21,73,77,75,31,36,44,13,5,47,41,25,11,70,74,42,20,71,19,63,9,60,17,35,43,27,67,51,59,+18 MissingAxioms=0,1,8,16,24,26,32,40 TotalTime=43.0
Step=98 PrevRays= 48182 ResultRays= 46056 RayPairs= 206680530 NewAxiom=19 PrevAxioms=80,81,82,83,84,85,86,87,88,89,90,91,92,93,94,95,96,97,98,99,100,101,102,103,104,105,7,14,6,15,22,23,48,29,30,38,53,54,56,62,2,18,34,58,50,52,70,4,64,65,10,37,72,49,57,68,12,45,55,66,76,78,3,46,17,69,77,20,36,47,21,28,44,73,13,5,39,31,25,11,41,61,75,33,60,71,63,79,42,9,74,27,67,59,51,43,35,+19 MissingAxioms=0,1,8,16,24,26,32,40 TotalTime=51.7
Step=98 PrevRays= 47760 ResultRays= 46056 RayPairs= 290124039 NewAxiom=20 PrevAxioms=80,81,82,83,84,85,86,87,88,89,90,91,92,93,94,95,96,97,98,99,100,101,102,103,104,105,7,14,6,15,22,23,48,29,30,38,53,54,56,62,2,18,34,58,50,52,70,4,64,65,10,37,72,49,57,68,12,45,55,66,76,78,3,46,17,69,77,28,47,21,31,44,36,73,39,13,5,41,25,11,61,75,60,71,33,63,19,79,42,9,74,59,51,67,27,43,35,+20 MissingAxioms=0,1,8,16,24,26,32,40 TotalTime=55.3
Step=98 PrevRays= 50393 ResultRays= 46056 RayPairs= 299581308 NewAxiom=21 PrevAxioms=80,81,82,83,84,85,86,87,88,89,90,91,92,93,94,95,96,97,98,99,100,101,102,103,104,105,7,14,6,15,22,23,48,29,30,38,53,54,56,62,2,18,34,58,50,52,70,4,64,65,10,37,72,49,57,68,12,45,55,66,76,78,3,46,17,69,77,20,36,47,13,28,44,73,31,5,42,74,71,75,61,11,33,39,41,63,19,25,9,79,60,67,43,35,27,51,59,+21 MissingAxioms=0,1,8,16,24,26,32,40 TotalTime=47.1
Step=98 PrevRays= 48753 ResultRays= 46056 RayPairs= 262698450 NewAxiom=22 PrevAxioms=80,81,82,83,84,85,86,87,88,89,90,91,92,93,94,95,96,97,98,99,100,101,102,103,104,105,7,14,6,15,23,37,45,48,61,69,2,10,38,56,4,64,12,72,33,57,41,65,29,49,28,50,30,53,39,21,47,31,51,78,25,5,66,55,79,58,27,59,67,44,17,20,73,52,54,77,35,63,36,19,68,76,62,34,46,11,13,75,71,70,60,9,3,18,43,42,74,+22 MissingAxioms=0,1,8,16,24,26,32,40 TotalTime=41.7
Step=98 PrevRays= 44062 ResultRays= 46056 RayPairs= 186937625 NewAxiom=23 PrevAxioms=80,81,82,83,84,85,86,87,88,89,90,91,92,93,94,95,96,97,98,99,100,101,102,103,104,105,7,14,6,15,22,48,29,30,38,53,54,56,62,2,18,60,50,52,61,4,64,65,49,9,10,72,68,70,20,36,47,13,57,31,37,55,39,76,11,74,46,44,67,51,59,5,28,73,75,45,69,12,21,17,25,77,41,19,27,33,66,78,42,58,34,71,43,3,63,79,35,+23 MissingAxioms=0,1,8,16,24,26,32,40 TotalTime=28.1
Step=98 PrevRays= 41967 ResultRays= 46056 RayPairs= 219542400 NewAxiom=25 PrevAxioms=80,81,82,83,84,85,86,87,88,89,90,91,92,93,94,95,96,97,98,99,100,101,102,103,104,105,7,14,6,15,22,23,48,29,30,38,53,54,56,62,2,18,34,58,50,52,70,4,64,65,10,37,72,49,57,68,12,45,55,66,76,78,3,46,17,69,77,20,36,47,21,28,44,73,13,5,39,31,42,71,41,11,75,61,33,60,63,19,9,74,79,35,43,67,27,59,51,+25 MissingAxioms=0,1,8,16,24,26,32,40 TotalTime=34.0
Step=98 PrevRays= 44327 ResultRays= 46056 RayPairs= 162377021 NewAxiom=27 PrevAxioms=80,81,82,83,84,85,86,87,88,89,90,91,92,93,94,95,96,97,98,99,100,101,102,103,104,105,7,14,6,15,22,23,48,29,30,38,53,54,56,62,2,18,34,58,50,52,70,4,64,65,10,37,72,49,57,68,12,45,55,66,76,78,3,46,17,69,77,20,36,47,21,28,44,73,13,5,39,31,25,19,41,60,63,11,75,61,33,71,42,9,79,74,35,43,67,51,59,+27 MissingAxioms=0,1,8,16,24,26,32,40 TotalTime=42.5
Step=98 PrevRays= 46270 ResultRays= 46056 RayPairs= 258908317 NewAxiom=28 PrevAxioms=80,81,82,83,84,85,86,87,88,89,90,91,92,93,94,95,96,97,98,99,100,101,102,103,104,105,7,14,6,15,22,23,48,29,30,38,53,54,56,62,2,18,34,58,50,52,70,4,64,65,10,37,72,49,57,68,12,45,55,66,76,78,3,46,17,69,77,20,36,47,21,44,73,13,25,11,19,39,63,60,31,41,75,61,33,5,71,42,9,74,79,27,43,67,35,51,59,+28 MissingAxioms=0,1,8,16,24,26,32,40 TotalTime=46.6
Step=98 PrevRays= 49656 ResultRays= 46056 RayPairs= 275564399 NewAxiom=29 PrevAxioms=80,81,82,83,84,85,86,87,88,89,90,91,92,93,94,95,96,97,98,99,100,101,102,103,104,105,7,14,6,15,22,23,48,30,38,53,54,56,62,2,18,34,58,50,52,70,10,37,4,64,57,49,72,68,12,45,65,55,66,3,76,78,20,28,39,47,21,69,5,13,59,17,77,44,67,51,31,41,46,73,79,63,27,11,60,71,74,61,75,42,19,9,43,25,35,36,33,+29 MissingAxioms=0,1,8,16,24,26,32,40 TotalTime=37.2
Step=98 PrevRays= 46049 ResultRays= 46056 RayPairs= 210898724 NewAxiom=30 PrevAxioms=80,81,82,83,84,85,86,87,88,89,90,91,92,93,94,95,96,97,98,99,100,101,102,103,104,105,7,14,6,15,22,23,48,29,38,53,54,56,62,2,18,34,58,50,52,70,4,72,10,37,64,66,12,65,68,69,20,45,55,11,17,73,44,31,13,46,47,76,78,77,59,36,51,79,28,63,60,67,9,27,25,61,49,75,71,3,43,19,39,5,35,74,41,21,33,42,57,+30 MissingAxioms=0,1,8,16,24,26,32,40 TotalTime=52.5
Step=98 PrevRays= 44856 ResultRays= 46056 RayPairs= 179187092 NewAxiom=31 PrevAxioms=80,81,82,83,84,85,86,87,88,89,90,91,92,93,94,95,96,97,98,99,100,101,102,103,104,105,7,14,6,15,22,23,48,29,30,38,53,54,56,62,2,18,34,58,50,52,70,4,64,65,10,37,72,49,57,68,12,45,55,66,76,78,3,46,17,69,77,20,36,47,21,28,44,73,13,5,39,41,25,11,61,75,60,71,33,19,63,42,9,74,79,35,43,67,27,59,51,+31 MissingAxioms=0,1,8,16,24,26,32,40 TotalTime=41.8
Step=98 PrevRays= 42247 ResultRays= 46056 RayPairs= 230072256 NewAxiom=33 PrevAxioms=80,81,82,83,84,85,86,87,88,89,90,91,92,93,94,95,96,97,98,99,100,101,102,103,104,105,7,14,6,15,22,23,48,29,30,38,53,54,56,62,2,18,34,58,50,52,70,4,64,65,10,37,72,49,57,68,12,45,55,66,76,78,3,46,17,69,77,20,36,47,21,28,44,73,13,5,39,31,25,19,41,60,63,11,75,61,71,74,42,9,79,35,67,43,27,51,59,+33 MissingAxioms=0,1,8,16,24,26,32,40 TotalTime=37.9
Step=98 PrevRays= 34560 ResultRays= 46056 RayPairs= 125229676 NewAxiom=34 PrevAxioms=80,81,82,83,84,85,86,87,88,89,90,91,92,93,94,95,96,97,98,99,100,101,102,103,104,105,7,14,6,15,22,23,48,29,30,38,53,54,56,62,2,18,50,52,70,4,64,65,10,9,72,60,68,12,45,17,74,55,27,73,3,37,46,76,69,77,20,36,31,13,44,28,61,47,21,5,51,49,75,57,39,25,41,33,63,19,71,11,79,78,58,59,67,35,43,42,66,+34 MissingAxioms=0,1,8,16,24,26,32,40 TotalTime=30.7
Step=98 PrevRays= 46320 ResultRays= 46056 RayPairs= 208121724 NewAxiom=35 PrevAxioms=80,81,82,83,84,85,86,87,88,89,90,91,92,93,94,95,96,97,98,99,100,101,102,103,104,105,7,14,6,15,22,23,48,29,30,38,53,54,56,62,2,18,34,58,50,52,70,4,64,65,10,37,72,49,57,68,12,45,55,66,76,78,3,46,17,69,77,20,36,47,21,28,44,73,13,5,39,31,25,19,41,60,63,11,75,61,33,71,42,9,79,74,27,43,67,59,51,+35 MissingAxioms=0,1,8,16,24,26,32,40 TotalTime=43.1
Step=98 PrevRays= 48302 ResultRays= 46056 RayPairs= 308345205 NewAxiom=36 PrevAxioms=80,81,82,83,84,85,86,87,88,89,90,91,92,93,94,95,96,97,98,99,100,101,102,103,104,105,7,14,6,15,22,23,48,29,30,38,53,54,56,62,2,18,34,58,50,52,70,4,64,65,10,37,72,49,57,68,12,45,55,66,76,78,3,46,17,69,77,20,28,47,21,44,73,39,13,31,41,25,11,63,19,60,74,75,61,5,42,33,71,9,79,35,43,27,67,59,51,+36 MissingAxioms=0,1,8,16,24,26,32,40 TotalTime=45.9
Step=98 PrevRays= 49060 ResultRays= 46056 RayPairs= 258088320 NewAxiom=37 PrevAxioms=80,81,82,83,84,85,86,87,88,89,90,91,92,93,94,95,96,97,98,99,100,101,102,103,104,105,7,14,6,15,22,23,48,29,30,38,53,54,56,62,2,18,34,58,50,52,70,4,64,65,10,49,72,25,20,46,66,42,79,73,36,31,5,21,51,39,59,13,44,9,60,74,75,43,78,27,61,12,55,67,45,76,28,47,3,63,17,77,69,71,41,19,11,35,57,33,68,+37 MissingAxioms=0,1,8,16,24,26,32,40 TotalTime=52.9
Step=98 PrevRays= 51935 ResultRays= 46056 RayPairs= 326026575 NewAxiom=38 PrevAxioms=80,81,82,83,84,85,86,87,88,89,90,91,92,93,94,95,96,97,98,99,100,101,102,103,104,105,7,14,6,15,22,23,48,29,30,46,53,54,56,62,2,18,34,50,52,70,4,64,65,10,37,72,20,49,57,44,39,21,12,73,60,55,68,3,74,45,47,51,76,28,77,69,75,61,13,9,5,36,78,42,33,63,19,41,31,25,79,27,59,17,67,66,71,43,35,11,58,+38 MissingAxioms=0,1,8,16,24,26,32,40 TotalTime=61.7
Step=98 PrevRays= 45370 ResultRays= 46056 RayPairs= 180321382 NewAxiom=39 PrevAxioms=80,81,82,83,84,85,86,87,88,89,90,91,92,93,94,95,96,97,98,99,100,101,102,103,104,105,7,14,6,15,22,23,48,29,30,38,53,54,56,62,2,18,34,58,50,52,70,4,64,65,10,37,72,49,57,68,12,45,55,66,76,78,3,46,17,69,77,20,36,47,21,28,44,73,13,5,31,42,74,71,75,61,11,33,41,63,19,25,9,60,79,27,43,67,35,51,59,+39 MissingAxioms=0,1,8,16,24,26,32,40 TotalTime=38.5
Step=98 PrevRays= 40687 ResultRays= 46056 RayPairs= 174165024 NewAxiom=41 PrevAxioms=80,81,82,83,84,85,86,87,88,89,90,91,92,93,94,95,96,97,98,99,100,101,102,103,104,105,7,14,6,15,22,23,48,29,30,38,53,54,56,62,2,18,34,58,50,52,70,4,64,65,10,37,72,49,57,68,12,45,55,66,76,78,3,46,17,69,77,20,36,47,21,28,44,73,13,5,39,31,25,19,60,63,11,75,33,61,71,42,79,9,74,43,67,27,59,51,35,+41 MissingAxioms=0,1,8,16,24,26,32,40 TotalTime=38.7
Step=98 PrevRays= 44325 ResultRays= 46056 RayPairs= 237449232 NewAxiom=42 PrevAxioms=80,81,82,83,84,85,86,87,88,89,90,91,92,93,94,95,96,97,98,99,100,101,102,103,104,105,7,14,6,15,22,23,48,29,30,38,53,54,56,62,2,18,34,58,50,52,70,4,64,65,10,37,72,49,57,68,12,45,55,66,76,78,3,46,17,69,77,20,36,47,21,28,44,73,13,5,39,31,25,19,41,60,63,11,75,61,33,71,79,74,9,43,67,51,59,27,35,+42 MissingAxioms=0,1,8,16,24,26,32,40 TotalTime=41.1
Step=98 PrevRays= 48182 ResultRays= 46056 RayPairs= 206680530 NewAxiom=43 PrevAxioms=80,81,82,83,84,85,86,87,88,89,90,91,92,93,94,95,96,97,98,99,100,101,102,103,104,105,7,14,6,15,22,23,48,29,30,38,53,54,56,62,2,18,34,58,50,52,70,4,64,65,10,37,72,49,57,68,12,45,55,66,76,78,3,46,17,69,77,20,36,47,21,28,44,73,13,5,39,31,25,19,41,60,63,11,75,61,33,71,42,9,79,74,35,67,51,59,27,+43 MissingAxioms=0,1,8,16,24,26,32,40 TotalTime=45.2
Step=98 PrevRays= 47760 ResultRays= 46056 RayPairs= 290124039 NewAxiom=44 PrevAxioms=80,81,82,83,84,85,86,87,88,89,90,91,92,93,94,95,96,97,98,99,100,101,102,103,104,105,7,14,6,15,22,23,48,29,30,38,53,54,56,62,2,18,34,58,50,52,70,4,64,65,10,37,72,49,57,68,12,45,55,66,76,78,3,46,17,69,77,20,36,47,21,28,73,39,5,25,11,41,61,75,33,60,71,31,13,19,63,42,9,74,79,43,67,27,35,59,51,+44 MissingAxioms=0,1,8,16,24,26,32,40 TotalTime=49.9
Step=98 PrevRays= 50393 ResultRays= 46056 RayPairs= 299581308 NewAxiom=45 PrevAxioms=80,81,82,83,84,85,86,87,88,89,90,91,92,93,94,95,96,97,98,99,100,101,102,103,104,105,7,14,6,15,22,23,48,29,30,38,53,54,56,62,2,18,34,58,50,52,70,4,64,65,10,37,72,49,57,68,12,60,69,17,61,66,44,39,21,63,19,76,78,47,31,46,73,77,75,36,28,13,5,33,41,20,71,11,25,55,3,42,9,79,74,43,67,35,27,59,51,+45 MissingAxioms=0,1,8,16,24,26,32,40 TotalTime=53.1
Step=98 PrevRays= 48753 ResultRays= 46056 RayPairs= 262698450 NewAxiom=46 PrevAxioms=80,81,82,83,84,85,86,87,88,89,90,91,92,93,94,95,96,97,98,99,100,101,102,103,104,105,7,14,6,15,22,23,48,29,30,38,53,54,56,62,2,18,34,58,50,52,70,4,64,65,10,37,72,49,57,68,12,45,55,66,76,78,3,17,69,44,31,39,21,47,5,73,77,28,13,20,36,41,25,11,61,75,33,60,71,63,19,42,9,79,74,43,67,27,35,51,59,+46 MissingAxioms=0,1,8,16,24,26,32,40 TotalTime=49.2
Step=98 PrevRays= 44062 ResultRays= 46056 RayPairs= 186937625 NewAxiom=47 PrevAxioms=80,81,82,83,84,85,86,87,88,89,90,91,92,93,94,95,96,97,98,99,100,101,102,103,104,105,7,14,6,15,22,23,48,29,30,38,53,54,56,62,2,18,34,58,50,52,70,4,64,65,10,37,72,49,57,68,12,45,55,66,76,78,3,46,17,69,77,20,36,31,13,28,44,73,5,39,21,25,19,41,63,60,11,61,75,33,71,74,42,9,79,59,67,51,27,43,35,+47 MissingAxioms=0,1,8,16,24,26,32,40 TotalTime=37.7
Step=98 PrevRays= 77420 ResultRays= 46056 RayPairs= 625017926 NewAxiom=48 PrevAxioms=80,81,82,83,84,85,86,87,88,89,90,91,92,93,94,95,96,97,98,99,100,101,102,103,104,105,7,14,6,15,22,23,56,30,37,38,53,54,62,64,2,17,18,52,70,4,72,10,34,58,66,57,12,45,28,39,47,21,67,59,65,5,13,44,68,76,55,78,3,69,73,77,31,41,63,79,35,11,29,46,36,61,71,60,74,75,42,19,33,43,27,51,20,49,9,25,50,+48 MissingAxioms=0,1,8,16,24,26,32,40 TotalTime=79.6
Step=98 PrevRays= 54068 ResultRays= 46056 RayPairs= 366702912 NewAxiom=49 PrevAxioms=80,81,82,83,84,85,86,87,88,89,90,91,92,93,94,95,96,97,98,99,100,101,102,103,104,105,7,14,6,15,22,23,48,29,30,38,53,54,56,62,2,18,34,58,50,52,70,4,64,65,10,37,72,66,68,12,45,55,17,73,3,60,76,78,46,57,77,69,20,36,47,13,28,44,75,61,31,5,21,39,33,74,71,41,19,25,63,11,42,79,9,27,43,67,35,59,51,+49 MissingAxioms=0,1,8,16,24,26,32,40 TotalTime=46.7
Step=98 PrevRays= 45772 ResultRays= 46056 RayPairs= 199388080 NewAxiom=50 PrevAxioms=80,81,82,83,84,85,86,87,88,89,90,91,92,93,94,95,96,97,98,99,100,101,102,103,104,105,7,14,6,15,22,23,48,29,30,38,53,54,56,62,2,18,34,58,52,70,4,64,10,37,72,66,57,17,73,12,68,45,55,76,78,3,46,9,49,28,39,21,31,69,36,44,59,13,5,20,63,35,60,11,25,75,61,47,33,42,71,79,19,77,74,41,43,27,67,65,51,+50 MissingAxioms=0,1,8,16,24,26,32,40 TotalTime=37.7
Step=98 PrevRays= 45844 ResultRays= 46056 RayPairs= 188355027 NewAxiom=51 PrevAxioms=80,81,82,83,84,85,86,87,88,89,90,91,92,93,94,95,96,97,98,99,100,101,102,103,104,105,7,14,6,15,22,23,48,29,30,38,53,54,56,62,2,18,34,58,50,52,70,4,64,65,10,37,72,49,57,68,12,45,55,66,76,78,3,46,17,69,77,20,36,47,21,28,44,73,13,5,39,31,25,19,41,60,63,11,75,61,33,71,42,9,79,74,35,43,27,67,59,+51 MissingAxioms=0,1,8,16,24,26,32,40 TotalTime=43.3
Step=98 PrevRays= 54068 ResultRays= 46056 RayPairs= 366702912 NewAxiom=52 PrevAxioms=80,81,82,83,84,85,86,87,88,89,90,91,92,93,94,95,96,97,98,99,100,101,102,103,104,105,7,14,6,15,22,23,48,29,30,38,53,54,56,62,2,18,34,58,50,70,68,63,76,77,78,3,4,25,49,57,19,37,72,36,47,35,27,28,64,44,46,13,66,55,11,9,20,45,65,42,61,43,71,10,67,39,79,75,31,69,12,5,21,41,17,51,59,60,73,33,74,+52 MissingAxioms=0,1,8,16,24,26,32,40 TotalTime=46.4
Step=98 PrevRays= 45264 ResultRays= 46056 RayPairs= 141062175 NewAxiom=53 PrevAxioms=80,81,82,83,84,85,86,87,88,89,90,91,92,93,94,95,96,97,98,99,100,101,102,103,104,105,7,14,6,15,22,23,48,29,30,38,54,56,61,62,2,10,34,58,50,52,71,43,12,64,65,19,63,69,68,3,11,49,57,45,75,66,28,4,20,44,46,73,72,31,5,36,37,76,77,17,47,70,18,78,60,74,25,13,67,79,55,51,39,59,9,27,35,41,42,21,33,+53 MissingAxioms=0,1,8,16,24,26,32,40 TotalTime=34.1
Step=98 PrevRays= 45844 ResultRays= 46056 RayPairs= 188355027 NewAxiom=54 PrevAxioms=80,81,82,83,84,85,86,87,88,89,90,91,92,93,94,95,96,97,98,99,100,101,102,103,104,105,7,14,6,15,22,23,48,29,30,38,53,56,62,69,2,10,18,34,58,50,52,63,77,3,4,37,68,64,65,66,70,57,49,35,44,12,45,28,46,73,72,31,5,36,20,76,78,39,79,42,59,67,51,13,9,55,41,27,71,11,61,75,47,21,19,17,33,43,60,74,25,+54 MissingAxioms=0,1,8,16,24,26,32,40 TotalTime=36.8
Step=98 PrevRays= 44103 ResultRays= 46056 RayPairs= 197204758 NewAxiom=55 PrevAxioms=80,81,82,83,84,85,86,87,88,89,90,91,92,93,94,95,96,97,98,99,100,101,102,103,104,105,7,14,6,15,22,23,48,29,30,38,53,54,56,62,2,18,34,58,50,52,70,4,64,65,10,37,72,49,57,68,12,45,66,63,76,78,3,46,69,35,20,77,36,47,21,28,44,73,13,5,39,79,59,67,51,60,41,61,31,74,25,75,9,71,43,33,19,17,11,27,42,+55 MissingAxioms=0,1,8,16,24,26,32,40 TotalTime=28.2
Step=98 PrevRays= 75671 ResultRays= 46056 RayPairs= 624083725 NewAxiom=56 PrevAxioms=80,81,82,83,84,85,86,87,88,89,90,91,92,93,94,95,96,97,98,99,100,101,102,103,104,105,7,14,6,15,22,23,48,29,30,38,53,54,62,64,2,9,18,52,70,4,72,10,50,65,37,20,42,46,66,73,49,60,55,11,45,74,78,75,61,3,71,21,47,36,39,28,13,12,58,68,44,5,34,31,19,63,77,69,41,25,76,79,57,33,17,35,43,67,51,59,27,+56 MissingAxioms=0,1,8,16,24,26,32,40 TotalTime=123.6
Step=98 PrevRays= 54204 ResultRays= 46056 RayPairs= 370313559 NewAxiom=57 PrevAxioms=80,81,82,83,84,85,86,87,88,89,90,91,92,93,94,95,96,97,98,99,100,101,102,103,104,105,7,14,6,15,22,23,48,29,30,38,53,54,56,62,2,18,34,58,50,52,70,4,64,65,10,37,72,49,66,25,68,20,46,55,76,78,3,77,17,69,44,39,31,5,21,36,13,73,12,45,19,63,60,11,74,75,28,61,41,47,42,71,9,33,79,35,43,67,27,51,59,+57 MissingAxioms=0,1,8,16,24,26,32,40 TotalTime=44.8
Step=98 PrevRays= 52479 ResultRays= 46056 RayPairs= 339967288 NewAxiom=58 PrevAxioms=80,81,82,83,84,85,86,87,88,89,90,91,92,93,94,95,96,97,98,99,100,101,102,103,104,105,7,14,6,15,22,23,48,29,30,38,53,54,56,62,2,18,34,50,52,70,4,64,65,10,37,72,49,57,20,46,45,60,55,74,11,71,43,73,17,28,39,21,75,61,44,12,36,47,59,79,33,3,19,68,78,5,63,66,69,13,67,51,77,9,41,31,27,42,76,35,25,+58 MissingAxioms=0,1,8,16,24,26,32,40 TotalTime=42.4
Step=98 PrevRays= 45327 ResultRays= 46056 RayPairs= 178893774 NewAxiom=59 PrevAxioms=80,81,82,83,84,85,86,87,88,89,90,91,92,93,94,95,96,97,98,99,100,101,102,103,104,105,7,14,6,15,22,23,48,29,30,38,53,54,56,62,2,18,34,58,50,52,70,4,64,65,10,37,72,49,57,68,12,45,55,66,76,78,3,46,17,69,77,20,36,47,21,28,44,73,13,5,39,31,25,19,41,60,63,11,75,61,33,71,42,9,79,74,35,43,27,67,51,+59 MissingAxioms=0,1,8,16,24,26,32,40 TotalTime=42.9
Step=98 PrevRays= 52973 ResultRays= 46056 RayPairs= 360477083 NewAxiom=60 PrevAxioms=80,81,82,83,84,85,86,87,88,89,90,91,92,93,94,95,96,97,98,99,100,101,102,103,104,105,7,14,6,15,22,23,48,29,30,38,53,54,56,62,2,18,34,58,50,52,70,4,64,65,10,37,72,49,57,68,12,45,55,66,76,78,3,46,17,69,77,20,36,47,21,28,44,73,13,5,39,31,25,19,41,63,75,11,61,33,71,74,42,9,79,59,67,51,43,27,35,+60 MissingAxioms=0,1,8,16,24,26,32,40 TotalTime=51.7
Step=98 PrevRays= 44346 ResultRays= 46056 RayPairs=  99497422 NewAxiom=61 PrevAxioms=80,81,82,83,84,85,86,87,88,89,90,91,92,93,94,95,96,97,98,99,100,101,102,103,104,105,7,14,6,15,22,23,48,29,30,38,53,54,56,62,2,18,34,58,50,52,70,4,64,65,10,37,72,49,57,68,12,45,55,66,76,78,3,46,17,69,77,20,36,47,21,28,44,73,13,5,39,31,25,19,41,60,63,11,75,33,71,42,9,79,74,59,67,51,43,27,35,+61 MissingAxioms=0,1,8,16,24,26,32,40 TotalTime=45.9
Step=98 PrevRays= 46865 ResultRays= 46056 RayPairs= 172316727 NewAxiom=62 PrevAxioms=80,81,82,83,84,85,86,87,88,89,90,91,92,93,94,95,96,97,98,99,100,101,102,103,104,105,7,14,6,15,22,23,48,29,30,38,53,54,56,70,2,18,50,52,4,64,65,10,9,72,61,60,68,12,45,17,73,37,55,27,74,11,46,25,75,76,20,44,31,5,77,69,36,28,33,21,39,13,51,47,41,3,71,19,63,49,79,78,57,34,43,35,59,67,66,42,58,+62 MissingAxioms=0,1,8,16,24,26,32,40 TotalTime=43.2
Step=98 PrevRays= 42960 ResultRays= 46056 RayPairs= 174543480 NewAxiom=63 PrevAxioms=80,81,82,83,84,85,86,87,88,89,90,91,92,93,94,95,96,97,98,99,100,101,102,103,104,105,7,14,6,15,22,23,48,29,30,38,53,54,56,62,2,18,34,58,50,52,70,4,64,65,10,37,72,49,57,68,12,45,55,66,76,78,3,46,17,69,77,20,36,47,21,28,44,73,13,5,39,31,25,19,41,60,61,75,71,33,11,74,42,9,79,35,43,67,27,51,59,+63 MissingAxioms=0,1,8,16,24,26,32,40 TotalTime=34.9
Step=98 PrevRays= 68091 ResultRays= 46056 RayPairs= 598174457 NewAxiom=64 PrevAxioms=80,81,82,83,84,85,86,87,88,89,90,91,92,93,94,95,96,97,98,99,100,101,102,103,104,105,7,14,6,15,22,23,48,29,30,38,53,54,56,62,2,18,34,58,50,52,70,4,72,10,37,73,49,68,55,76,78,27,9,66,20,77,11,25,46,42,43,69,36,31,5,39,13,61,71,75,3,47,79,12,67,57,51,45,28,33,63,19,21,59,74,60,44,35,17,41,65,+64 MissingAxioms=0,1,8,16,24,26,32,40 TotalTime=83.3
Step=98 PrevRays= 55203 ResultRays= 46056 RayPairs= 390183639 NewAxiom=65 PrevAxioms=80,81,82,83,84,85,86,87,88,89,90,91,92,93,94,95,96,97,98,99,100,101,102,103,104,105,7,14,6,15,22,23,48,29,30,38,53,54,56,62,2,18,34,58,50,52,70,4,64,10,37,72,66,57,73,68,12,45,55,76,78,3,77,46,9,49,28,39,21,31,36,44,69,47,13,5,20,25,19,63,60,11,41,75,61,33,71,79,42,17,74,43,35,27,59,67,51,+65 MissingAxioms=0,1,8,16,24,26,32,40 TotalTime=59.7
Step=98 PrevRays= 54180 ResultRays= 46056 RayPairs= 382156368 NewAxiom=66 PrevAxioms=80,81,82,83,84,85,86,87,88,89,90,91,92,93,94,95,96,97,98,99,100,101,102,103,104,105,7,14,6,15,22,23,48,29,30,38,53,54,56,62,2,18,34,58,50,52,70,4,64,65,10,37,72,49,57,68,12,45,55,76,78,3,46,73,79,20,44,39,21,77,69,36,28,5,13,47,41,25,11,61,75,33,31,60,71,19,17,74,42,63,9,43,27,35,51,67,59,+66 MissingAxioms=0,1,8,16,24,26,32,40 TotalTime=50.2
Step=98 PrevRays= 45340 ResultRays= 46056 RayPairs= 155418250 NewAxiom=67 PrevAxioms=80,81,82,83,84,85,86,87,88,89,90,91,92,93,94,95,96,97,98,99,100,101,102,103,104,105,7,14,6,15,22,23,48,29,30,38,53,54,56,62,2,18,34,58,50,52,70,4,64,65,10,37,72,49,57,68,12,45,55,66,76,78,3,46,17,69,77,20,36,47,21,28,44,73,13,5,39,31,25,19,41,60,63,11,75,61,33,71,42,9,79,74,35,43,27,51,59,+67 MissingAxioms=0,1,8,16,24,26,32,40 TotalTime=42.7
Step=98 PrevRays= 54180 ResultRays= 46056 RayPairs= 382156368 NewAxiom=68 PrevAxioms=80,81,82,83,84,85,86,87,88,89,90,91,92,93,94,95,96,97,98,99,100,101,102,103,104,105,7,14,6,15,22,23,48,29,30,38,53,54,56,62,2,18,34,58,50,52,70,4,64,65,10,37,72,49,57,12,45,66,79,73,46,42,59,67,51,28,39,21,47,17,31,5,36,44,13,9,25,41,69,35,63,3,11,55,27,77,78,43,75,61,71,19,60,20,76,74,33,+68 MissingAxioms=0,1,8,16,24,26,32,40 TotalTime=58.2
Step=98 PrevRays= 45340 ResultRays= 46056 RayPairs= 155418250 NewAxiom=69 PrevAxioms=80,81,82,83,84,85,86,87,88,89,90,91,92,93,94,95,96,97,98,99,100,101,102,103,104,105,7,14,6,15,22,23,48,29,30,38,53,54,56,62,2,18,34,58,50,52,70,4,64,65,10,37,72,49,57,68,12,45,55,66,76,78,3,46,17,73,28,39,21,31,77,36,44,47,13,5,41,25,11,61,75,60,71,33,20,19,63,42,9,79,74,35,43,27,67,59,51,+69 MissingAxioms=0,1,8,16,24,26,32,40 TotalTime=48.1
Step=98 PrevRays= 43643 ResultRays= 46056 RayPairs= 129281175 NewAxiom=70 PrevAxioms=80,81,82,83,84,85,86,87,88,89,90,91,92,93,94,95,96,97,98,99,100,101,102,103,104,105,7,14,6,15,22,23,48,29,30,38,53,54,56,62,2,18,34,58,50,52,4,64,65,10,37,72,49,57,69,68,12,45,55,66,3,76,78,60,46,17,73,77,44,39,5,74,75,61,31,71,28,21,13,47,36,41,11,25,33,19,63,42,79,20,9,27,43,35,67,51,59,+70 MissingAxioms=0,1,8,16,24,26,32,40 TotalTime=44.0
Step=98 PrevRays= 43228 ResultRays= 46056 RayPairs= 215724068 NewAxiom=71 PrevAxioms=80,81,82,83,84,85,86,87,88,89,90,91,92,93,94,95,96,97,98,99,100,101,102,103,104,105,7,14,6,15,22,23,48,29,30,38,53,54,56,62,2,18,34,58,50,52,70,4,64,65,10,37,72,49,57,68,12,45,55,66,76,78,3,46,17,69,77,20,36,47,21,28,44,73,13,5,39,31,25,19,41,60,63,11,75,61,33,42,9,79,74,35,43,27,67,51,59,+71 MissingAxioms=0,1,8,16,24,26,32,40 TotalTime=41.4
Step=98 PrevRays= 75671 ResultRays= 46056 RayPairs= 624083725 NewAxiom=72 PrevAxioms=80,81,82,83,84,85,86,87,88,89,90,91,92,93,94,95,96,97,98,99,100,101,102,103,104,105,7,14,6,15,22,23,48,29,30,38,53,54,56,62,2,18,34,58,50,52,70,4,64,65,10,37,66,68,55,76,78,3,57,49,17,69,28,12,73,45,77,36,20,39,21,47,5,44,13,46,31,11,60,74,75,61,42,63,19,41,9,25,33,71,79,35,43,27,67,51,59,+72 MissingAxioms=0,1,8,16,24,26,32,40 TotalTime=94.2
Step=98 PrevRays= 54204 ResultRays= 46056 RayPairs= 370313559 NewAxiom=73 PrevAxioms=80,81,82,83,84,85,86,87,88,89,90,91,92,93,94,95,96,97,98,99,100,101,102,103,104,105,7,14,6,15,22,23,48,29,30,38,53,54,56,62,2,18,34,58,50,52,70,4,64,65,10,37,72,49,57,68,12,45,55,66,76,78,3,46,17,69,77,20,36,47,21,28,44,13,5,42,74,71,39,11,19,75,61,25,31,63,41,9,60,33,79,35,43,27,67,59,51,+73 MissingAxioms=0,1,8,16,24,26,32,40 TotalTime=50.5
Step=98 PrevRays= 52973 ResultRays= 46056 RayPairs= 360477083 NewAxiom=74 PrevAxioms=80,81,82,83,84,85,86,87,88,89,90,91,92,93,94,95,96,97,98,99,100,101,102,103,104,105,7,14,6,15,22,23,48,29,30,38,53,54,56,62,2,18,34,58,50,52,70,4,64,65,10,37,72,49,57,68,12,45,55,66,76,78,3,46,17,69,77,20,36,47,21,28,44,73,13,5,39,31,25,19,41,60,63,11,75,61,33,71,42,9,79,27,43,35,67,51,59,+74 MissingAxioms=0,1,8,16,24,26,32,40 TotalTime=46.6
Step=98 PrevRays= 44346 ResultRays= 46056 RayPairs=  99497422 NewAxiom=75 PrevAxioms=80,81,82,83,84,85,86,87,88,89,90,91,92,93,94,95,96,97,98,99,100,101,102,103,104,105,7,14,6,15,22,23,48,29,30,38,53,54,56,62,2,18,34,58,50,52,70,4,64,65,10,37,72,49,57,68,12,45,55,66,76,78,3,46,17,69,77,20,36,47,21,28,44,73,13,5,39,31,25,19,41,60,63,11,61,71,33,42,79,9,74,27,43,35,67,59,51,+75 MissingAxioms=0,1,8,16,24,26,32,40 TotalTime=38.3
Step=98 PrevRays= 52479 ResultRays= 46056 RayPairs= 339967288 NewAxiom=76 PrevAxioms=80,81,82,83,84,85,86,87,88,89,90,91,92,93,94,95,96,97,98,99,100,101,102,103,104,105,7,14,6,15,22,23,48,29,30,38,53,54,56,62,2,18,34,58,50,52,70,4,64,65,10,37,72,49,57,68,12,45,55,66,3,78,17,69,44,31,5,39,47,73,13,77,60,46,74,75,61,28,41,21,25,42,33,63,11,20,19,71,9,36,79,27,43,67,59,51,35,+76 MissingAxioms=0,1,8,16,24,26,32,40 TotalTime=54.5
Step=98 PrevRays= 45327 ResultRays= 46056 RayPairs= 178893774 NewAxiom=77 PrevAxioms=80,81,82,83,84,85,86,87,88,89,90,91,92,93,94,95,96,97,98,99,100,101,102,103,104,105,7,14,6,15,22,23,48,29,30,38,53,54,56,62,2,18,34,58,50,52,70,4,64,65,10,37,72,49,57,68,12,45,55,66,76,78,3,46,17,69,28,39,21,73,31,36,44,13,5,20,47,9,11,25,63,19,60,41,61,75,33,71,79,42,74,27,35,43,67,59,51,+77 MissingAxioms=0,1,8,16,24,26,32,40 TotalTime=35.9
Step=98 PrevRays= 46865 ResultRays= 46056 RayPairs= 172316727 NewAxiom=78 PrevAxioms=80,81,82,83,84,85,86,87,88,89,90,91,92,93,94,95,96,97,98,99,100,101,102,103,104,105,7,14,6,15,22,23,48,29,30,38,53,54,56,62,2,18,34,58,50,52,70,4,64,65,10,37,72,49,57,68,12,45,55,66,76,3,46,69,17,60,73,77,44,39,5,74,75,61,31,28,21,13,25,41,71,11,47,36,33,63,19,42,79,20,9,27,43,67,35,51,59,+78 MissingAxioms=0,1,8,16,24,26,32,40 TotalTime=38.9
Step=98 PrevRays= 42960 ResultRays= 46056 RayPairs= 174543480 NewAxiom=79 PrevAxioms=80,81,82,83,84,85,86,87,88,89,90,91,92,93,94,95,96,97,98,99,100,101,102,103,104,105,7,14,6,15,22,23,48,29,30,38,53,54,56,62,2,18,34,58,50,52,70,4,64,65,10,37,72,49,57,68,12,45,55,66,76,78,3,46,17,69,77,20,36,47,21,28,44,73,13,5,39,31,25,19,41,60,63,11,75,61,33,71,42,9,74,27,43,67,35,51,59,+79 MissingAxioms=0,1,8,16,24,26,32,40 TotalTime=38.1

Ordered by number of ray pairs:
Step=98 #####......................... (min) Axiom61 14(0,3) - g2 f(0,1,3) + f(0,3,4) >= f(0,3) + f(0,1,2,3,4)
Step=98 #####......................... (min) Axiom75 34(0,1) - g2 f(0,1,3) + f(0,1,4) >= f(0,1) + f(0,1,2,3,4)
Step=98 ######........................ Axiom34 13(2) - g1 f(1,2) + f(2,3) >= f(2) + f(1,2,3)
Step=98 ######........................ Axiom70 24(1,3) - g2 f(1,2,3) + f(1,3,4) >= f(1,3) + f(0,1,2,3,4)
Step=98 #######....................... Axiom53 04(1,3) - g2 f(0,1,3) + f(1,3,4) >= f(1,3) + f(0,1,2,3,4)
Step=98 #######....................... Axiom67 24(0,1) - g2 f(0,1,2) + f(0,1,4) >= f(0,1) + f(0,1,2,3,4)
Step=98 #######....................... Axiom69 24(0,3) - g2 f(0,2,3) + f(0,3,4) >= f(0,3) + f(0,1,2,3,4)
Step=98 ########...................... Axiom3 01(2,3) - g2 f(0,2,3) + f(1,2,3) >= f(2,3) + f(0,1,2,3,4)
Step=98 ########...................... Axiom27 03(1,2) - g2 f(0,1,2) + f(1,2,3) >= f(1,2) + f(0,1,2,3,4)
Step=98 ########...................... Axiom15 02(1,3,4) - g3 f(0,1,2,3,4) >= f(1,3,4)
Step=98 ########...................... Axiom62 14(2,3) - g2 f(1,2,3) + f(2,3,4) >= f(2,3) + f(0,1,2,3,4)
Step=98 ########...................... Axiom78 34(1,2) - g2 f(1,2,3) + f(1,2,4) >= f(1,2) + f(0,1,2,3,4)
Step=98 ########...................... Axiom17 12(0) - g1 f(0,1) + f(0,2) >= f(0) + f(0,1,2)
Step=98 ########...................... Axiom41 23(0) - g1 f(0,2) + f(0,3) >= f(0) + f(0,2,3)
Step=98 ########...................... Axiom63 14(0,2,3) - g3 f(0,1,2,3,4) >= f(0,2,3)
Step=98 ########...................... Axiom79 34(0,1,2) - g3 f(0,1,2,3,4) >= f(0,1,2)
Step=98 #########..................... Axiom59 14(0,2) - g2 f(0,1,2) + f(0,2,4) >= f(0,2) + f(0,1,2,3,4)
Step=98 #########..................... Axiom77 34(0,2) - g2 f(0,2,3) + f(0,2,4) >= f(0,2) + f(0,1,2,3,4)
Step=98 #########..................... Axiom7 01(2,3,4) - g3 f(0,1,2,3,4) >= f(2,3,4)
Step=98 #########..................... Axiom31 03(1,2,4) - g3 f(0,1,2,3,4) >= f(1,2,4)
Step=98 #########..................... Axiom39 13(0,2,4) - g3 f(0,1,2,3,4) >= f(0,2,4)
Step=98 #########..................... Axiom23 12(0,3,4) - g3 f(0,1,2,3,4) >= f(0,3,4)
Step=98 #########..................... Axiom47 23(0,1,4) - g3 f(0,1,2,3,4) >= f(0,1,4)
Step=98 #########..................... Axiom9 02(1) - g1 f(0,1) + f(1,2) >= f(1) + f(0,1,2)
Step=98 #########..................... Axiom10 02(3) - g1 f(0,3) + f(2,3) >= f(3) + f(0,2,3)
Step=98 #########..................... Axiom51 04(1,2) - g2 f(0,1,2) + f(1,2,4) >= f(1,2) + f(0,1,2,3,4)
Step=98 #########..................... Axiom54 04(2,3) - g2 f(0,2,3) + f(2,3,4) >= f(2,3) + f(0,1,2,3,4)
Step=98 #########..................... Axiom55 04(1,2,3) - g3 f(0,1,2,3,4) >= f(1,2,3)
Step=98 ##########.................... Axiom50 04(2) - g1 f(0,2) + f(2,4) >= f(2) + f(0,2,4)
Step=98 ##########.................... Axiom19 12(0,3) - g2 f(0,1,3) + f(0,2,3) >= f(0,3) + f(0,1,2,3,4)
Step=98 ##########.................... Axiom43 23(0,1) - g2 f(0,1,2) + f(0,1,3) >= f(0,1) + f(0,1,2,3,4)
Step=98 ##########.................... Axiom35 13(0,2) - g2 f(0,1,2) + f(0,2,3) >= f(0,2) + f(0,1,2,3,4)
Step=98 ##########.................... Axiom5 01(2,4) - g2 f(0,2,4) + f(1,2,4) >= f(0,1,2,3,4) + f(2,4)
Step=98 ##########.................... Axiom30 03(2,4) - g2 f(0,2,4) + f(2,3,4) >= f(0,1,2,3,4) + f(2,4)
Step=98 ##########.................... Axiom71 24(0,1,3) - g3 f(0,1,2,3,4) >= f(0,1,3)
Step=98 ###########................... Axiom2 01(3) - g1 f(0,3) + f(1,3) >= f(3) + f(0,1,3)
Step=98 ###########................... Axiom25 03(1) - g1 f(0,1) + f(1,3) >= f(1) + f(0,1,3)
Step=98 ###########................... Axiom11 02(1,3) - g2 f(0,1,3) + f(1,2,3) >= f(1,3) + f(0,1,2,3,4)
Step=98 ###########................... Axiom33 13(0) - g1 f(0,1) + f(0,3) >= f(0) + f(0,1,3)
Step=98 ###########................... Axiom18 12(3) - g1 f(1,3) + f(2,3) >= f(3) + f(1,2,3)
Step=98 ###########................... Axiom42 23(1) - g1 f(1,2) + f(1,3) >= f(1) + f(1,2,3)
Step=98 ############.................. Axiom37 13(0,4) - g2 f(0,1,4) + f(0,3,4) >= f(0,1,2,3,4) + f(0,4)
Step=98 ############.................. Axiom4 01(4) - g1 f(0,4) + f(1,4) >= f(4) + f(0,1,4)
Step=98 ############.................. Axiom28 03(4) - g1 f(0,4) + f(3,4) >= f(4) + f(0,3,4)
Step=98 #############................. Axiom22 12(3,4) - g2 f(1,3,4) + f(2,3,4) >= f(0,1,2,3,4) + f(3,4)
Step=98 #############................. Axiom46 23(1,4) - g2 f(1,2,4) + f(1,3,4) >= f(0,1,2,3,4) + f(1,4)
Step=98 #############................. Axiom12 02(4) - g1 f(0,4) + f(2,4) >= f(4) + f(0,2,4)
Step=98 #############................. Axiom6 01(3,4) - g2 f(0,3,4) + f(1,3,4) >= f(0,1,2,3,4) + f(3,4)
Step=98 #############................. Axiom29 03(1,4) - g2 f(0,1,4) + f(1,3,4) >= f(0,1,2,3,4) + f(1,4)
Step=98 ##############................ Axiom20 12(4) - g1 f(1,4) + f(2,4) >= f(4) + f(1,2,4)
Step=98 ##############................ Axiom44 23(4) - g1 f(2,4) + f(3,4) >= f(4) + f(2,3,4)
Step=98 ##############................ Axiom13 02(1,4) - g2 f(0,1,4) + f(1,2,4) >= f(0,1,2,3,4) + f(1,4)
Step=98 ##############................ Axiom14 02(3,4) - g2 f(0,3,4) + f(2,3,4) >= f(0,1,2,3,4) + f(3,4)
Step=98 ##############................ Axiom21 12(0,4) - g2 f(0,1,4) + f(0,2,4) >= f(0,1,2,3,4) + f(0,4)
Step=98 ##############................ Axiom45 23(0,4) - g2 f(0,2,4) + f(0,3,4) >= f(0,1,2,3,4) + f(0,4)
Step=98 ###############............... Axiom36 13(4) - g1 f(1,4) + f(3,4) >= f(4) + f(1,3,4)
Step=98 ################.............. Axiom38 13(2,4) - g2 f(1,2,4) + f(2,3,4) >= f(0,1,2,3,4) + f(2,4)
Step=98 ################.............. Axiom58 14(2) - g1 f(1,2) + f(2,4) >= f(2) + f(1,2,4)
Step=98 ################.............. Axiom76 34(2) - g1 f(2,3) + f(2,4) >= f(2) + f(2,3,4)
Step=98 #################............. Axiom60 14(3) - g1 f(1,3) + f(3,4) >= f(3) + f(1,3,4)
Step=98 #################............. Axiom74 34(1) - g1 f(1,3) + f(1,4) >= f(1) + f(1,3,4)
Step=98 ##################............ Axiom49 04(1) - g1 f(0,1) + f(1,4) >= f(1) + f(0,1,4)
Step=98 ##################............ Axiom52 04(3) - g1 f(0,3) + f(3,4) >= f(3) + f(0,3,4)
Step=98 ##################............ Axiom57 14(0) - g1 f(0,1) + f(0,4) >= f(0) + f(0,1,4)
Step=98 ##################............ Axiom73 34(0) - g1 f(0,3) + f(0,4) >= f(0) + f(0,3,4)
Step=98 ##################............ Axiom66 24(1) - g1 f(1,2) + f(1,4) >= f(1) + f(1,2,4)
Step=98 ##################............ Axiom68 24(3) - g1 f(2,3) + f(3,4) >= f(3) + f(2,3,4)
Step=98 ###################........... Axiom65 24(0) - g1 f(0,2) + f(0,4) >= f(0) + f(0,2,4)
Step=98 #############################. Axiom64 24() - g0 f(2) + f(4) >= f(2,4)
Step=98 ############################## Axiom56 14() - g0 f(1) + f(4) >= f(1,4)
Step=98 ############################## Axiom72 34() - g0 f(3) + f(4) >= f(3,4)
Step=98 ############################## Axiom48 04() - g0 f(0) + f(4) >= f(0,4)

Ordered by number of previous rays:
Step=98 $$$$$$$$$$$$$................. (min) Axiom34 13(2) - g1 f(1,2) + f(2,3) >= f(2) + f(1,2,3)
Step=98 $$$$$$$$$$$$$$$$.............. Axiom17 12(0) - g1 f(0,1) + f(0,2) >= f(0) + f(0,1,2)
Step=98 $$$$$$$$$$$$$$$$.............. Axiom41 23(0) - g1 f(0,2) + f(0,3) >= f(0) + f(0,2,3)
Step=98 $$$$$$$$$$$$$$$$.............. Axiom9 02(1) - g1 f(0,1) + f(1,2) >= f(1) + f(0,1,2)
Step=98 $$$$$$$$$$$$$$$$.............. Axiom10 02(3) - g1 f(0,3) + f(2,3) >= f(3) + f(0,2,3)
Step=98 $$$$$$$$$$$$$$$$.............. Axiom2 01(3) - g1 f(0,3) + f(1,3) >= f(3) + f(0,1,3)
Step=98 $$$$$$$$$$$$$$$$.............. Axiom25 03(1) - g1 f(0,1) + f(1,3) >= f(1) + f(0,1,3)
Step=98 $$$$$$$$$$$$$$$$.............. Axiom33 13(0) - g1 f(0,1) + f(0,3) >= f(0) + f(0,1,3)
Step=98 $$$$$$$$$$$$$$$$$............. Axiom63 14(0,2,3) - g3 f(0,1,2,3,4) >= f(0,2,3)
Step=98 $$$$$$$$$$$$$$$$$............. Axiom79 34(0,1,2) - g3 f(0,1,2,3,4) >= f(0,1,2)
Step=98 $$$$$$$$$$$$$$$$$............. Axiom71 24(0,1,3) - g3 f(0,1,2,3,4) >= f(0,1,3)
Step=98 $$$$$$$$$$$$$$$$$............. Axiom70 24(1,3) - g2 f(1,2,3) + f(1,3,4) >= f(1,3) + f(0,1,2,3,4)
Step=98 $$$$$$$$$$$$$$$$$............. Axiom15 02(1,3,4) - g3 f(0,1,2,3,4) >= f(1,3,4)
Step=98 $$$$$$$$$$$$$$$$$............. Axiom23 12(0,3,4) - g3 f(0,1,2,3,4) >= f(0,3,4)
Step=98 $$$$$$$$$$$$$$$$$............. Axiom47 23(0,1,4) - g3 f(0,1,2,3,4) >= f(0,1,4)
Step=98 $$$$$$$$$$$$$$$$$............. Axiom55 04(1,2,3) - g3 f(0,1,2,3,4) >= f(1,2,3)
Step=98 $$$$$$$$$$$$$$$$$............. Axiom18 12(3) - g1 f(1,3) + f(2,3) >= f(3) + f(1,2,3)
Step=98 $$$$$$$$$$$$$$$$$............. Axiom42 23(1) - g1 f(1,2) + f(1,3) >= f(1) + f(1,2,3)
Step=98 $$$$$$$$$$$$$$$$$............. Axiom3 01(2,3) - g2 f(0,2,3) + f(1,2,3) >= f(2,3) + f(0,1,2,3,4)
Step=98 $$$$$$$$$$$$$$$$$............. Axiom27 03(1,2) - g2 f(0,1,2) + f(1,2,3) >= f(1,2) + f(0,1,2,3,4)
Step=98 $$$$$$$$$$$$$$$$$............. Axiom61 14(0,3) - g2 f(0,1,3) + f(0,3,4) >= f(0,3) + f(0,1,2,3,4)
Step=98 $$$$$$$$$$$$$$$$$............. Axiom75 34(0,1) - g2 f(0,1,3) + f(0,1,4) >= f(0,1) + f(0,1,2,3,4)
Step=98 $$$$$$$$$$$$$$$$$............. Axiom7 01(2,3,4) - g3 f(0,1,2,3,4) >= f(2,3,4)
Step=98 $$$$$$$$$$$$$$$$$............. Axiom31 03(1,2,4) - g3 f(0,1,2,3,4) >= f(1,2,4)
Step=98 $$$$$$$$$$$$$$$$$$............ Axiom53 04(1,3) - g2 f(0,1,3) + f(1,3,4) >= f(1,3) + f(0,1,2,3,4)
Step=98 $$$$$$$$$$$$$$$$$$............ Axiom59 14(0,2) - g2 f(0,1,2) + f(0,2,4) >= f(0,2) + f(0,1,2,3,4)
Step=98 $$$$$$$$$$$$$$$$$$............ Axiom77 34(0,2) - g2 f(0,2,3) + f(0,2,4) >= f(0,2) + f(0,1,2,3,4)
Step=98 $$$$$$$$$$$$$$$$$$............ Axiom67 24(0,1) - g2 f(0,1,2) + f(0,1,4) >= f(0,1) + f(0,1,2,3,4)
Step=98 $$$$$$$$$$$$$$$$$$............ Axiom69 24(0,3) - g2 f(0,2,3) + f(0,3,4) >= f(0,3) + f(0,1,2,3,4)
Step=98 $$$$$$$$$$$$$$$$$$............ Axiom39 13(0,2,4) - g3 f(0,1,2,3,4) >= f(0,2,4)
Step=98 $$$$$$$$$$$$$$$$$$............ Axiom50 04(2) - g1 f(0,2) + f(2,4) >= f(2) + f(0,2,4)
Step=98 $$$$$$$$$$$$$$$$$$............ Axiom51 04(1,2) - g2 f(0,1,2) + f(1,2,4) >= f(1,2) + f(0,1,2,3,4)
Step=98 $$$$$$$$$$$$$$$$$$............ Axiom54 04(2,3) - g2 f(0,2,3) + f(2,3,4) >= f(2,3) + f(0,1,2,3,4)
Step=98 $$$$$$$$$$$$$$$$$$............ Axiom5 01(2,4) - g2 f(0,2,4) + f(1,2,4) >= f(0,1,2,3,4) + f(2,4)
Step=98 $$$$$$$$$$$$$$$$$$............ Axiom30 03(2,4) - g2 f(0,2,4) + f(2,3,4) >= f(0,1,2,3,4) + f(2,4)
Step=98 $$$$$$$$$$$$$$$$$$............ Axiom4 01(4) - g1 f(0,4) + f(1,4) >= f(4) + f(0,1,4)
Step=98 $$$$$$$$$$$$$$$$$$............ Axiom28 03(4) - g1 f(0,4) + f(3,4) >= f(4) + f(0,3,4)
Step=98 $$$$$$$$$$$$$$$$$$............ Axiom35 13(0,2) - g2 f(0,1,2) + f(0,2,3) >= f(0,2) + f(0,1,2,3,4)
Step=98 $$$$$$$$$$$$$$$$$$............ Axiom62 14(2,3) - g2 f(1,2,3) + f(2,3,4) >= f(2,3) + f(0,1,2,3,4)
Step=98 $$$$$$$$$$$$$$$$$$............ Axiom78 34(1,2) - g2 f(1,2,3) + f(1,2,4) >= f(1,2) + f(0,1,2,3,4)
Step=98 $$$$$$$$$$$$$$$$$$............ Axiom12 02(4) - g1 f(0,4) + f(2,4) >= f(4) + f(0,2,4)
Step=98 $$$$$$$$$$$$$$$$$$$........... Axiom20 12(4) - g1 f(1,4) + f(2,4) >= f(4) + f(1,2,4)
Step=98 $$$$$$$$$$$$$$$$$$$........... Axiom44 23(4) - g1 f(2,4) + f(3,4) >= f(4) + f(2,3,4)
Step=98 $$$$$$$$$$$$$$$$$$$........... Axiom19 12(0,3) - g2 f(0,1,3) + f(0,2,3) >= f(0,3) + f(0,1,2,3,4)
Step=98 $$$$$$$$$$$$$$$$$$$........... Axiom43 23(0,1) - g2 f(0,1,2) + f(0,1,3) >= f(0,1) + f(0,1,2,3,4)
Step=98 $$$$$$$$$$$$$$$$$$$........... Axiom36 13(4) - g1 f(1,4) + f(3,4) >= f(4) + f(1,3,4)
Step=98 $$$$$$$$$$$$$$$$$$$........... Axiom11 02(1,3) - g2 f(0,1,3) + f(1,2,3) >= f(1,3) + f(0,1,2,3,4)
Step=98 $$$$$$$$$$$$$$$$$$$........... Axiom22 12(3,4) - g2 f(1,3,4) + f(2,3,4) >= f(0,1,2,3,4) + f(3,4)
Step=98 $$$$$$$$$$$$$$$$$$$........... Axiom46 23(1,4) - g2 f(1,2,4) + f(1,3,4) >= f(0,1,2,3,4) + f(1,4)
Step=98 $$$$$$$$$$$$$$$$$$$........... Axiom37 13(0,4) - g2 f(0,1,4) + f(0,3,4) >= f(0,1,2,3,4) + f(0,4)
Step=98 $$$$$$$$$$$$$$$$$$$........... Axiom6 01(3,4) - g2 f(0,3,4) + f(1,3,4) >= f(0,1,2,3,4) + f(3,4)
Step=98 $$$$$$$$$$$$$$$$$$$........... Axiom29 03(1,4) - g2 f(0,1,4) + f(1,3,4) >= f(0,1,2,3,4) + f(1,4)
Step=98 $$$$$$$$$$$$$$$$$$$$.......... Axiom21 12(0,4) - g2 f(0,1,4) + f(0,2,4) >= f(0,1,2,3,4) + f(0,4)
Step=98 $$$$$$$$$$$$$$$$$$$$.......... Axiom45 23(0,4) - g2 f(0,2,4) + f(0,3,4) >= f(0,1,2,3,4) + f(0,4)
Step=98 $$$$$$$$$$$$$$$$$$$$.......... Axiom13 02(1,4) - g2 f(0,1,4) + f(1,2,4) >= f(0,1,2,3,4) + f(1,4)
Step=98 $$$$$$$$$$$$$$$$$$$$.......... Axiom14 02(3,4) - g2 f(0,3,4) + f(2,3,4) >= f(0,1,2,3,4) + f(3,4)
Step=98 $$$$$$$$$$$$$$$$$$$$.......... Axiom38 13(2,4) - g2 f(1,2,4) + f(2,3,4) >= f(0,1,2,3,4) + f(2,4)
Step=98 $$$$$$$$$$$$$$$$$$$$.......... Axiom58 14(2) - g1 f(1,2) + f(2,4) >= f(2) + f(1,2,4)
Step=98 $$$$$$$$$$$$$$$$$$$$.......... Axiom76 34(2) - g1 f(2,3) + f(2,4) >= f(2) + f(2,3,4)
Step=98 $$$$$$$$$$$$$$$$$$$$$......... Axiom60 14(3) - g1 f(1,3) + f(3,4) >= f(3) + f(1,3,4)
Step=98 $$$$$$$$$$$$$$$$$$$$$......... Axiom74 34(1) - g1 f(1,3) + f(1,4) >= f(1) + f(1,3,4)
Step=98 $$$$$$$$$$$$$$$$$$$$$......... Axiom49 04(1) - g1 f(0,1) + f(1,4) >= f(1) + f(0,1,4)
Step=98 $$$$$$$$$$$$$$$$$$$$$......... Axiom52 04(3) - g1 f(0,3) + f(3,4) >= f(3) + f(0,3,4)
Step=98 $$$$$$$$$$$$$$$$$$$$$......... Axiom66 24(1) - g1 f(1,2) + f(1,4) >= f(1) + f(1,2,4)
Step=98 $$$$$$$$$$$$$$$$$$$$$......... Axiom68 24(3) - g1 f(2,3) + f(3,4) >= f(3) + f(2,3,4)
Step=98 $$$$$$$$$$$$$$$$$$$$$......... Axiom57 14(0) - g1 f(0,1) + f(0,4) >= f(0) + f(0,1,4)
Step=98 $$$$$$$$$$$$$$$$$$$$$......... Axiom73 34(0) - g1 f(0,3) + f(0,4) >= f(0) + f(0,3,4)
Step=98 $$$$$$$$$$$$$$$$$$$$$......... Axiom65 24(0) - g1 f(0,2) + f(0,4) >= f(0) + f(0,2,4)
Step=98 $$$$$$$$$$$$$$$$$$$$$$$$$$.... Axiom64 24() - g0 f(2) + f(4) >= f(2,4)
Step=98 $$$$$$$$$$$$$$$$$$$$$$$$$$$$$. Axiom56 14() - g0 f(1) + f(4) >= f(1,4)
Step=98 $$$$$$$$$$$$$$$$$$$$$$$$$$$$$. Axiom72 34() - g0 f(3) + f(4) >= f(3,4)
Step=98 $$$$$$$$$$$$$$$$$$$$$$$$$$$$$$ Axiom48 04() - g0 f(0) + f(4) >= f(0,4)
