Step=102 PrevRays= 78818 ResultRays= 84619 RayPairs= 770141586 NewAxiom=1 PrevAxioms=80,81,82,83,84,85,86,87,88,89,90,91,92,93,94,95,96,97,98,99,100,101,102,103,104,105,7,14,6,15,22,23,32,48,29,30,38,40,61,69,4,56,28,64,12,62,34,58,72,49,57,50,10,54,26,42,79,52,68,2,55,27,35,18,3,70,60,53,76,44,45,77,39,5,46,63,59,25,43,13,31,78,71,47,11,9,19,51,65,73,41,17,33,66,67,75,37,74,21,20,36,+1 MissingAxioms=0,8,16,24 TotalTime=127.1
Step=102 PrevRays= 81464 ResultRays= 84619 RayPairs= 812176752 NewAxiom=2 PrevAxioms=80,81,82,83,84,85,86,87,88,89,90,91,92,93,94,95,96,97,98,99,100,101,102,103,104,105,7,14,6,15,22,23,32,48,29,30,38,40,61,69,4,56,28,64,12,62,34,58,1,72,49,57,10,54,52,68,42,71,18,70,9,55,3,35,19,73,63,76,44,31,5,45,78,39,13,59,60,46,11,47,75,37,33,21,36,17,20,25,53,77,79,74,66,27,43,67,26,51,50,65,41,+2 MissingAxioms=0,8,16,24 TotalTime=133.9
Step=102 PrevRays= 87540 ResultRays= 84619 RayPairs= 856337432 NewAxiom=3 PrevAxioms=80,81,82,83,84,85,86,87,88,89,90,91,92,93,94,95,96,97,98,99,100,101,102,103,104,105,7,14,6,15,22,23,32,48,29,30,38,40,61,69,4,56,28,64,12,62,34,58,1,72,49,57,10,54,52,68,2,42,71,9,55,53,70,11,25,60,74,36,47,37,75,19,66,20,63,73,79,35,31,18,39,5,59,77,33,13,21,76,78,17,44,45,46,27,43,67,41,51,65,50,26,+3 MissingAxioms=0,8,16,24 TotalTime=148.1
Step=102 PrevRays= 83010 ResultRays= 84619 RayPairs= 828984630 NewAxiom=4 PrevAxioms=80,81,82,83,84,85,86,87,88,89,90,91,92,93,94,95,96,97,98,99,100,101,102,103,104,105,7,14,6,15,22,23,32,48,29,30,38,40,61,69,12,56,28,64,62,34,58,1,72,49,57,9,52,2,53,60,42,63,10,25,18,54,35,3,70,11,74,47,36,37,75,20,68,55,19,73,44,78,66,13,31,5,39,59,21,45,17,76,46,71,33,77,79,26,27,43,67,51,50,65,41,+4 MissingAxioms=0,8,16,24 TotalTime=137.7
Step=102 PrevRays= 88358 ResultRays= 84619 RayPairs= 920533394 NewAxiom=5 PrevAxioms=80,81,82,83,84,85,86,87,88,89,90,91,92,93,94,95,96,97,98,99,100,101,102,103,104,105,7,14,6,15,22,23,32,48,29,30,38,40,61,69,4,56,28,64,12,62,34,58,1,72,49,57,10,54,52,68,2,42,71,9,55,53,70,11,25,60,74,36,47,37,75,19,66,20,63,73,79,35,31,18,39,33,17,3,46,78,13,21,59,76,44,45,77,51,67,43,65,41,27,50,26,+5 MissingAxioms=0,8,16,24 TotalTime=143.6
Step=102 PrevRays= 86627 ResultRays= 84619 RayPairs= 903898644 NewAxiom=6 PrevAxioms=80,81,82,83,84,85,86,87,88,89,90,91,92,93,94,95,96,97,98,99,100,101,102,103,104,105,7,14,15,22,23,30,32,38,48,54,62,12,64,18,10,29,40,20,28,72,26,1,36,37,25,60,61,74,75,69,47,2,59,50,65,79,43,68,44,76,77,70,63,3,27,55,42,34,78,19,52,66,46,73,45,35,56,39,21,33,71,11,53,49,13,9,31,67,57,51,17,58,5,4,41,+6 MissingAxioms=0,8,16,24 TotalTime=167.9
Step=102 PrevRays= 81920 ResultRays= 84619 RayPairs= 525981440 NewAxiom=7 PrevAxioms=80,81,82,83,84,85,86,87,88,89,90,91,92,93,94,95,96,97,98,99,100,101,102,103,104,105,15,6,14,23,22,32,48,29,40,46,61,69,4,28,56,64,39,59,70,42,66,45,49,57,52,10,54,68,72,21,17,71,11,73,47,37,36,33,26,41,77,19,18,75,63,13,35,53,31,65,51,67,9,34,30,55,43,38,79,1,5,74,27,60,3,78,62,25,2,44,76,58,50,20,12,+7 MissingAxioms=0,8,16,24 TotalTime=127.0
Step=102 PrevRays= 78818 ResultRays= 84619 RayPairs= 770141586 NewAxiom=9 PrevAxioms=80,81,82,83,84,85,86,87,88,89,90,91,92,93,94,95,96,97,98,99,100,101,102,103,104,105,7,14,6,15,22,23,32,48,29,30,38,40,61,69,4,56,28,64,12,62,34,58,1,72,49,57,10,54,52,68,2,42,71,53,55,27,79,70,11,25,43,60,74,36,37,75,67,47,66,19,63,73,35,20,18,17,41,50,31,26,3,65,39,33,78,77,59,51,76,45,46,21,13,5,44,+9 MissingAxioms=0,8,16,24 TotalTime=163.3
Step=102 PrevRays= 81464 ResultRays= 84619 RayPairs= 812176752 NewAxiom=10 PrevAxioms=80,81,82,83,84,85,86,87,88,89,90,91,92,93,94,95,96,97,98,99,100,101,102,103,104,105,7,14,6,15,22,23,32,48,29,30,38,40,61,69,4,56,28,64,12,62,34,58,1,72,49,57,52,9,2,63,42,71,53,19,60,18,70,11,55,73,25,36,47,37,75,3,35,54,68,20,33,17,39,74,79,66,31,5,78,59,76,46,13,21,44,45,77,27,43,26,67,51,50,65,41,+10 MissingAxioms=0,8,16,24 TotalTime=123.1
Step=102 PrevRays= 87540 ResultRays= 84619 RayPairs= 856337432 NewAxiom=11 PrevAxioms=80,81,82,83,84,85,86,87,88,89,90,91,92,93,94,95,96,97,98,99,100,101,102,103,104,105,7,14,6,15,22,23,32,48,29,30,38,40,61,69,4,56,28,64,12,62,34,58,1,72,49,57,10,54,52,68,2,42,71,9,55,53,70,60,19,74,36,47,37,75,66,63,73,20,25,79,35,31,39,18,3,33,17,5,59,78,76,46,13,21,45,77,44,27,51,67,26,43,50,65,41,+11 MissingAxioms=0,8,16,24 TotalTime=169.1
Step=102 PrevRays= 83010 ResultRays= 84619 RayPairs= 828984630 NewAxiom=12 PrevAxioms=80,81,82,83,84,85,86,87,88,89,90,91,92,93,94,95,96,97,98,99,100,101,102,103,104,105,7,14,6,15,22,23,32,48,29,30,38,40,61,69,4,56,28,64,70,42,9,72,50,65,1,52,10,54,34,68,18,71,2,26,53,43,11,60,62,58,76,39,44,5,45,77,78,31,13,73,3,46,55,19,47,41,17,63,79,75,36,74,67,66,37,20,21,25,27,35,59,51,49,57,33,+12 MissingAxioms=0,8,16,24 TotalTime=154.9
Step=102 PrevRays= 88358 ResultRays= 84619 RayPairs= 920533394 NewAxiom=13 PrevAxioms=80,81,82,83,84,85,86,87,88,89,90,91,92,93,94,95,96,97,98,99,100,101,102,103,104,105,7,14,6,15,22,23,32,48,29,30,38,40,61,69,4,56,28,64,12,62,34,58,1,72,49,57,10,54,52,68,2,42,71,9,55,53,70,11,25,60,74,36,47,37,75,19,66,20,63,73,79,35,31,18,39,5,59,77,33,3,76,21,78,46,45,17,44,27,43,67,65,51,41,50,26,+13 MissingAxioms=0,8,16,24 TotalTime=145.2
Step=102 PrevRays= 86627 ResultRays= 84619 RayPairs= 903898644 NewAxiom=14 PrevAxioms=80,81,82,83,84,85,86,87,88,89,90,91,92,93,94,95,96,97,98,99,100,101,102,103,104,105,7,15,22,6,23,29,32,46,48,4,64,20,53,54,56,62,2,28,72,25,9,44,50,65,18,70,68,60,61,40,49,45,39,76,77,63,67,3,26,30,55,11,27,19,12,1,52,73,69,10,71,33,57,59,35,47,79,21,17,13,51,36,74,75,31,43,66,78,5,38,37,58,34,42,41,+14 MissingAxioms=0,8,16,24 TotalTime=189.7
Step=102 PrevRays= 81920 ResultRays= 84619 RayPairs= 525981440 NewAxiom=15 PrevAxioms=80,81,82,83,84,85,86,87,88,89,90,91,92,93,94,95,96,97,98,99,100,101,102,103,104,105,7,14,6,23,22,32,48,30,38,40,61,69,4,37,12,28,64,29,2,72,36,20,62,34,42,1,52,73,53,10,68,71,47,67,54,63,19,74,55,17,43,41,60,26,3,56,11,18,50,75,79,65,58,66,9,70,39,31,5,21,13,44,45,77,78,46,76,27,35,59,25,51,49,57,33,+15 MissingAxioms=0,8,16,24 TotalTime=147.5
Step=102 PrevRays= 77391 ResultRays= 84619 RayPairs= 748507965 NewAxiom=17 PrevAxioms=80,81,82,83,84,85,86,87,88,89,90,91,92,93,94,95,96,97,98,99,100,101,102,103,104,105,7,14,6,15,22,23,32,48,29,30,38,40,61,69,4,56,28,64,12,62,34,58,1,72,49,57,10,54,52,68,2,42,71,9,55,53,70,11,25,60,74,36,47,37,75,19,66,20,63,73,79,35,31,18,39,5,59,77,33,3,76,13,21,78,46,44,45,65,67,51,43,41,27,50,26,+17 MissingAxioms=0,8,16,24 TotalTime=120.8
Step=102 PrevRays= 81948 ResultRays= 84619 RayPairs= 771567818 NewAxiom=18 PrevAxioms=80,81,82,83,84,85,86,87,88,89,90,91,92,93,94,95,96,97,98,99,100,101,102,103,104,105,7,14,6,15,22,23,32,48,29,30,38,40,61,69,4,56,28,64,12,62,34,58,1,72,49,57,10,54,52,68,2,42,71,9,55,53,70,11,25,60,74,36,47,37,75,19,66,20,63,73,79,35,31,39,5,59,77,33,3,76,13,21,78,46,44,45,17,26,51,67,27,43,50,65,41,+18 MissingAxioms=0,8,16,24 TotalTime=145.1
Step=102 PrevRays= 86808 ResultRays= 84619 RayPairs= 740790368 NewAxiom=19 PrevAxioms=80,81,82,83,84,85,86,87,88,89,90,91,92,93,94,95,96,97,98,99,100,101,102,103,104,105,7,14,6,15,22,23,32,48,29,30,38,40,61,69,4,56,28,64,12,62,34,58,1,72,49,57,10,54,52,68,2,42,71,9,55,53,70,11,25,60,74,36,47,37,75,66,20,18,73,79,3,35,63,31,39,33,17,5,78,59,76,46,13,21,45,77,44,27,43,67,26,51,50,65,41,+19 MissingAxioms=0,8,16,24 TotalTime=167.7
Step=102 PrevRays= 82746 ResultRays= 84619 RayPairs= 815741808 NewAxiom=20 PrevAxioms=80,81,82,83,84,85,86,87,88,89,90,91,92,93,94,95,96,97,98,99,100,101,102,103,104,105,7,14,6,15,22,23,32,48,29,30,38,40,61,69,4,56,28,64,12,62,34,58,1,72,49,57,10,54,52,68,2,42,71,9,55,53,70,11,25,60,74,36,47,37,75,19,66,63,73,79,35,33,31,17,39,3,18,5,59,78,76,44,21,45,13,77,46,26,27,43,51,67,50,65,41,+20 MissingAxioms=0,8,16,24 TotalTime=157.9
Step=102 PrevRays= 88085 ResultRays= 84619 RayPairs= 889260894 NewAxiom=21 PrevAxioms=80,81,82,83,84,85,86,87,88,89,90,91,92,93,94,95,96,97,98,99,100,101,102,103,104,105,7,14,6,15,22,23,32,48,29,30,38,40,61,69,4,56,28,64,12,62,34,58,1,72,49,57,10,54,52,68,2,42,71,9,55,53,70,11,25,60,74,36,47,37,75,19,66,20,63,73,79,35,31,18,39,5,59,77,33,3,76,13,78,46,17,44,45,27,43,67,41,51,26,50,65,+21 MissingAxioms=0,8,16,24 TotalTime=146.1
Step=102 PrevRays= 82603 ResultRays= 84619 RayPairs= 788212737 NewAxiom=22 PrevAxioms=80,81,82,83,84,85,86,87,88,89,90,91,92,93,94,95,96,97,98,99,100,101,102,103,104,105,7,14,6,15,23,32,37,45,48,61,69,2,40,10,38,72,33,57,41,65,53,52,54,34,42,4,29,12,73,75,28,30,77,79,62,58,39,21,47,59,17,43,5,31,67,26,13,46,60,20,36,18,56,74,78,76,1,71,19,63,68,49,35,27,3,11,55,64,50,51,25,70,66,9,44,+22 MissingAxioms=0,8,16,24 TotalTime=119.4
Step=102 PrevRays= 82115 ResultRays= 84619 RayPairs= 616564573 NewAxiom=23 PrevAxioms=80,81,82,83,84,85,86,87,88,89,90,91,92,93,94,95,96,97,98,99,100,101,102,103,104,105,7,14,6,15,22,32,48,29,30,38,40,4,56,28,64,12,53,54,55,27,2,25,26,58,49,57,50,72,68,44,76,77,20,36,46,66,62,34,11,9,31,51,78,37,13,67,79,59,5,21,70,52,69,47,65,73,17,39,45,10,35,63,3,41,1,71,33,42,43,75,61,74,60,19,18,+23 MissingAxioms=0,8,16,24 TotalTime=116.4
Step=102 PrevRays= 81269 ResultRays= 84619 RayPairs= 801808745 NewAxiom=25 PrevAxioms=80,81,82,83,84,85,86,87,88,89,90,91,92,93,94,95,96,97,98,99,100,101,102,103,104,105,7,14,6,15,22,23,32,48,29,30,38,40,61,69,4,56,28,64,12,62,34,58,1,72,49,57,10,54,52,68,2,42,71,9,55,53,70,11,60,74,36,47,37,75,19,66,63,73,20,79,35,33,17,3,39,18,31,5,59,78,76,46,13,21,45,77,44,27,51,67,43,26,50,65,41,+25 MissingAxioms=0,8,16,24 TotalTime=123.7
Step=102 PrevRays= 81269 ResultRays= 84619 RayPairs= 801808745 NewAxiom=26 PrevAxioms=80,81,82,83,84,85,86,87,88,89,90,91,92,93,94,95,96,97,98,99,100,101,102,103,104,105,7,14,6,15,22,23,32,48,29,30,38,40,61,69,4,56,28,64,12,62,34,58,1,72,49,57,10,54,52,68,2,42,71,9,55,53,70,11,25,60,74,36,47,37,75,19,66,20,63,73,79,35,31,18,39,5,59,77,33,3,76,13,21,78,46,44,45,17,27,43,67,41,51,65,50,+26 MissingAxioms=0,8,16,24 TotalTime=124.3
Step=102 PrevRays= 85484 ResultRays= 84619 RayPairs= 686669200 NewAxiom=27 PrevAxioms=80,81,82,83,84,85,86,87,88,89,90,91,92,93,94,95,96,97,98,99,100,101,102,103,104,105,7,14,6,15,22,23,32,48,29,30,38,40,61,69,4,56,28,64,12,62,34,58,1,72,49,57,10,54,52,68,2,42,71,9,55,53,70,11,25,60,74,36,47,37,75,19,66,20,63,73,79,35,31,18,39,5,59,77,33,3,76,13,21,78,46,44,45,17,26,43,67,51,50,65,41,+27 MissingAxioms=0,8,16,24 TotalTime=140.3
Step=102 PrevRays= 83128 ResultRays= 84619 RayPairs= 810412274 NewAxiom=28 PrevAxioms=80,81,82,83,84,85,86,87,88,89,90,91,92,93,94,95,96,97,98,99,100,101,102,103,104,105,7,14,6,15,22,23,32,48,29,30,38,40,61,69,4,56,64,12,62,72,34,58,1,49,57,10,54,52,68,2,42,71,9,53,55,50,70,11,25,60,74,36,47,75,37,66,19,20,73,63,26,18,79,65,31,39,5,77,21,78,45,3,41,13,46,33,44,76,17,27,35,43,59,67,51,+28 MissingAxioms=0,8,16,24 TotalTime=173.4
Step=102 PrevRays= 86327 ResultRays= 84619 RayPairs= 872390980 NewAxiom=29 PrevAxioms=80,81,82,83,84,85,86,87,88,89,90,91,92,93,94,95,96,97,98,99,100,101,102,103,104,105,7,14,6,15,22,23,32,48,30,38,40,61,69,4,37,12,64,28,2,72,20,53,62,34,42,1,36,25,9,18,47,21,74,52,73,63,71,19,3,33,45,44,60,56,54,77,39,5,58,13,75,66,31,57,17,55,46,59,35,79,49,10,78,68,76,11,70,27,43,51,67,26,50,65,41,+29 MissingAxioms=0,8,16,24 TotalTime=157.3
Step=102 PrevRays= 86327 ResultRays= 84619 RayPairs= 872390980 NewAxiom=30 PrevAxioms=80,81,82,83,84,85,86,87,88,89,90,91,92,93,94,95,96,97,98,99,100,101,102,103,104,105,7,14,6,15,22,23,32,48,29,38,40,61,69,4,56,28,64,70,42,9,72,41,17,12,2,53,52,73,34,60,18,63,35,62,58,79,19,26,27,43,54,33,68,10,1,71,65,50,39,3,55,49,57,47,11,25,31,46,13,51,44,78,76,75,37,36,67,74,20,66,5,59,77,21,45,+30 MissingAxioms=0,8,16,24 TotalTime=184.8
Step=102 PrevRays= 81546 ResultRays= 84619 RayPairs= 589214375 NewAxiom=31 PrevAxioms=80,81,82,83,84,85,86,87,88,89,90,91,92,93,94,95,96,97,98,99,100,101,102,103,104,105,7,14,6,15,22,23,32,48,29,30,38,40,61,69,4,56,28,64,12,62,34,58,1,72,49,57,10,54,52,68,2,42,71,9,55,53,70,11,25,60,74,36,47,37,75,19,66,20,63,73,79,35,33,17,3,39,18,77,59,78,76,46,13,44,45,21,5,26,43,27,67,51,50,65,41,+31 MissingAxioms=0,8,16,24 TotalTime=152.6
Step=102 PrevRays= 73005 ResultRays= 84619 RayPairs= 481359400 NewAxiom=32 PrevAxioms=80,81,82,83,84,85,86,87,88,89,90,91,92,93,94,95,96,97,98,99,100,101,102,103,104,105,7,14,6,15,22,23,40,48,29,30,38,53,56,69,70,10,2,52,63,35,17,4,37,73,72,18,3,62,77,68,42,54,55,20,50,65,64,57,49,28,47,12,36,44,45,21,46,59,67,41,79,39,51,76,11,31,25,13,9,5,66,58,34,78,26,19,43,75,71,61,27,33,60,74,1,+32 MissingAxioms=0,8,16,24 TotalTime=80.8
Step=102 PrevRays= 88695 ResultRays= 84619 RayPairs=1063279105 NewAxiom=33 PrevAxioms=80,81,82,83,84,85,86,87,88,89,90,91,92,93,94,95,96,97,98,99,100,101,102,103,104,105,7,14,6,15,22,23,32,48,29,30,38,40,61,69,4,56,28,64,12,62,34,58,1,72,49,57,10,54,52,68,2,42,71,9,55,53,70,11,25,60,74,36,47,37,75,19,66,20,63,73,79,35,31,18,39,5,59,77,21,76,78,44,46,13,45,17,3,41,43,27,67,51,26,50,65,+33 MissingAxioms=0,8,16,24 TotalTime=156.6
Step=102 PrevRays= 91882 ResultRays= 84619 RayPairs=1021795040 NewAxiom=34 PrevAxioms=80,81,82,83,84,85,86,87,88,89,90,91,92,93,94,95,96,97,98,99,100,101,102,103,104,105,7,14,6,15,22,23,32,48,29,30,38,40,61,69,4,56,28,64,12,62,58,1,72,49,57,10,54,52,68,2,42,71,9,53,55,70,11,25,60,74,36,47,37,75,19,66,63,73,20,79,18,35,31,39,33,17,3,5,59,78,76,46,13,21,44,45,77,26,51,67,27,43,50,65,41,+34 MissingAxioms=0,8,16,24 TotalTime=187.9
Step=102 PrevRays= 86459 ResultRays= 84619 RayPairs= 673476240 NewAxiom=35 PrevAxioms=80,81,82,83,84,85,86,87,88,89,90,91,92,93,94,95,96,97,98,99,100,101,102,103,104,105,7,14,6,15,22,23,32,48,29,30,38,40,61,69,4,56,28,64,12,62,34,58,1,72,49,57,10,54,52,68,2,42,71,9,55,53,70,11,25,60,74,36,47,37,75,19,66,20,63,73,79,18,31,39,3,77,5,33,59,21,76,13,78,46,45,17,44,27,43,67,65,51,50,26,41,+35 MissingAxioms=0,8,16,24 TotalTime=133.7
Step=102 PrevRays= 94164 ResultRays= 84619 RayPairs=1083701770 NewAxiom=36 PrevAxioms=80,81,82,83,84,85,86,87,88,89,90,91,92,93,94,95,96,97,98,99,100,101,102,103,104,105,7,14,6,15,22,23,32,48,29,30,38,40,61,69,4,56,28,64,12,62,34,58,1,72,49,57,10,54,52,68,2,42,71,9,55,53,70,11,25,60,74,47,75,37,19,63,44,76,78,21,66,77,39,31,5,13,73,20,18,46,33,45,3,17,59,35,79,27,43,67,51,26,50,65,41,+36 MissingAxioms=0,8,16,24 TotalTime=162.7
Step=102 PrevRays= 87205 ResultRays= 84619 RayPairs= 867485593 NewAxiom=37 PrevAxioms=80,81,82,83,84,85,86,87,88,89,90,91,92,93,94,95,96,97,98,99,100,101,102,103,104,105,7,14,6,15,22,23,32,48,29,30,38,40,61,69,4,56,28,64,12,62,34,58,1,72,49,57,10,54,52,68,2,42,71,9,55,53,70,11,25,60,74,36,47,75,19,66,63,20,33,35,17,73,31,39,18,5,78,59,21,76,13,44,45,46,3,77,79,27,43,51,26,67,50,65,41,+37 MissingAxioms=0,8,16,24 TotalTime=153.8
Step=102 PrevRays= 86008 ResultRays= 84619 RayPairs= 859789760 NewAxiom=38 PrevAxioms=80,81,82,83,84,85,86,87,88,89,90,91,92,93,94,95,96,97,98,99,100,101,102,103,104,105,7,14,6,15,22,23,32,48,29,30,40,46,61,69,4,56,28,64,12,62,34,1,72,49,57,10,54,52,42,68,2,55,9,71,53,70,66,11,74,31,13,78,75,36,37,47,5,25,73,19,63,3,35,39,33,18,17,60,79,77,59,58,21,76,45,44,20,26,27,43,67,51,50,65,41,+38 MissingAxioms=0,8,16,24 TotalTime=176.8
Step=102 PrevRays= 81074 ResultRays= 84619 RayPairs= 588842834 NewAxiom=39 PrevAxioms=80,81,82,83,84,85,86,87,88,89,90,91,92,93,94,95,96,97,98,99,100,101,102,103,104,105,7,14,6,15,22,23,32,48,29,30,38,40,61,69,4,56,28,64,12,62,34,58,1,72,49,57,10,54,52,68,2,42,71,9,55,53,70,11,25,60,74,36,47,37,75,19,66,20,63,73,79,35,31,18,33,17,3,46,13,78,5,76,59,44,21,45,77,27,43,67,65,51,50,26,41,+39 MissingAxioms=0,8,16,24 TotalTime=112.3
Step=102 PrevRays= 73005 ResultRays= 84619 RayPairs= 481359400 NewAxiom=40 PrevAxioms=80,81,82,83,84,85,86,87,88,89,90,91,92,93,94,95,96,97,98,99,100,101,102,103,104,105,7,14,6,15,22,23,32,48,29,30,38,54,61,62,64,2,10,52,71,43,17,12,45,73,72,18,11,70,75,58,34,28,39,5,44,49,57,56,4,66,65,50,53,55,31,9,13,60,67,51,59,1,25,46,3,27,42,26,68,35,19,76,69,77,47,79,78,63,21,37,74,36,41,20,33,+40 MissingAxioms=0,8,16,24 TotalTime=118.1
Step=102 PrevRays= 88695 ResultRays= 84619 RayPairs=1063279105 NewAxiom=41 PrevAxioms=80,81,82,83,84,85,86,87,88,89,90,91,92,93,94,95,96,97,98,99,100,101,102,103,104,105,7,14,6,15,22,23,32,48,29,30,38,40,61,69,4,56,28,64,12,62,34,58,1,72,49,57,10,54,52,68,2,42,71,9,55,53,70,11,25,60,74,36,47,37,75,19,66,20,63,73,79,35,31,18,39,5,59,77,33,3,76,13,21,78,46,44,45,17,27,43,67,26,51,50,65,+41 MissingAxioms=0,8,16,24 TotalTime=129.1
Step=102 PrevRays= 91882 ResultRays= 84619 RayPairs=1021795040 NewAxiom=42 PrevAxioms=80,81,82,83,84,85,86,87,88,89,90,91,92,93,94,95,96,97,98,99,100,101,102,103,104,105,7,14,6,15,22,23,32,48,29,30,38,40,61,69,4,56,28,64,12,62,34,58,1,72,49,57,10,54,52,68,2,71,9,55,53,70,11,25,60,36,74,47,37,75,19,66,63,44,78,13,31,5,20,73,77,46,21,39,18,76,3,45,33,17,79,35,59,41,67,51,43,27,65,26,50,+42 MissingAxioms=0,8,16,24 TotalTime=165.2
Step=102 PrevRays= 86459 ResultRays= 84619 RayPairs= 673476240 NewAxiom=43 PrevAxioms=80,81,82,83,84,85,86,87,88,89,90,91,92,93,94,95,96,97,98,99,100,101,102,103,104,105,7,14,6,15,22,23,32,48,29,30,38,40,61,69,4,56,28,64,12,62,34,58,1,72,49,57,10,54,52,68,2,42,71,9,55,53,70,11,25,60,74,36,47,37,75,19,66,20,63,73,79,35,31,18,39,5,59,77,33,3,76,13,21,78,46,44,45,17,27,51,67,26,50,65,41,+43 MissingAxioms=0,8,16,24 TotalTime=127.7
Step=102 PrevRays= 94164 ResultRays= 84619 RayPairs=1083701770 NewAxiom=44 PrevAxioms=80,81,82,83,84,85,86,87,88,89,90,91,92,93,94,95,96,97,98,99,100,101,102,103,104,105,7,14,6,15,22,23,32,48,29,30,38,40,61,69,4,56,28,64,12,62,34,58,1,72,49,57,10,54,52,68,2,42,71,9,55,53,70,11,25,60,74,36,47,37,75,19,66,20,63,73,79,35,31,18,39,5,59,77,33,3,76,13,21,78,46,17,45,27,43,67,65,51,26,50,41,+44 MissingAxioms=0,8,16,24 TotalTime=154.5
Step=102 PrevRays= 87205 ResultRays= 84619 RayPairs= 867485593 NewAxiom=45 PrevAxioms=80,81,82,83,84,85,86,87,88,89,90,91,92,93,94,95,96,97,98,99,100,101,102,103,104,105,7,14,6,15,22,23,32,48,29,30,38,40,61,69,4,56,28,64,12,62,34,58,1,72,49,57,10,54,52,68,2,42,71,9,55,53,70,11,25,60,74,36,47,37,75,19,66,20,63,73,79,35,31,18,39,5,59,77,33,3,76,13,21,78,46,44,17,26,51,67,43,27,50,65,41,+45 MissingAxioms=0,8,16,24 TotalTime=142.6
Step=102 PrevRays= 86008 ResultRays= 84619 RayPairs= 859789760 NewAxiom=46 PrevAxioms=80,81,82,83,84,85,86,87,88,89,90,91,92,93,94,95,96,97,98,99,100,101,102,103,104,105,7,14,6,15,22,23,32,48,29,30,38,40,61,69,4,56,28,64,12,62,34,58,1,72,49,57,10,54,52,68,2,42,71,9,55,53,70,11,25,60,74,36,47,37,75,19,66,20,63,73,79,35,31,18,39,5,59,77,33,3,76,13,21,78,44,17,45,41,43,27,67,51,65,50,26,+46 MissingAxioms=0,8,16,24 TotalTime=142.8
Step=102 PrevRays= 81074 ResultRays= 84619 RayPairs= 588842834 NewAxiom=47 PrevAxioms=80,81,82,83,84,85,86,87,88,89,90,91,92,93,94,95,96,97,98,99,100,101,102,103,104,105,7,14,6,15,22,23,32,48,29,30,38,40,61,69,4,56,28,64,12,62,34,58,1,72,49,57,10,54,52,68,2,42,71,9,55,53,70,11,25,60,74,36,37,75,19,66,20,63,73,35,17,18,33,3,44,39,5,78,59,45,46,76,31,13,21,77,79,27,51,43,26,67,50,65,41,+47 MissingAxioms=0,8,16,24 TotalTime=110.8
Step=102 PrevRays=111117 ResultRays= 84619 RayPairs=1762567968 NewAxiom=48 PrevAxioms=80,81,82,83,84,85,86,87,88,89,90,91,92,93,94,95,96,97,98,99,100,101,102,103,104,105,7,14,6,15,22,23,32,64,29,45,46,54,61,62,2,40,17,60,72,18,4,10,37,20,28,39,47,59,67,21,57,65,73,1,52,71,43,53,31,5,75,13,36,74,56,33,30,79,38,63,58,66,34,42,44,12,55,76,3,35,19,68,69,77,78,70,11,41,9,27,51,25,50,26,49,+48 MissingAxioms=0,8,16,24 TotalTime=140.1
Step=102 PrevRays= 92440 ResultRays= 84619 RayPairs=1088691933 NewAxiom=49 PrevAxioms=80,81,82,83,84,85,86,87,88,89,90,91,92,93,94,95,96,97,98,99,100,101,102,103,104,105,7,14,6,15,22,23,32,48,29,30,38,40,61,69,4,56,28,64,12,62,34,58,1,72,2,53,25,42,52,73,10,54,9,71,63,19,55,33,3,68,35,76,31,5,44,78,70,60,45,59,39,13,46,17,11,77,47,18,79,57,74,75,37,21,36,66,20,27,43,67,41,51,65,50,26,+49 MissingAxioms=0,8,16,24 TotalTime=157.6
Step=102 PrevRays= 92440 ResultRays= 84619 RayPairs=1088691933 NewAxiom=50 PrevAxioms=80,81,82,83,84,85,86,87,88,89,90,91,92,93,94,95,96,97,98,99,100,101,102,103,104,105,7,14,6,15,22,23,32,48,29,30,38,40,61,69,4,56,28,64,12,62,34,58,1,72,49,57,10,54,52,68,2,42,71,9,55,53,70,11,25,60,74,36,47,37,75,19,66,20,63,73,79,35,31,18,39,5,59,77,33,3,76,13,21,78,46,44,45,17,27,43,67,26,51,65,41,+50 MissingAxioms=0,8,16,24 TotalTime=130.9
Step=102 PrevRays= 85371 ResultRays= 84619 RayPairs= 685205991 NewAxiom=51 PrevAxioms=80,81,82,83,84,85,86,87,88,89,90,91,92,93,94,95,96,97,98,99,100,101,102,103,104,105,7,14,6,15,22,23,32,48,29,30,38,40,61,69,4,56,28,64,12,62,34,58,1,72,49,57,10,54,52,68,2,42,71,9,55,53,70,11,25,60,74,36,47,37,75,19,66,20,63,73,79,35,31,18,39,5,59,77,33,3,76,13,21,78,46,44,45,17,27,43,67,26,50,65,41,+51 MissingAxioms=0,8,16,24 TotalTime=129.1
Step=102 PrevRays= 91547 ResultRays= 84619 RayPairs=1064992740 NewAxiom=52 PrevAxioms=80,81,82,83,84,85,86,87,88,89,90,91,92,93,94,95,96,97,98,99,100,101,102,103,104,105,7,14,6,15,22,23,32,48,29,30,38,40,61,69,4,56,28,64,12,62,34,58,1,72,49,57,10,54,68,2,42,63,55,9,71,3,11,35,19,76,39,44,59,45,78,31,53,25,60,46,13,70,47,18,79,5,77,33,17,73,66,75,37,74,21,36,20,41,43,27,67,51,65,26,50,+52 MissingAxioms=0,8,16,24 TotalTime=183.6
Step=102 PrevRays= 86192 ResultRays= 84619 RayPairs= 841222872 NewAxiom=53 PrevAxioms=80,81,82,83,84,85,86,87,88,89,90,91,92,93,94,95,96,97,98,99,100,101,102,103,104,105,7,14,6,15,22,23,32,48,29,30,38,40,61,69,4,56,28,64,12,62,34,58,1,72,49,57,10,54,52,68,2,42,71,9,55,25,3,35,19,63,76,44,31,13,78,11,45,60,46,39,70,47,5,59,73,18,33,17,77,79,66,75,37,21,36,20,74,51,67,43,41,27,65,26,50,+53 MissingAxioms=0,8,16,24 TotalTime=163.9
Step=102 PrevRays= 86192 ResultRays= 84619 RayPairs= 841222872 NewAxiom=54 PrevAxioms=80,81,82,83,84,85,86,87,88,89,90,91,92,93,94,95,96,97,98,99,100,101,102,103,104,105,7,14,6,15,22,23,32,48,29,30,38,40,61,69,4,56,28,64,12,62,34,58,1,72,49,57,10,52,68,71,42,2,9,53,55,70,11,25,60,74,36,47,37,75,19,66,3,20,73,63,35,17,31,39,18,79,5,78,59,76,46,13,21,45,77,44,33,65,67,51,43,27,50,26,41,+54 MissingAxioms=0,8,16,24 TotalTime=162.2
Step=102 PrevRays= 81344 ResultRays= 84619 RayPairs= 562549841 NewAxiom=55 PrevAxioms=80,81,82,83,84,85,86,87,88,89,90,91,92,93,94,95,96,97,98,99,100,101,102,103,104,105,7,14,6,15,22,23,32,48,29,30,38,40,61,69,4,56,28,64,12,62,34,58,1,72,49,57,10,54,52,68,2,42,71,9,53,19,70,18,60,73,11,74,47,36,37,75,20,63,25,35,17,33,3,66,31,39,5,78,59,76,13,21,45,46,44,77,79,27,43,67,26,51,50,65,41,+55 MissingAxioms=0,8,16,24 TotalTime=116.7
Step=102 PrevRays= 76474 ResultRays= 84619 RayPairs= 513493665 NewAxiom=56 PrevAxioms=80,81,82,83,84,85,86,87,88,89,90,91,92,93,94,95,96,97,98,99,100,101,102,103,104,105,7,14,6,15,22,23,32,48,29,30,38,40,61,69,4,64,28,2,72,12,62,20,34,58,42,1,53,10,52,73,71,63,19,54,57,75,3,68,41,26,55,50,76,31,13,78,44,46,77,11,36,74,70,37,47,5,65,18,33,25,39,66,21,60,45,17,49,9,79,27,43,35,67,51,59,+56 MissingAxioms=0,8,16,24 TotalTime=102.3
Step=102 PrevRays= 92423 ResultRays= 84619 RayPairs=1051414416 NewAxiom=57 PrevAxioms=80,81,82,83,84,85,86,87,88,89,90,91,92,93,94,95,96,97,98,99,100,101,102,103,104,105,7,14,6,15,22,23,32,48,29,30,38,40,61,69,4,56,28,64,12,62,34,58,1,72,49,2,53,25,42,10,68,55,27,79,43,11,9,18,70,60,76,44,13,45,33,31,46,71,59,19,3,52,73,78,51,50,35,26,54,63,39,77,65,5,17,47,41,36,74,75,67,66,37,21,20,+57 MissingAxioms=0,8,16,24 TotalTime=157.8
Step=102 PrevRays= 89797 ResultRays= 84619 RayPairs= 969025446 NewAxiom=58 PrevAxioms=80,81,82,83,84,85,86,87,88,89,90,91,92,93,94,95,96,97,98,99,100,101,102,103,104,105,7,14,6,15,22,23,32,48,29,30,38,40,61,69,4,56,28,64,12,62,34,1,72,49,57,10,54,52,42,68,2,55,9,71,53,70,11,60,74,36,47,20,37,73,75,19,18,25,79,66,63,35,33,17,31,39,3,5,44,76,78,45,59,46,13,21,77,26,27,43,51,67,50,65,41,+58 MissingAxioms=0,8,16,24 TotalTime=161.5
Step=102 PrevRays= 85190 ResultRays= 84619 RayPairs= 643007702 NewAxiom=59 PrevAxioms=80,81,82,83,84,85,86,87,88,89,90,91,92,93,94,95,96,97,98,99,100,101,102,103,104,105,7,14,6,15,22,23,32,48,29,30,38,40,61,69,4,56,28,64,12,62,34,58,1,72,49,57,10,54,52,68,2,42,71,9,55,53,70,11,25,60,74,36,47,37,75,19,66,20,63,73,79,35,31,18,39,5,77,33,3,13,21,76,78,46,44,45,17,27,43,67,41,51,26,50,65,+59 MissingAxioms=0,8,16,24 TotalTime=135.7
Step=102 PrevRays= 92750 ResultRays= 84619 RayPairs= 997931492 NewAxiom=60 PrevAxioms=80,81,82,83,84,85,86,87,88,89,90,91,92,93,94,95,96,97,98,99,100,101,102,103,104,105,7,14,6,15,22,23,32,48,29,30,38,40,61,69,4,56,28,64,12,62,34,58,1,72,49,57,10,54,52,68,2,42,71,9,55,53,70,11,25,74,47,75,66,36,37,20,19,73,63,79,35,18,31,33,17,39,3,5,59,78,76,46,13,21,45,77,44,26,27,43,67,51,50,65,41,+60 MissingAxioms=0,8,16,24 TotalTime=189.0
Step=102 PrevRays= 84042 ResultRays= 84619 RayPairs= 656423020 NewAxiom=61 PrevAxioms=80,81,82,83,84,85,86,87,88,89,90,91,92,93,94,95,96,97,98,99,100,101,102,103,104,105,7,14,6,15,22,23,32,48,29,30,38,40,69,4,56,28,64,12,53,62,2,25,9,72,50,65,18,60,58,34,42,71,19,63,70,55,49,11,74,36,47,75,37,66,20,68,52,54,31,10,26,3,1,39,73,5,77,78,21,57,45,41,46,13,76,33,44,17,79,59,67,51,35,43,27,+61 MissingAxioms=0,8,16,24 TotalTime=156.5
Step=102 PrevRays= 86327 ResultRays= 84619 RayPairs= 880475904 NewAxiom=62 PrevAxioms=80,81,82,83,84,85,86,87,88,89,90,91,92,93,94,95,96,97,98,99,100,101,102,103,104,105,7,14,6,15,22,23,32,48,29,30,38,40,61,69,4,56,28,64,12,70,42,9,72,50,65,2,53,52,34,60,10,55,1,63,54,58,19,71,73,25,33,11,49,74,47,75,37,79,66,26,31,68,41,18,39,3,36,20,57,17,27,35,67,43,78,51,77,59,76,45,46,5,21,13,44,+62 MissingAxioms=0,8,16,24 TotalTime=177.6
Step=102 PrevRays= 81599 ResultRays= 84619 RayPairs= 673383144 NewAxiom=63 PrevAxioms=80,81,82,83,84,85,86,87,88,89,90,91,92,93,94,95,96,97,98,99,100,101,102,103,104,105,7,14,6,15,22,23,32,48,29,30,38,40,61,69,4,56,28,64,12,62,34,58,1,72,49,57,10,54,52,68,2,42,71,9,55,53,70,11,25,60,74,36,47,37,75,19,66,20,73,79,18,35,31,39,5,59,21,76,45,78,46,17,13,3,44,77,33,27,43,67,41,51,26,50,65,+63 MissingAxioms=0,8,16,24 TotalTime=144.5
Step=102 PrevRays= 76474 ResultRays= 84619 RayPairs= 513493665 NewAxiom=64 PrevAxioms=80,81,82,83,84,85,86,87,88,89,90,91,92,93,94,95,96,97,98,99,100,101,102,103,104,105,7,14,6,15,22,23,32,48,29,30,38,40,61,69,4,56,28,10,72,12,70,42,34,9,54,45,44,26,50,2,31,76,77,5,78,68,18,63,19,71,51,1,65,39,13,53,11,43,52,73,3,60,46,59,58,35,49,79,27,25,55,57,47,41,17,62,33,36,75,67,74,66,37,21,20,+64 MissingAxioms=0,8,16,24 TotalTime=106.5
Step=102 PrevRays= 92423 ResultRays= 84619 RayPairs=1051414416 NewAxiom=65 PrevAxioms=80,81,82,83,84,85,86,87,88,89,90,91,92,93,94,95,96,97,98,99,100,101,102,103,104,105,7,14,6,15,22,23,32,48,29,30,38,40,61,69,4,56,28,64,12,62,34,58,1,72,49,57,10,54,52,68,2,42,71,9,55,53,70,11,25,60,74,36,47,37,75,19,66,20,63,73,79,35,31,18,39,5,59,77,33,3,76,13,21,78,46,44,45,17,27,43,67,26,51,50,41,+65 MissingAxioms=0,8,16,24 TotalTime=129.5
Step=102 PrevRays= 89797 ResultRays= 84619 RayPairs= 969025446 NewAxiom=66 PrevAxioms=80,81,82,83,84,85,86,87,88,89,90,91,92,93,94,95,96,97,98,99,100,101,102,103,104,105,7,14,6,15,22,23,32,48,29,30,38,40,61,69,4,56,28,64,12,62,34,58,1,72,49,57,10,54,52,68,2,42,71,9,55,53,70,11,25,60,74,36,47,37,75,19,63,73,3,35,44,76,78,20,13,5,31,21,59,39,45,18,17,46,33,77,79,27,43,67,51,26,50,65,41,+66 MissingAxioms=0,8,16,24 TotalTime=131.8
Step=102 PrevRays= 85190 ResultRays= 84619 RayPairs= 643007702 NewAxiom=67 PrevAxioms=80,81,82,83,84,85,86,87,88,89,90,91,92,93,94,95,96,97,98,99,100,101,102,103,104,105,7,14,6,15,22,23,32,48,29,30,38,40,61,69,4,56,28,64,12,62,34,58,1,72,49,57,10,54,52,68,2,42,71,9,55,53,70,11,25,60,74,36,47,37,75,19,66,20,63,73,79,35,31,18,39,5,59,77,33,3,76,13,21,78,46,44,45,17,27,43,51,26,50,65,41,+67 MissingAxioms=0,8,16,24 TotalTime=129.3
Step=102 PrevRays= 92750 ResultRays= 84619 RayPairs= 997931492 NewAxiom=68 PrevAxioms=80,81,82,83,84,85,86,87,88,89,90,91,92,93,94,95,96,97,98,99,100,101,102,103,104,105,7,14,6,15,22,23,32,48,29,30,38,40,61,69,4,56,28,64,12,62,34,58,1,72,49,57,10,54,52,2,42,63,71,9,55,53,19,3,50,26,76,31,13,78,77,44,45,11,70,46,25,39,5,47,60,18,65,73,41,33,17,79,27,43,35,51,59,36,75,67,74,37,66,21,20,+68 MissingAxioms=0,8,16,24 TotalTime=174.2
Step=102 PrevRays= 84042 ResultRays= 84619 RayPairs= 656423020 NewAxiom=69 PrevAxioms=80,81,82,83,84,85,86,87,88,89,90,91,92,93,94,95,96,97,98,99,100,101,102,103,104,105,7,14,6,15,22,23,32,48,29,30,38,40,61,4,56,28,64,12,54,62,10,26,1,72,49,57,52,34,58,2,42,50,18,70,71,11,68,73,41,53,55,60,3,74,47,75,36,37,20,19,63,25,9,66,31,65,39,5,78,21,77,46,13,45,33,76,44,17,79,67,59,51,43,35,27,+69 MissingAxioms=0,8,16,24 TotalTime=155.5
Step=102 PrevRays= 86327 ResultRays= 84619 RayPairs= 880475904 NewAxiom=70 PrevAxioms=80,81,82,83,84,85,86,87,88,89,90,91,92,93,94,95,96,97,98,99,100,101,102,103,104,105,7,14,6,15,22,23,32,48,29,30,38,40,61,69,4,56,28,64,12,62,34,58,1,72,49,57,10,54,52,68,2,42,71,9,55,53,11,25,60,19,74,36,47,37,75,66,20,63,73,79,35,31,39,18,3,33,17,76,5,59,78,77,44,13,46,21,45,27,43,51,67,26,50,65,41,+70 MissingAxioms=0,8,16,24 TotalTime=163.5
Step=102 PrevRays= 81599 ResultRays= 84619 RayPairs= 673383144 NewAxiom=71 PrevAxioms=80,81,82,83,84,85,86,87,88,89,90,91,92,93,94,95,96,97,98,99,100,101,102,103,104,105,7,14,6,15,22,23,32,48,29,30,38,40,61,69,4,56,28,64,12,62,34,58,1,72,49,57,10,54,52,68,2,42,55,53,27,79,60,70,11,18,74,36,37,75,47,66,43,25,9,20,35,67,73,26,50,41,31,63,3,19,17,65,39,33,5,51,59,77,76,45,78,46,21,13,44,+71 MissingAxioms=0,8,16,24 TotalTime=176.0
Step=102 PrevRays= 77462 ResultRays= 84619 RayPairs= 524979316 NewAxiom=72 PrevAxioms=80,81,82,83,84,85,86,87,88,89,90,91,92,93,94,95,96,97,98,99,100,101,102,103,104,105,7,14,6,15,22,23,32,48,29,30,38,40,61,69,4,56,28,64,12,62,34,58,1,2,53,42,10,52,63,71,19,54,73,33,55,27,79,25,43,3,35,68,41,76,44,78,51,77,70,45,60,46,39,31,5,13,11,59,49,9,17,57,47,18,50,26,65,36,37,75,67,66,21,74,20,+72 MissingAxioms=0,8,16,24 TotalTime=107.2
Step=102 PrevRays= 89769 ResultRays= 84619 RayPairs= 941190618 NewAxiom=73 PrevAxioms=80,81,82,83,84,85,86,87,88,89,90,91,92,93,94,95,96,97,98,99,100,101,102,103,104,105,7,14,6,15,22,23,32,48,29,30,38,40,61,69,4,56,28,64,12,62,34,58,1,72,49,57,10,54,52,68,2,42,71,9,55,53,70,11,25,60,74,36,47,37,75,19,66,20,63,35,31,33,17,39,18,5,78,59,76,3,46,13,21,44,45,77,79,67,51,43,41,27,26,50,65,+73 MissingAxioms=0,8,16,24 TotalTime=142.8
Step=102 PrevRays= 91704 ResultRays= 84619 RayPairs= 928965056 NewAxiom=74 PrevAxioms=80,81,82,83,84,85,86,87,88,89,90,91,92,93,94,95,96,97,98,99,100,101,102,103,104,105,7,14,6,15,22,23,32,48,29,30,38,40,61,69,4,56,28,64,12,62,34,58,1,72,49,57,10,54,52,68,2,42,71,9,55,53,70,11,25,60,36,47,37,75,19,63,73,3,35,76,44,13,78,31,5,20,21,39,59,45,18,46,17,33,66,77,79,27,43,67,51,26,50,65,41,+74 MissingAxioms=0,8,16,24 TotalTime=142.8
Step=102 PrevRays= 83483 ResultRays= 84619 RayPairs= 608198770 NewAxiom=75 PrevAxioms=80,81,82,83,84,85,86,87,88,89,90,91,92,93,94,95,96,97,98,99,100,101,102,103,104,105,7,14,6,15,22,23,32,48,29,30,38,40,61,69,4,56,28,64,12,62,34,58,1,72,49,57,10,54,52,68,2,42,71,9,55,53,70,11,25,60,74,36,47,37,19,66,73,79,63,35,33,17,20,3,31,39,18,5,59,76,78,46,13,21,44,45,77,27,43,51,67,26,50,65,41,+75 MissingAxioms=0,8,16,24 TotalTime=127.7
Step=102 PrevRays= 91704 ResultRays= 84619 RayPairs= 928965056 NewAxiom=76 PrevAxioms=80,81,82,83,84,85,86,87,88,89,90,91,92,93,94,95,96,97,98,99,100,101,102,103,104,105,7,14,6,15,22,23,32,48,29,30,38,40,61,69,4,56,28,64,12,62,34,58,1,72,49,57,10,54,52,68,2,42,71,9,55,53,70,11,25,60,74,36,47,37,75,19,66,20,63,73,79,35,31,18,39,5,59,77,33,3,13,21,44,78,17,45,46,27,43,67,41,51,26,50,65,+76 MissingAxioms=0,8,16,24 TotalTime=144.1
Step=102 PrevRays= 83483 ResultRays= 84619 RayPairs= 608198770 NewAxiom=77 PrevAxioms=80,81,82,83,84,85,86,87,88,89,90,91,92,93,94,95,96,97,98,99,100,101,102,103,104,105,7,14,6,15,22,23,32,48,29,30,38,40,61,69,4,56,28,64,12,62,34,58,1,72,49,57,10,54,52,68,2,42,71,9,55,53,70,11,25,60,74,36,47,37,75,19,66,20,63,73,79,35,31,18,39,5,59,21,76,78,44,45,17,13,46,3,33,27,43,67,51,26,50,65,41,+77 MissingAxioms=0,8,16,24 TotalTime=142.0
Step=102 PrevRays= 82083 ResultRays= 84619 RayPairs= 628574130 NewAxiom=78 PrevAxioms=80,81,82,83,84,85,86,87,88,89,90,91,92,93,94,95,96,97,98,99,100,101,102,103,104,105,7,14,6,15,22,23,32,48,29,30,38,40,61,69,4,56,28,64,12,62,34,58,1,72,49,57,10,54,52,68,2,42,71,9,55,53,70,11,25,60,74,36,47,37,75,19,66,20,63,73,79,35,31,18,39,5,59,77,33,3,76,13,21,46,44,45,17,26,27,43,67,51,50,65,41,+78 MissingAxioms=0,8,16,24 TotalTime=124.4
Step=102 PrevRays= 81686 ResultRays= 84619 RayPairs= 738776780 NewAxiom=79 PrevAxioms=80,81,82,83,84,85,86,87,88,89,90,91,92,93,94,95,96,97,98,99,100,101,102,103,104,105,7,14,6,15,22,23,32,48,29,30,38,40,61,69,4,56,28,64,12,62,34,58,1,72,49,57,10,54,52,68,2,42,71,9,55,53,70,11,25,60,74,36,47,37,75,19,66,20,63,73,35,31,17,18,39,5,78,59,76,46,13,21,45,3,44,33,77,27,43,67,41,51,65,50,26,+79 MissingAxioms=0,8,16,24 TotalTime=133.2

Ordered by number of ray pairs:
Step=102 ########...................... (min) Axiom32 13() - g0 f(1) + f(3) >= f(1,3)
Step=102 ########...................... (min) Axiom40 23() - g0 f(2) + f(3) >= f(2,3)
Step=102 #########..................... Axiom56 14() - g0 f(1) + f(4) >= f(1,4)
Step=102 #########..................... Axiom64 24() - g0 f(2) + f(4) >= f(2,4)
Step=102 #########..................... Axiom72 34() - g0 f(3) + f(4) >= f(3,4)
Step=102 #########..................... Axiom7 01(2,3,4) - g3 f(0,1,2,3,4) >= f(2,3,4)
Step=102 #########..................... Axiom15 02(1,3,4) - g3 f(0,1,2,3,4) >= f(1,3,4)
Step=102 ##########.................... Axiom55 04(1,2,3) - g3 f(0,1,2,3,4) >= f(1,2,3)
Step=102 ##########.................... Axiom39 13(0,2,4) - g3 f(0,1,2,3,4) >= f(0,2,4)
Step=102 ##########.................... Axiom47 23(0,1,4) - g3 f(0,1,2,3,4) >= f(0,1,4)
Step=102 ##########.................... Axiom31 03(1,2,4) - g3 f(0,1,2,3,4) >= f(1,2,4)
Step=102 ##########.................... Axiom75 34(0,1) - g2 f(0,1,3) + f(0,1,4) >= f(0,1) + f(0,1,2,3,4)
Step=102 ##########.................... Axiom77 34(0,2) - g2 f(0,2,3) + f(0,2,4) >= f(0,2) + f(0,1,2,3,4)
Step=102 ##########.................... Axiom23 12(0,3,4) - g3 f(0,1,2,3,4) >= f(0,3,4)
Step=102 ###########................... Axiom78 34(1,2) - g2 f(1,2,3) + f(1,2,4) >= f(1,2) + f(0,1,2,3,4)
Step=102 ###########................... Axiom59 14(0,2) - g2 f(0,1,2) + f(0,2,4) >= f(0,2) + f(0,1,2,3,4)
Step=102 ###########................... Axiom67 24(0,1) - g2 f(0,1,2) + f(0,1,4) >= f(0,1) + f(0,1,2,3,4)
Step=102 ###########................... Axiom61 14(0,3) - g2 f(0,1,3) + f(0,3,4) >= f(0,3) + f(0,1,2,3,4)
Step=102 ###########................... Axiom69 24(0,3) - g2 f(0,2,3) + f(0,3,4) >= f(0,3) + f(0,1,2,3,4)
Step=102 ###########................... Axiom63 14(0,2,3) - g3 f(0,1,2,3,4) >= f(0,2,3)
Step=102 ###########................... Axiom71 24(0,1,3) - g3 f(0,1,2,3,4) >= f(0,1,3)
Step=102 ###########................... Axiom35 13(0,2) - g2 f(0,1,2) + f(0,2,3) >= f(0,2) + f(0,1,2,3,4)
Step=102 ###########................... Axiom43 23(0,1) - g2 f(0,1,2) + f(0,1,3) >= f(0,1) + f(0,1,2,3,4)
Step=102 ############.................. Axiom51 04(1,2) - g2 f(0,1,2) + f(1,2,4) >= f(1,2) + f(0,1,2,3,4)
Step=102 ############.................. Axiom27 03(1,2) - g2 f(0,1,2) + f(1,2,3) >= f(1,2) + f(0,1,2,3,4)
Step=102 #############................. Axiom79 34(0,1,2) - g3 f(0,1,2,3,4) >= f(0,1,2)
Step=102 #############................. Axiom19 12(0,3) - g2 f(0,1,3) + f(0,2,3) >= f(0,3) + f(0,1,2,3,4)
Step=102 #############................. Axiom17 12(0) - g1 f(0,1) + f(0,2) >= f(0) + f(0,1,2)
Step=102 #############................. Axiom1 01(2) - g1 f(0,2) + f(1,2) >= f(2) + f(0,1,2)
Step=102 #############................. Axiom9 02(1) - g1 f(0,1) + f(1,2) >= f(1) + f(0,1,2)
Step=102 #############................. Axiom18 12(3) - g1 f(1,3) + f(2,3) >= f(3) + f(1,2,3)
Step=102 #############................. Axiom22 12(3,4) - g2 f(1,3,4) + f(2,3,4) >= f(0,1,2,3,4) + f(3,4)
Step=102 ##############................ Axiom25 03(1) - g1 f(0,1) + f(1,3) >= f(1) + f(0,1,3)
Step=102 ##############................ Axiom26 03(2) - g1 f(0,2) + f(2,3) >= f(2) + f(0,2,3)
Step=102 ##############................ Axiom28 03(4) - g1 f(0,4) + f(3,4) >= f(4) + f(0,3,4)
Step=102 ##############................ Axiom2 01(3) - g1 f(0,3) + f(1,3) >= f(3) + f(0,1,3)
Step=102 ##############................ Axiom10 02(3) - g1 f(0,3) + f(2,3) >= f(3) + f(0,2,3)
Step=102 ##############................ Axiom20 12(4) - g1 f(1,4) + f(2,4) >= f(4) + f(1,2,4)
Step=102 ##############................ Axiom4 01(4) - g1 f(0,4) + f(1,4) >= f(4) + f(0,1,4)
Step=102 ##############................ Axiom12 02(4) - g1 f(0,4) + f(2,4) >= f(4) + f(0,2,4)
Step=102 ##############................ Axiom53 04(1,3) - g2 f(0,1,3) + f(1,3,4) >= f(1,3) + f(0,1,2,3,4)
Step=102 ##############................ Axiom54 04(2,3) - g2 f(0,2,3) + f(2,3,4) >= f(2,3) + f(0,1,2,3,4)
Step=102 ###############............... Axiom3 01(2,3) - g2 f(0,2,3) + f(1,2,3) >= f(2,3) + f(0,1,2,3,4)
Step=102 ###############............... Axiom11 02(1,3) - g2 f(0,1,3) + f(1,2,3) >= f(1,3) + f(0,1,2,3,4)
Step=102 ###############............... Axiom38 13(2,4) - g2 f(1,2,4) + f(2,3,4) >= f(0,1,2,3,4) + f(2,4)
Step=102 ###############............... Axiom46 23(1,4) - g2 f(1,2,4) + f(1,3,4) >= f(0,1,2,3,4) + f(1,4)
Step=102 ###############............... Axiom37 13(0,4) - g2 f(0,1,4) + f(0,3,4) >= f(0,1,2,3,4) + f(0,4)
Step=102 ###############............... Axiom45 23(0,4) - g2 f(0,2,4) + f(0,3,4) >= f(0,1,2,3,4) + f(0,4)
Step=102 ###############............... Axiom29 03(1,4) - g2 f(0,1,4) + f(1,3,4) >= f(0,1,2,3,4) + f(1,4)
Step=102 ###############............... Axiom30 03(2,4) - g2 f(0,2,4) + f(2,3,4) >= f(0,1,2,3,4) + f(2,4)
Step=102 ###############............... Axiom62 14(2,3) - g2 f(1,2,3) + f(2,3,4) >= f(2,3) + f(0,1,2,3,4)
Step=102 ###############............... Axiom70 24(1,3) - g2 f(1,2,3) + f(1,3,4) >= f(1,3) + f(0,1,2,3,4)
Step=102 ###############............... Axiom21 12(0,4) - g2 f(0,1,4) + f(0,2,4) >= f(0,1,2,3,4) + f(0,4)
Step=102 ###############............... Axiom6 01(3,4) - g2 f(0,3,4) + f(1,3,4) >= f(0,1,2,3,4) + f(3,4)
Step=102 ###############............... Axiom14 02(3,4) - g2 f(0,3,4) + f(2,3,4) >= f(0,1,2,3,4) + f(3,4)
Step=102 ################.............. Axiom5 01(2,4) - g2 f(0,2,4) + f(1,2,4) >= f(0,1,2,3,4) + f(2,4)
Step=102 ################.............. Axiom13 02(1,4) - g2 f(0,1,4) + f(1,2,4) >= f(0,1,2,3,4) + f(1,4)
Step=102 ################.............. Axiom74 34(1) - g1 f(1,3) + f(1,4) >= f(1) + f(1,3,4)
Step=102 ################.............. Axiom76 34(2) - g1 f(2,3) + f(2,4) >= f(2) + f(2,3,4)
Step=102 ################.............. Axiom73 34(0) - g1 f(0,3) + f(0,4) >= f(0) + f(0,3,4)
Step=102 ################.............. Axiom58 14(2) - g1 f(1,2) + f(2,4) >= f(2) + f(1,2,4)
Step=102 ################.............. Axiom66 24(1) - g1 f(1,2) + f(1,4) >= f(1) + f(1,2,4)
Step=102 #################............. Axiom60 14(3) - g1 f(1,3) + f(3,4) >= f(3) + f(1,3,4)
Step=102 #################............. Axiom68 24(3) - g1 f(2,3) + f(3,4) >= f(3) + f(2,3,4)
Step=102 #################............. Axiom34 13(2) - g1 f(1,2) + f(2,3) >= f(2) + f(1,2,3)
Step=102 #################............. Axiom42 23(1) - g1 f(1,2) + f(1,3) >= f(1) + f(1,2,3)
Step=102 ##################............ Axiom57 14(0) - g1 f(0,1) + f(0,4) >= f(0) + f(0,1,4)
Step=102 ##################............ Axiom65 24(0) - g1 f(0,2) + f(0,4) >= f(0) + f(0,2,4)
Step=102 ##################............ Axiom33 13(0) - g1 f(0,1) + f(0,3) >= f(0) + f(0,1,3)
Step=102 ##################............ Axiom41 23(0) - g1 f(0,2) + f(0,3) >= f(0) + f(0,2,3)
Step=102 ##################............ Axiom52 04(3) - g1 f(0,3) + f(3,4) >= f(3) + f(0,3,4)
Step=102 ##################............ Axiom36 13(4) - g1 f(1,4) + f(3,4) >= f(4) + f(1,3,4)
Step=102 ##################............ Axiom44 23(4) - g1 f(2,4) + f(3,4) >= f(4) + f(2,3,4)
Step=102 ###################........... Axiom49 04(1) - g1 f(0,1) + f(1,4) >= f(1) + f(0,1,4)
Step=102 ###################........... Axiom50 04(2) - g1 f(0,2) + f(2,4) >= f(2) + f(0,2,4)
Step=102 ############################## Axiom48 04() - g0 f(0) + f(4) >= f(0,4)

Ordered by number of previous rays:
Step=102 $$$$$$$$$$$$$$$$$$$$.......... (min) Axiom32 13() - g0 f(1) + f(3) >= f(1,3)
Step=102 $$$$$$$$$$$$$$$$$$$$.......... (min) Axiom40 23() - g0 f(2) + f(3) >= f(2,3)
Step=102 $$$$$$$$$$$$$$$$$$$$$......... Axiom56 14() - g0 f(1) + f(4) >= f(1,4)
Step=102 $$$$$$$$$$$$$$$$$$$$$......... Axiom64 24() - g0 f(2) + f(4) >= f(2,4)
Step=102 $$$$$$$$$$$$$$$$$$$$$......... Axiom17 12(0) - g1 f(0,1) + f(0,2) >= f(0) + f(0,1,2)
Step=102 $$$$$$$$$$$$$$$$$$$$$......... Axiom72 34() - g0 f(3) + f(4) >= f(3,4)
Step=102 $$$$$$$$$$$$$$$$$$$$$......... Axiom1 01(2) - g1 f(0,2) + f(1,2) >= f(2) + f(0,1,2)
Step=102 $$$$$$$$$$$$$$$$$$$$$......... Axiom9 02(1) - g1 f(0,1) + f(1,2) >= f(1) + f(0,1,2)
Step=102 $$$$$$$$$$$$$$$$$$$$$$........ Axiom39 13(0,2,4) - g3 f(0,1,2,3,4) >= f(0,2,4)
Step=102 $$$$$$$$$$$$$$$$$$$$$$........ Axiom47 23(0,1,4) - g3 f(0,1,2,3,4) >= f(0,1,4)
Step=102 $$$$$$$$$$$$$$$$$$$$$$........ Axiom25 03(1) - g1 f(0,1) + f(1,3) >= f(1) + f(0,1,3)
Step=102 $$$$$$$$$$$$$$$$$$$$$$........ Axiom26 03(2) - g1 f(0,2) + f(2,3) >= f(2) + f(0,2,3)
Step=102 $$$$$$$$$$$$$$$$$$$$$$........ Axiom55 04(1,2,3) - g3 f(0,1,2,3,4) >= f(1,2,3)
Step=102 $$$$$$$$$$$$$$$$$$$$$$........ Axiom2 01(3) - g1 f(0,3) + f(1,3) >= f(3) + f(0,1,3)
Step=102 $$$$$$$$$$$$$$$$$$$$$$........ Axiom10 02(3) - g1 f(0,3) + f(2,3) >= f(3) + f(0,2,3)
Step=102 $$$$$$$$$$$$$$$$$$$$$$........ Axiom31 03(1,2,4) - g3 f(0,1,2,3,4) >= f(1,2,4)
Step=102 $$$$$$$$$$$$$$$$$$$$$$........ Axiom63 14(0,2,3) - g3 f(0,1,2,3,4) >= f(0,2,3)
Step=102 $$$$$$$$$$$$$$$$$$$$$$........ Axiom71 24(0,1,3) - g3 f(0,1,2,3,4) >= f(0,1,3)
Step=102 $$$$$$$$$$$$$$$$$$$$$$........ Axiom79 34(0,1,2) - g3 f(0,1,2,3,4) >= f(0,1,2)
Step=102 $$$$$$$$$$$$$$$$$$$$$$........ Axiom7 01(2,3,4) - g3 f(0,1,2,3,4) >= f(2,3,4)
Step=102 $$$$$$$$$$$$$$$$$$$$$$........ Axiom15 02(1,3,4) - g3 f(0,1,2,3,4) >= f(1,3,4)
Step=102 $$$$$$$$$$$$$$$$$$$$$$........ Axiom18 12(3) - g1 f(1,3) + f(2,3) >= f(3) + f(1,2,3)
Step=102 $$$$$$$$$$$$$$$$$$$$$$........ Axiom78 34(1,2) - g2 f(1,2,3) + f(1,2,4) >= f(1,2) + f(0,1,2,3,4)
Step=102 $$$$$$$$$$$$$$$$$$$$$$........ Axiom23 12(0,3,4) - g3 f(0,1,2,3,4) >= f(0,3,4)
Step=102 $$$$$$$$$$$$$$$$$$$$$$........ Axiom22 12(3,4) - g2 f(1,3,4) + f(2,3,4) >= f(0,1,2,3,4) + f(3,4)
Step=102 $$$$$$$$$$$$$$$$$$$$$$........ Axiom20 12(4) - g1 f(1,4) + f(2,4) >= f(4) + f(1,2,4)
Step=102 $$$$$$$$$$$$$$$$$$$$$$........ Axiom4 01(4) - g1 f(0,4) + f(1,4) >= f(4) + f(0,1,4)
Step=102 $$$$$$$$$$$$$$$$$$$$$$........ Axiom12 02(4) - g1 f(0,4) + f(2,4) >= f(4) + f(0,2,4)
Step=102 $$$$$$$$$$$$$$$$$$$$$$........ Axiom28 03(4) - g1 f(0,4) + f(3,4) >= f(4) + f(0,3,4)
Step=102 $$$$$$$$$$$$$$$$$$$$$$$....... Axiom75 34(0,1) - g2 f(0,1,3) + f(0,1,4) >= f(0,1) + f(0,1,2,3,4)
Step=102 $$$$$$$$$$$$$$$$$$$$$$$....... Axiom77 34(0,2) - g2 f(0,2,3) + f(0,2,4) >= f(0,2) + f(0,1,2,3,4)
Step=102 $$$$$$$$$$$$$$$$$$$$$$$....... Axiom61 14(0,3) - g2 f(0,1,3) + f(0,3,4) >= f(0,3) + f(0,1,2,3,4)
Step=102 $$$$$$$$$$$$$$$$$$$$$$$....... Axiom69 24(0,3) - g2 f(0,2,3) + f(0,3,4) >= f(0,3) + f(0,1,2,3,4)
Step=102 $$$$$$$$$$$$$$$$$$$$$$$....... Axiom59 14(0,2) - g2 f(0,1,2) + f(0,2,4) >= f(0,2) + f(0,1,2,3,4)
Step=102 $$$$$$$$$$$$$$$$$$$$$$$....... Axiom67 24(0,1) - g2 f(0,1,2) + f(0,1,4) >= f(0,1) + f(0,1,2,3,4)
Step=102 $$$$$$$$$$$$$$$$$$$$$$$....... Axiom51 04(1,2) - g2 f(0,1,2) + f(1,2,4) >= f(1,2) + f(0,1,2,3,4)
Step=102 $$$$$$$$$$$$$$$$$$$$$$$....... Axiom27 03(1,2) - g2 f(0,1,2) + f(1,2,3) >= f(1,2) + f(0,1,2,3,4)
Step=102 $$$$$$$$$$$$$$$$$$$$$$$....... Axiom38 13(2,4) - g2 f(1,2,4) + f(2,3,4) >= f(0,1,2,3,4) + f(2,4)
Step=102 $$$$$$$$$$$$$$$$$$$$$$$....... Axiom46 23(1,4) - g2 f(1,2,4) + f(1,3,4) >= f(0,1,2,3,4) + f(1,4)
Step=102 $$$$$$$$$$$$$$$$$$$$$$$....... Axiom53 04(1,3) - g2 f(0,1,3) + f(1,3,4) >= f(1,3) + f(0,1,2,3,4)
Step=102 $$$$$$$$$$$$$$$$$$$$$$$....... Axiom54 04(2,3) - g2 f(0,2,3) + f(2,3,4) >= f(2,3) + f(0,1,2,3,4)
Step=102 $$$$$$$$$$$$$$$$$$$$$$$....... Axiom29 03(1,4) - g2 f(0,1,4) + f(1,3,4) >= f(0,1,2,3,4) + f(1,4)
Step=102 $$$$$$$$$$$$$$$$$$$$$$$....... Axiom30 03(2,4) - g2 f(0,2,4) + f(2,3,4) >= f(0,1,2,3,4) + f(2,4)
Step=102 $$$$$$$$$$$$$$$$$$$$$$$....... Axiom62 14(2,3) - g2 f(1,2,3) + f(2,3,4) >= f(2,3) + f(0,1,2,3,4)
Step=102 $$$$$$$$$$$$$$$$$$$$$$$....... Axiom70 24(1,3) - g2 f(1,2,3) + f(1,3,4) >= f(1,3) + f(0,1,2,3,4)
Step=102 $$$$$$$$$$$$$$$$$$$$$$$....... Axiom35 13(0,2) - g2 f(0,1,2) + f(0,2,3) >= f(0,2) + f(0,1,2,3,4)
Step=102 $$$$$$$$$$$$$$$$$$$$$$$....... Axiom43 23(0,1) - g2 f(0,1,2) + f(0,1,3) >= f(0,1) + f(0,1,2,3,4)
Step=102 $$$$$$$$$$$$$$$$$$$$$$$....... Axiom6 01(3,4) - g2 f(0,3,4) + f(1,3,4) >= f(0,1,2,3,4) + f(3,4)
Step=102 $$$$$$$$$$$$$$$$$$$$$$$....... Axiom14 02(3,4) - g2 f(0,3,4) + f(2,3,4) >= f(0,1,2,3,4) + f(3,4)
Step=102 $$$$$$$$$$$$$$$$$$$$$$$....... Axiom19 12(0,3) - g2 f(0,1,3) + f(0,2,3) >= f(0,3) + f(0,1,2,3,4)
Step=102 $$$$$$$$$$$$$$$$$$$$$$$$...... Axiom37 13(0,4) - g2 f(0,1,4) + f(0,3,4) >= f(0,1,2,3,4) + f(0,4)
Step=102 $$$$$$$$$$$$$$$$$$$$$$$$...... Axiom45 23(0,4) - g2 f(0,2,4) + f(0,3,4) >= f(0,1,2,3,4) + f(0,4)
Step=102 $$$$$$$$$$$$$$$$$$$$$$$$...... Axiom3 01(2,3) - g2 f(0,2,3) + f(1,2,3) >= f(2,3) + f(0,1,2,3,4)
Step=102 $$$$$$$$$$$$$$$$$$$$$$$$...... Axiom11 02(1,3) - g2 f(0,1,3) + f(1,2,3) >= f(1,3) + f(0,1,2,3,4)
Step=102 $$$$$$$$$$$$$$$$$$$$$$$$...... Axiom21 12(0,4) - g2 f(0,1,4) + f(0,2,4) >= f(0,1,2,3,4) + f(0,4)
Step=102 $$$$$$$$$$$$$$$$$$$$$$$$...... Axiom5 01(2,4) - g2 f(0,2,4) + f(1,2,4) >= f(0,1,2,3,4) + f(2,4)
Step=102 $$$$$$$$$$$$$$$$$$$$$$$$...... Axiom13 02(1,4) - g2 f(0,1,4) + f(1,2,4) >= f(0,1,2,3,4) + f(1,4)
Step=102 $$$$$$$$$$$$$$$$$$$$$$$$...... Axiom33 13(0) - g1 f(0,1) + f(0,3) >= f(0) + f(0,1,3)
Step=102 $$$$$$$$$$$$$$$$$$$$$$$$...... Axiom41 23(0) - g1 f(0,2) + f(0,3) >= f(0) + f(0,2,3)
Step=102 $$$$$$$$$$$$$$$$$$$$$$$$...... Axiom73 34(0) - g1 f(0,3) + f(0,4) >= f(0) + f(0,3,4)
Step=102 $$$$$$$$$$$$$$$$$$$$$$$$...... Axiom58 14(2) - g1 f(1,2) + f(2,4) >= f(2) + f(1,2,4)
Step=102 $$$$$$$$$$$$$$$$$$$$$$$$...... Axiom66 24(1) - g1 f(1,2) + f(1,4) >= f(1) + f(1,2,4)
Step=102 $$$$$$$$$$$$$$$$$$$$$$$$$..... Axiom52 04(3) - g1 f(0,3) + f(3,4) >= f(3) + f(0,3,4)
Step=102 $$$$$$$$$$$$$$$$$$$$$$$$$..... Axiom74 34(1) - g1 f(1,3) + f(1,4) >= f(1) + f(1,3,4)
Step=102 $$$$$$$$$$$$$$$$$$$$$$$$$..... Axiom76 34(2) - g1 f(2,3) + f(2,4) >= f(2) + f(2,3,4)
Step=102 $$$$$$$$$$$$$$$$$$$$$$$$$..... Axiom34 13(2) - g1 f(1,2) + f(2,3) >= f(2) + f(1,2,3)
Step=102 $$$$$$$$$$$$$$$$$$$$$$$$$..... Axiom42 23(1) - g1 f(1,2) + f(1,3) >= f(1) + f(1,2,3)
Step=102 $$$$$$$$$$$$$$$$$$$$$$$$$..... Axiom57 14(0) - g1 f(0,1) + f(0,4) >= f(0) + f(0,1,4)
Step=102 $$$$$$$$$$$$$$$$$$$$$$$$$..... Axiom65 24(0) - g1 f(0,2) + f(0,4) >= f(0) + f(0,2,4)
Step=102 $$$$$$$$$$$$$$$$$$$$$$$$$..... Axiom49 04(1) - g1 f(0,1) + f(1,4) >= f(1) + f(0,1,4)
Step=102 $$$$$$$$$$$$$$$$$$$$$$$$$..... Axiom50 04(2) - g1 f(0,2) + f(2,4) >= f(2) + f(0,2,4)
Step=102 $$$$$$$$$$$$$$$$$$$$$$$$$..... Axiom60 14(3) - g1 f(1,3) + f(3,4) >= f(3) + f(1,3,4)
Step=102 $$$$$$$$$$$$$$$$$$$$$$$$$..... Axiom68 24(3) - g1 f(2,3) + f(3,4) >= f(3) + f(2,3,4)
Step=102 $$$$$$$$$$$$$$$$$$$$$$$$$..... Axiom36 13(4) - g1 f(1,4) + f(3,4) >= f(4) + f(1,3,4)
Step=102 $$$$$$$$$$$$$$$$$$$$$$$$$..... Axiom44 23(4) - g1 f(2,4) + f(3,4) >= f(4) + f(2,3,4)
Step=102 $$$$$$$$$$$$$$$$$$$$$$$$$$$$$$ Axiom48 04() - g0 f(0) + f(4) >= f(0,4)
