Step=62 ResultRays= 12318 RayPairs=  10891617 NewAxiom=1 PrevAxioms=2,3,4,5,6,9,10,12,14,19,21,22,23,25,26,28,32,33,35,36,40,44,49,56,64,72,11,13,60,68,74,27,76,29,30,37,39,77,51,70,53,75,69,57,71,61,63,59,45,52,47,43,73,54,50,38,67,41,65,62,46,+1 MissingAxioms=0,7,8,15,16,17,18,20,24,31,34,42,48,55,58,66,78,79 TotalTime=4.0
Step=62 ResultRays= 12318 RayPairs=  14024792 NewAxiom=2 PrevAxioms=1,3,4,5,6,9,10,11,12,14,19,21,22,23,25,28,32,33,35,36,40,44,49,56,64,72,13,27,60,68,74,26,69,29,71,76,37,39,51,50,70,62,53,75,30,45,47,73,77,61,38,65,63,59,41,43,57,67,46,54,52,+2 MissingAxioms=0,7,8,15,16,17,18,20,24,31,34,42,48,55,58,66,78,79 TotalTime=4.4
Step=62 ResultRays= 12318 RayPairs=  21273868 NewAxiom=3 PrevAxioms=1,2,4,5,6,9,10,11,12,14,19,21,22,23,25,28,32,33,35,36,40,44,49,56,64,72,13,27,60,68,74,61,69,63,76,30,45,47,51,50,57,37,39,59,67,53,46,75,65,52,26,54,71,77,43,70,38,73,29,41,62,+3 MissingAxioms=0,7,8,15,16,17,18,20,24,31,34,42,48,55,58,66,78,79 TotalTime=3.9
Step=62 ResultRays= 12318 RayPairs=  14024792 NewAxiom=4 PrevAxioms=1,2,3,5,6,9,10,12,13,14,19,21,22,23,25,28,32,33,35,36,40,44,49,56,64,72,11,30,45,51,60,74,47,50,68,76,27,61,63,26,54,77,62,52,69,71,41,43,73,29,67,65,37,75,57,39,38,46,53,70,59,+4 MissingAxioms=0,7,8,15,16,17,18,20,24,31,34,42,48,55,58,66,78,79 TotalTime=3.5
Step=62 ResultRays= 12318 RayPairs=  21273868 NewAxiom=5 PrevAxioms=1,2,3,4,6,9,10,12,13,14,19,21,22,23,25,28,32,33,35,36,40,44,49,56,64,72,11,29,37,45,51,30,39,68,76,27,60,74,26,47,52,46,77,57,62,38,61,75,63,73,59,41,69,71,65,67,54,43,53,70,50,+5 MissingAxioms=0,7,8,15,16,17,18,20,24,31,34,42,48,55,58,66,78,79 TotalTime=4.8
Step=62 ResultRays= 12318 RayPairs=  14269830 NewAxiom=6 PrevAxioms=1,2,3,4,5,9,10,12,14,19,21,22,23,25,28,29,32,33,35,36,40,44,49,56,64,72,11,13,37,68,76,27,39,60,74,26,45,47,51,62,50,53,75,73,30,46,38,54,77,41,70,69,71,43,67,61,57,63,52,65,59,+6 MissingAxioms=0,7,8,15,16,17,18,20,24,31,34,42,48,55,58,66,78,79 TotalTime=3.4
Step=62 ResultRays= 12318 RayPairs=  10891617 NewAxiom=9 PrevAxioms=1,2,3,4,5,6,10,12,14,19,21,22,23,25,26,28,32,33,35,36,40,44,49,56,64,72,11,13,60,68,74,27,76,29,53,75,69,71,37,39,30,77,73,70,62,52,61,45,47,41,43,67,46,63,57,65,50,51,54,59,38,+9 MissingAxioms=0,7,8,15,16,17,18,20,24,31,34,42,48,55,58,66,78,79 TotalTime=3.4
Step=62 ResultRays= 12318 RayPairs=  14024792 NewAxiom=10 PrevAxioms=1,2,3,4,5,6,9,11,12,14,19,21,22,23,25,28,32,33,35,36,40,44,49,56,64,72,13,27,60,68,74,26,61,76,30,63,45,47,51,50,57,37,39,59,54,77,46,67,62,29,53,75,73,41,69,71,43,70,52,65,38,+10 MissingAxioms=0,7,8,15,16,17,18,20,24,31,34,42,48,55,58,66,78,79 TotalTime=4.6
Step=62 ResultRays= 12318 RayPairs=  21273868 NewAxiom=11 PrevAxioms=1,2,3,4,5,6,9,10,12,14,19,21,22,23,25,28,32,33,35,36,40,44,49,56,64,72,13,60,68,74,51,61,69,63,76,50,73,46,62,71,26,41,43,27,70,30,54,77,45,65,37,39,59,57,75,29,53,52,47,38,67,+11 MissingAxioms=0,7,8,15,16,17,18,20,24,31,34,42,48,55,58,66,78,79 TotalTime=5.6
Step=62 ResultRays= 12318 RayPairs=  14024792 NewAxiom=12 PrevAxioms=1,2,3,4,5,6,9,10,13,14,19,21,22,23,25,28,32,33,35,36,40,44,49,56,64,72,11,29,37,51,68,76,39,50,60,74,27,26,69,71,53,75,70,73,61,63,59,41,43,30,57,45,77,65,47,62,46,52,54,38,67,+12 MissingAxioms=0,7,8,15,16,17,18,20,24,31,34,42,48,55,58,66,78,79 TotalTime=3.8
Step=62 ResultRays= 12318 RayPairs=  21273868 NewAxiom=13 PrevAxioms=1,2,3,4,5,6,9,10,12,14,19,21,22,23,25,28,32,33,35,36,40,44,49,56,64,72,11,29,37,45,27,30,39,68,76,26,60,74,38,47,70,53,75,69,71,52,61,63,77,59,50,51,73,65,54,67,43,62,46,57,41,+13 MissingAxioms=0,7,8,15,16,17,18,20,24,31,34,42,48,55,58,66,78,79 TotalTime=5.3
Step=62 ResultRays= 12318 RayPairs=  14269830 NewAxiom=14 PrevAxioms=1,2,3,4,5,6,9,10,12,19,21,22,23,25,28,30,32,33,35,36,40,44,49,56,64,72,11,13,45,60,74,27,47,68,76,26,37,51,39,70,50,54,77,29,38,53,75,73,46,62,61,63,59,41,43,69,65,71,52,57,67,+14 MissingAxioms=0,7,8,15,16,17,18,20,24,31,34,42,48,55,58,66,78,79 TotalTime=3.6
Step=62 ResultRays= 12318 RayPairs=  11281032 NewAxiom=19 PrevAxioms=1,2,3,4,5,6,9,10,12,14,21,22,23,25,28,32,33,35,36,40,44,49,56,59,64,72,11,13,60,68,74,27,76,29,26,30,37,39,63,45,47,51,50,52,54,77,69,62,53,75,70,61,73,65,46,71,41,43,38,67,57,+19 MissingAxioms=0,7,8,15,16,17,18,20,24,31,34,42,48,55,58,66,78,79 TotalTime=3.7
Step=62 ResultRays= 12318 RayPairs=  11281032 NewAxiom=21 PrevAxioms=1,2,3,4,5,6,9,10,12,14,19,22,23,25,28,32,33,35,36,38,40,44,49,56,64,72,11,13,46,27,60,74,29,68,76,26,30,51,37,70,53,75,47,54,73,77,61,63,50,57,45,69,65,39,59,67,41,52,71,62,43,+21 MissingAxioms=0,7,8,15,16,17,18,20,24,31,34,42,48,55,58,66,78,79 TotalTime=4.3
Step=62 ResultRays= 12318 RayPairs=  12800406 NewAxiom=22 PrevAxioms=1,2,3,4,5,6,9,10,12,14,19,21,23,25,28,32,33,35,36,38,40,44,49,56,64,72,11,13,46,27,60,74,29,68,76,26,30,51,37,39,53,75,69,71,52,61,63,59,77,45,47,50,73,65,54,62,41,43,67,57,70,+22 MissingAxioms=0,7,8,15,16,17,18,20,24,31,34,42,48,55,58,66,78,79 TotalTime=3.1
Step=62 ResultRays= 12318 RayPairs=   9935828 NewAxiom=23 PrevAxioms=1,2,3,4,5,6,9,10,12,14,19,21,22,25,28,32,33,35,36,39,40,44,49,56,64,72,11,13,60,68,74,27,76,29,26,30,37,70,53,75,69,73,62,71,45,52,61,43,41,77,65,47,67,46,51,50,57,54,63,59,38,+23 MissingAxioms=0,7,8,15,16,17,18,20,24,31,34,42,48,55,58,66,78,79 TotalTime=3.7
Step=62 ResultRays= 12318 RayPairs=  19127295 NewAxiom=25 PrevAxioms=1,2,3,4,5,6,9,10,12,14,19,21,22,23,26,28,32,33,35,36,40,44,49,56,64,72,11,13,60,68,74,27,51,76,29,37,39,69,71,50,30,45,47,54,77,38,57,61,63,75,73,59,41,70,43,65,53,46,62,52,67,+25 MissingAxioms=0,7,8,15,16,17,18,20,24,31,34,42,48,55,58,66,78,79 TotalTime=5.1
Step=62 ResultRays= 12318 RayPairs=  19127295 NewAxiom=26 PrevAxioms=1,2,3,4,5,6,9,10,12,14,19,21,22,23,25,28,32,33,35,36,40,44,49,56,64,72,11,13,60,68,74,27,76,29,30,37,39,70,53,69,75,71,73,61,63,59,45,47,52,62,38,77,51,65,41,43,50,54,67,57,46,+26 MissingAxioms=0,7,8,15,16,17,18,20,24,31,34,42,48,55,58,66,78,79 TotalTime=5.2
Step=62 ResultRays= 12318 RayPairs=   7406562 NewAxiom=27 PrevAxioms=1,2,3,4,5,6,9,10,12,14,19,21,22,23,25,28,32,33,35,36,40,44,49,56,64,72,11,13,60,68,74,51,76,29,53,69,71,37,39,50,70,30,75,73,62,61,63,59,57,45,47,38,65,77,26,54,52,67,43,41,46,+27 MissingAxioms=0,7,8,15,16,17,18,20,24,31,34,42,48,55,58,66,78,79 TotalTime=2.8
Step=62 ResultRays= 12318 RayPairs=  13596340 NewAxiom=28 PrevAxioms=1,2,3,4,5,6,9,10,12,14,19,21,22,23,25,29,32,33,35,36,40,44,49,56,64,72,11,13,53,60,68,74,75,52,76,27,45,47,61,63,46,54,26,69,71,51,37,39,59,73,50,77,65,38,41,62,43,67,57,30,70,+28 MissingAxioms=0,7,8,15,16,17,18,20,24,31,34,42,48,55,58,66,78,79 TotalTime=4.0
Step=62 ResultRays= 12318 RayPairs=  14382500 NewAxiom=29 PrevAxioms=1,2,3,4,5,6,9,10,12,14,19,21,22,23,25,28,32,33,35,36,40,44,49,56,64,72,11,13,60,68,74,27,76,30,26,45,47,61,63,51,50,54,62,77,57,37,39,59,69,52,71,75,67,65,43,53,46,73,41,38,70,+29 MissingAxioms=0,7,8,15,16,17,18,20,24,31,34,42,48,55,58,66,78,79 TotalTime=3.7
Step=62 ResultRays= 12318 RayPairs=  14382500 NewAxiom=30 PrevAxioms=1,2,3,4,5,6,9,10,12,14,19,21,22,23,25,28,32,33,35,36,40,44,49,56,64,72,11,13,60,68,74,27,76,29,26,37,39,51,70,53,75,69,71,73,61,63,59,41,43,50,57,45,65,77,47,62,38,46,54,52,67,+30 MissingAxioms=0,7,8,15,16,17,18,20,24,31,34,42,48,55,58,66,78,79 TotalTime=3.6
Step=62 ResultRays= 12318 RayPairs=  10567557 NewAxiom=32 PrevAxioms=1,2,3,4,5,6,9,10,12,14,19,21,22,23,25,28,33,35,36,40,41,44,49,56,64,72,11,13,43,68,76,27,29,37,39,26,30,45,47,51,70,50,54,77,75,46,69,73,71,53,74,60,62,61,63,59,65,52,38,67,57,+32 MissingAxioms=0,7,8,15,16,17,18,20,24,31,34,42,48,55,58,66,78,79 TotalTime=3.3
Step=62 ResultRays= 12318 RayPairs=  16681525 NewAxiom=33 PrevAxioms=1,2,3,4,5,6,9,10,12,14,19,21,22,23,25,28,32,35,36,40,41,44,49,56,64,72,11,13,60,68,74,27,76,29,26,30,37,39,70,51,77,38,45,47,50,73,46,75,69,71,61,63,59,53,65,57,67,54,62,52,43,+33 MissingAxioms=0,7,8,15,16,17,18,20,24,31,34,42,48,55,58,66,78,79 TotalTime=4.0
Step=62 ResultRays= 12318 RayPairs=  19704200 NewAxiom=35 PrevAxioms=1,2,3,4,5,6,9,10,12,14,19,21,22,23,25,28,32,33,36,40,43,44,49,56,64,72,11,13,60,68,74,27,76,29,26,30,37,39,70,51,77,38,45,47,50,46,75,69,73,61,63,65,53,71,67,54,57,59,41,62,52,+35 MissingAxioms=0,7,8,15,16,17,18,20,24,31,34,42,48,55,58,66,78,79 TotalTime=4.3
Step=62 ResultRays= 12318 RayPairs=  13712688 NewAxiom=36 PrevAxioms=1,2,3,4,5,6,9,10,12,14,19,21,22,23,25,28,32,33,35,37,40,44,49,56,64,72,11,13,39,68,76,27,29,26,30,45,47,38,51,70,77,60,74,50,46,75,69,71,61,63,59,53,73,65,54,52,41,43,62,57,67,+36 MissingAxioms=0,7,8,15,16,17,18,20,24,31,34,42,48,55,58,66,78,79 TotalTime=4.7
Step=62 ResultRays= 12318 RayPairs=  12258000 NewAxiom=37 PrevAxioms=1,2,3,4,5,6,9,10,12,14,19,21,22,23,25,28,32,33,35,36,40,44,49,56,64,72,11,13,60,68,74,27,76,29,26,30,45,47,62,53,75,46,50,54,77,38,51,59,69,71,52,61,63,39,67,57,65,43,70,41,73,+37 MissingAxioms=0,7,8,15,16,17,18,20,24,31,34,42,48,55,58,66,78,79 TotalTime=3.9
Step=62 ResultRays= 12318 RayPairs=  13803354 NewAxiom=38 PrevAxioms=1,2,3,4,5,6,9,10,12,14,19,21,22,23,25,28,32,33,35,36,40,44,49,56,64,72,11,13,60,68,74,27,76,29,26,30,37,39,70,51,77,57,61,63,59,53,75,45,47,50,69,43,71,73,62,46,41,65,52,54,67,+38 MissingAxioms=0,7,8,15,16,17,18,20,24,31,34,42,48,55,58,66,78,79 TotalTime=4.5
Step=62 ResultRays= 12318 RayPairs=  12887875 NewAxiom=39 PrevAxioms=1,2,3,4,5,6,9,10,12,14,19,21,22,23,25,28,32,33,35,36,40,44,49,56,64,72,11,13,60,68,74,27,76,29,26,30,37,70,53,75,69,71,73,62,52,61,43,41,57,63,77,47,67,65,51,45,46,50,54,38,59,+39 MissingAxioms=0,7,8,15,16,17,18,20,24,31,34,42,48,55,58,66,78,79 TotalTime=3.3
Step=62 ResultRays= 12318 RayPairs=  10567557 NewAxiom=40 PrevAxioms=1,2,3,4,5,6,9,10,12,14,19,21,22,23,25,28,32,33,35,36,41,44,49,56,64,72,11,13,43,60,74,27,29,26,30,45,47,37,39,51,62,53,75,77,54,61,63,59,38,73,76,68,70,69,71,65,52,57,67,46,50,+40 MissingAxioms=0,7,8,15,16,17,18,20,24,31,34,42,48,55,58,66,78,79 TotalTime=3.8
Step=62 ResultRays= 12318 RayPairs=  16681525 NewAxiom=41 PrevAxioms=1,2,3,4,5,6,9,10,12,14,19,21,22,23,25,28,32,33,35,36,40,44,49,56,64,72,11,13,60,68,74,27,76,29,26,30,37,39,70,51,77,38,45,47,50,46,75,69,73,61,63,59,65,53,71,54,52,62,57,67,43,+41 MissingAxioms=0,7,8,15,16,17,18,20,24,31,34,42,48,55,58,66,78,79 TotalTime=4.4
Step=62 ResultRays= 12318 RayPairs=  19704200 NewAxiom=43 PrevAxioms=1,2,3,4,5,6,9,10,12,14,19,21,22,23,25,28,32,33,35,36,40,44,49,56,64,72,11,13,60,68,74,27,76,29,26,30,37,39,70,51,77,38,45,47,50,46,75,69,73,61,63,59,65,53,71,54,41,57,67,62,52,+43 MissingAxioms=0,7,8,15,16,17,18,20,24,31,34,42,48,55,58,66,78,79 TotalTime=4.5
Step=62 ResultRays= 12318 RayPairs=  13712688 NewAxiom=44 PrevAxioms=1,2,3,4,5,6,9,10,12,14,19,21,22,23,25,28,32,33,35,36,40,45,49,56,64,72,11,13,47,60,74,27,29,26,30,37,39,46,51,61,63,41,43,59,54,75,52,50,38,57,68,69,76,77,71,67,70,73,53,65,62,+44 MissingAxioms=0,7,8,15,16,17,18,20,24,31,34,42,48,55,58,66,78,79 TotalTime=3.6
Step=62 ResultRays= 12318 RayPairs=  12258000 NewAxiom=45 PrevAxioms=1,2,3,4,5,6,9,10,12,14,19,21,22,23,25,28,32,33,35,36,40,44,49,56,64,72,11,13,60,68,74,27,76,29,26,30,37,39,70,51,77,38,57,61,63,59,53,75,47,50,43,69,41,71,67,52,54,73,65,62,46,+45 MissingAxioms=0,7,8,15,16,17,18,20,24,31,34,42,48,55,58,66,78,79 TotalTime=5.5
Step=62 ResultRays= 12318 RayPairs=  13803354 NewAxiom=46 PrevAxioms=1,2,3,4,5,6,9,10,12,14,19,21,22,23,25,28,32,33,35,36,40,44,49,56,64,72,11,13,60,68,74,27,76,29,26,30,37,39,70,51,77,38,45,47,50,75,73,61,63,59,54,69,41,43,65,71,53,62,52,67,57,+46 MissingAxioms=0,7,8,15,16,17,18,20,24,31,34,42,48,55,58,66,78,79 TotalTime=5.5
Step=62 ResultRays= 12318 RayPairs=  12887875 NewAxiom=47 PrevAxioms=1,2,3,4,5,6,9,10,12,14,19,21,22,23,25,28,32,33,35,36,40,44,49,56,64,72,11,13,60,68,74,27,76,29,26,30,37,39,70,51,77,38,45,50,46,61,63,59,67,57,65,53,75,69,73,41,71,54,43,62,52,+47 MissingAxioms=0,7,8,15,16,17,18,20,24,31,34,42,48,55,58,66,78,79 TotalTime=3.8
Step=62 ResultRays= 12318 RayPairs=  19127295 NewAxiom=49 PrevAxioms=1,2,3,4,5,6,9,10,12,14,19,21,22,23,25,28,32,33,35,36,40,44,50,56,64,72,11,13,60,68,74,27,51,76,30,45,47,61,63,26,54,77,62,69,71,41,43,29,67,52,65,37,39,75,59,70,38,73,57,53,46,+49 MissingAxioms=0,7,8,15,16,17,18,20,24,31,34,42,48,55,58,66,78,79 TotalTime=4.0
Step=62 ResultRays= 12318 RayPairs=  19127295 NewAxiom=50 PrevAxioms=1,2,3,4,5,6,9,10,12,14,19,21,22,23,25,28,32,33,35,36,40,44,49,56,64,72,11,13,60,68,74,27,76,29,26,30,37,39,70,51,77,38,45,47,57,61,63,59,53,75,69,43,73,71,62,67,65,54,52,41,46,+50 MissingAxioms=0,7,8,15,16,17,18,20,24,31,34,42,48,55,58,66,78,79 TotalTime=5.1
Step=62 ResultRays= 12318 RayPairs=   7406562 NewAxiom=51 PrevAxioms=1,2,3,4,5,6,9,10,12,14,19,21,22,23,25,28,32,33,35,36,40,44,49,56,64,72,11,13,60,68,74,27,76,29,26,30,37,39,70,53,69,75,71,73,62,52,61,43,41,63,45,65,77,47,59,38,54,50,46,57,67,+51 MissingAxioms=0,7,8,15,16,17,18,20,24,31,34,42,48,55,58,66,78,79 TotalTime=3.2
Step=62 ResultRays= 12318 RayPairs=  13596340 NewAxiom=52 PrevAxioms=1,2,3,4,5,6,9,10,12,14,19,21,22,23,25,28,32,33,35,36,40,44,49,56,64,72,11,13,60,68,74,27,76,29,26,30,37,39,70,51,77,38,45,47,50,46,75,69,73,61,63,59,65,53,71,54,41,43,62,57,67,+52 MissingAxioms=0,7,8,15,16,17,18,20,24,31,34,42,48,55,58,66,78,79 TotalTime=4.7
Step=62 ResultRays= 12318 RayPairs=  14382500 NewAxiom=53 PrevAxioms=1,2,3,4,5,6,9,10,12,14,19,21,22,23,25,28,32,33,35,36,40,44,49,56,64,72,11,13,60,68,74,27,76,29,26,30,37,39,70,51,77,38,45,47,50,46,75,69,73,61,63,59,65,54,71,41,43,62,52,57,67,+53 MissingAxioms=0,7,8,15,16,17,18,20,24,31,34,42,48,55,58,66,78,79 TotalTime=4.8
Step=62 ResultRays= 12318 RayPairs=  14382500 NewAxiom=54 PrevAxioms=1,2,3,4,5,6,9,10,12,14,19,21,22,23,25,28,32,33,35,36,40,44,49,56,64,72,11,13,60,68,74,27,76,29,26,30,37,39,70,51,77,38,45,47,50,46,75,69,73,61,63,59,65,53,71,41,43,62,57,52,67,+54 MissingAxioms=0,7,8,15,16,17,18,20,24,31,34,42,48,55,58,66,78,79 TotalTime=4.7
Step=62 ResultRays= 12318 RayPairs=  10567557 NewAxiom=56 PrevAxioms=1,2,3,4,5,6,9,10,12,14,19,21,22,23,25,28,32,33,35,36,40,44,49,57,64,72,11,13,68,74,27,76,29,26,30,37,39,61,63,45,51,59,47,50,52,54,77,69,38,75,71,60,43,41,67,53,62,70,46,73,65,+56 MissingAxioms=0,7,8,15,16,17,18,20,24,31,34,42,48,55,58,66,78,79 TotalTime=3.3
Step=62 ResultRays= 12318 RayPairs=  16681525 NewAxiom=57 PrevAxioms=1,2,3,4,5,6,9,10,12,14,19,21,22,23,25,28,32,33,35,36,40,44,49,56,64,72,11,13,60,68,74,27,76,29,26,30,37,39,70,51,77,38,45,47,50,46,75,69,73,61,63,59,65,53,71,54,41,43,62,52,67,+57 MissingAxioms=0,7,8,15,16,17,18,20,24,31,34,42,48,55,58,66,78,79 TotalTime=4.8
Step=62 ResultRays= 12318 RayPairs=  19704200 NewAxiom=59 PrevAxioms=1,2,3,4,5,6,9,10,12,14,19,21,22,23,25,28,32,33,35,36,40,44,49,56,64,72,11,13,60,68,74,27,76,29,26,30,37,39,70,51,77,38,45,47,50,46,75,69,73,61,63,65,53,71,54,52,57,41,43,67,62,+59 MissingAxioms=0,7,8,15,16,17,18,20,24,31,34,42,48,55,58,66,78,79 TotalTime=4.0
Step=62 ResultRays= 12318 RayPairs=  13712688 NewAxiom=60 PrevAxioms=1,2,3,4,5,6,9,10,12,14,19,21,22,23,25,28,32,33,35,36,40,44,49,56,64,72,11,13,68,74,27,76,29,26,30,37,39,70,51,77,38,45,47,50,46,75,53,61,63,59,73,41,69,65,71,43,54,52,62,57,67,+60 MissingAxioms=0,7,8,15,16,17,18,20,24,31,34,42,48,55,58,66,78,79 TotalTime=5.1
Step=62 ResultRays= 12318 RayPairs=  12258000 NewAxiom=61 PrevAxioms=1,2,3,4,5,6,9,10,12,14,19,21,22,23,25,28,32,33,35,36,40,44,49,56,64,72,11,13,60,68,74,27,76,29,26,30,37,39,70,51,77,38,45,47,50,46,75,69,73,65,71,62,54,41,43,67,63,59,52,57,53,+61 MissingAxioms=0,7,8,15,16,17,18,20,24,31,34,42,48,55,58,66,78,79 TotalTime=3.6
Step=62 ResultRays= 12318 RayPairs=  13803354 NewAxiom=62 PrevAxioms=1,2,3,4,5,6,9,10,12,14,19,21,22,23,25,28,32,33,35,36,40,44,49,56,64,72,11,13,60,68,74,27,76,29,26,30,37,39,70,51,77,38,45,47,50,46,75,69,73,61,63,59,65,53,71,54,41,43,52,57,67,+62 MissingAxioms=0,7,8,15,16,17,18,20,24,31,34,42,48,55,58,66,78,79 TotalTime=4.8
Step=62 ResultRays= 12318 RayPairs=  12887875 NewAxiom=63 PrevAxioms=1,2,3,4,5,6,9,10,12,14,19,21,22,23,25,28,32,33,35,36,40,44,49,56,64,72,11,13,60,68,74,27,76,29,26,30,37,39,70,51,77,38,45,47,50,46,75,69,73,61,71,57,41,54,43,67,62,52,53,65,59,+63 MissingAxioms=0,7,8,15,16,17,18,20,24,31,34,42,48,55,58,66,78,79 TotalTime=3.3
Step=62 ResultRays= 12318 RayPairs=  10567557 NewAxiom=64 PrevAxioms=1,2,3,4,5,6,9,10,12,14,19,21,22,23,25,28,32,33,35,36,40,44,49,56,65,72,11,13,60,74,27,76,29,26,30,37,39,45,47,51,67,50,52,53,75,61,46,77,63,59,57,41,69,71,68,54,38,62,73,43,70,+64 MissingAxioms=0,7,8,15,16,17,18,20,24,31,34,42,48,55,58,66,78,79 TotalTime=3.1
Step=62 ResultRays= 12318 RayPairs=  16681525 NewAxiom=65 PrevAxioms=1,2,3,4,5,6,9,10,12,14,19,21,22,23,25,28,32,33,35,36,40,44,49,56,64,72,11,13,60,68,74,27,76,29,26,30,37,39,70,51,77,38,45,47,50,46,75,69,73,61,63,59,41,53,43,71,57,62,67,52,54,+65 MissingAxioms=0,7,8,15,16,17,18,20,24,31,34,42,48,55,58,66,78,79 TotalTime=4.3
Step=62 ResultRays= 12318 RayPairs=  19704200 NewAxiom=67 PrevAxioms=1,2,3,4,5,6,9,10,12,14,19,21,22,23,25,28,32,33,35,36,40,44,49,56,64,72,11,13,60,68,74,27,76,29,26,30,37,39,70,51,77,38,45,47,50,46,75,69,73,61,63,59,65,53,71,54,41,43,62,52,57,+67 MissingAxioms=0,7,8,15,16,17,18,20,24,31,34,42,48,55,58,66,78,79 TotalTime=4.8
Step=62 ResultRays= 12318 RayPairs=  13712688 NewAxiom=68 PrevAxioms=1,2,3,4,5,6,9,10,12,14,19,21,22,23,25,28,32,33,35,36,40,44,49,56,64,72,11,13,60,74,27,76,29,26,30,37,39,45,47,51,62,53,75,54,38,61,77,63,59,73,41,70,43,69,71,65,50,57,67,46,52,+68 MissingAxioms=0,7,8,15,16,17,18,20,24,31,34,42,48,55,58,66,78,79 TotalTime=4.5
Step=62 ResultRays= 12318 RayPairs=  12258000 NewAxiom=69 PrevAxioms=1,2,3,4,5,6,9,10,12,14,19,21,22,23,25,28,32,33,35,36,40,44,49,56,64,72,11,13,60,68,74,27,76,29,26,30,37,39,70,51,77,38,45,47,50,46,75,53,61,63,59,73,41,43,62,57,71,67,52,65,54,+69 MissingAxioms=0,7,8,15,16,17,18,20,24,31,34,42,48,55,58,66,78,79 TotalTime=4.1
Step=62 ResultRays= 12318 RayPairs=  13803354 NewAxiom=70 PrevAxioms=1,2,3,4,5,6,9,10,12,14,19,21,22,23,25,28,32,33,35,36,40,44,49,56,64,72,11,13,60,68,74,27,76,29,26,30,37,39,45,47,51,62,53,75,54,38,61,77,63,59,73,69,71,41,43,65,52,46,67,57,50,+70 MissingAxioms=0,7,8,15,16,17,18,20,24,31,34,42,48,55,58,66,78,79 TotalTime=4.0
Step=62 ResultRays= 12318 RayPairs=  12887875 NewAxiom=71 PrevAxioms=1,2,3,4,5,6,9,10,12,14,19,21,22,23,25,28,32,33,35,36,40,44,49,56,64,72,11,13,60,68,74,27,76,29,26,30,37,39,70,51,77,38,45,47,50,46,75,69,73,61,63,59,65,53,41,43,62,52,54,57,67,+71 MissingAxioms=0,7,8,15,16,17,18,20,24,31,34,42,48,55,58,66,78,79 TotalTime=4.2
Step=62 ResultRays= 12318 RayPairs=   5863824 NewAxiom=72 PrevAxioms=1,2,3,4,5,6,9,10,12,14,19,21,22,23,25,28,32,33,35,36,40,44,49,56,64,73,11,13,60,68,27,29,26,30,37,39,75,70,51,45,47,50,54,38,53,69,71,61,63,74,59,67,77,52,76,43,41,57,65,46,62,+72 MissingAxioms=0,7,8,15,16,17,18,20,24,31,34,42,48,55,58,66,78,79 TotalTime=3.6
Step=62 ResultRays= 12318 RayPairs=  13851006 NewAxiom=73 PrevAxioms=1,2,3,4,5,6,9,10,12,14,19,21,22,23,25,28,32,33,35,36,40,44,49,56,64,72,11,13,60,68,74,27,76,29,26,30,37,39,70,51,77,38,45,47,50,46,75,69,71,61,63,59,53,57,43,41,52,54,67,62,65,+73 MissingAxioms=0,7,8,15,16,17,18,20,24,31,34,42,48,55,58,66,78,79 TotalTime=4.1
Step=62 ResultRays= 12318 RayPairs=   9630870 NewAxiom=74 PrevAxioms=1,2,3,4,5,6,9,10,12,14,19,21,22,23,25,28,32,33,35,36,40,44,49,56,64,72,11,13,60,68,76,27,29,26,30,37,39,70,51,77,38,45,47,50,46,75,73,61,63,59,41,54,69,65,43,71,53,52,62,57,67,+74 MissingAxioms=0,7,8,15,16,17,18,20,24,31,34,42,48,55,58,66,78,79 TotalTime=5.3
Step=62 ResultRays= 12318 RayPairs=   6330324 NewAxiom=75 PrevAxioms=1,2,3,4,5,6,9,10,12,14,19,21,22,23,25,28,32,33,35,36,40,44,49,56,64,72,11,13,60,68,74,27,76,29,26,30,37,39,70,51,77,38,45,47,50,46,61,63,59,67,57,65,53,69,73,41,54,71,43,62,52,+75 MissingAxioms=0,7,8,15,16,17,18,20,24,31,34,42,48,55,58,66,78,79 TotalTime=4.1
Step=62 ResultRays= 12318 RayPairs=   9630870 NewAxiom=76 PrevAxioms=1,2,3,4,5,6,9,10,12,14,19,21,22,23,25,28,32,33,35,36,40,44,49,56,64,72,11,13,60,68,74,27,29,26,30,37,39,70,51,77,38,45,47,57,61,63,59,53,75,50,43,69,41,71,73,65,62,52,54,67,46,+76 MissingAxioms=0,7,8,15,16,17,18,20,24,31,34,42,48,55,58,66,78,79 TotalTime=5.4
Step=62 ResultRays= 12318 RayPairs=   6330324 NewAxiom=77 PrevAxioms=1,2,3,4,5,6,9,10,12,14,19,21,22,23,25,28,32,33,35,36,40,44,49,56,64,72,11,13,60,68,74,27,76,29,26,30,37,39,70,51,45,47,50,54,38,53,75,69,71,61,63,59,73,41,43,65,62,52,67,57,46,+77 MissingAxioms=0,7,8,15,16,17,18,20,24,31,34,42,48,55,58,66,78,79 TotalTime=3.5
Step=62 ########...................... Axiom72 Group0 f({3}) + f({4}) >= f({3, 4})
Step=62 #########..................... Axiom75 Group2 f({0, 1, 3}) + f({0, 1, 4}) >= f({0, 1}) + f({0, 1, 2, 3, 4})
Step=62 #########..................... Axiom77 Group2 f({0, 2, 3}) + f({0, 2, 4}) >= f({0, 2}) + f({0, 1, 2, 3, 4})
Step=62 ##########.................... Axiom27 Group2 f({0, 1, 2}) + f({1, 2, 3}) >= f({1, 2}) + f({0, 1, 2, 3, 4})
Step=62 ##########.................... Axiom51 Group2 f({0, 1, 2}) + f({1, 2, 4}) >= f({1, 2}) + f({0, 1, 2, 3, 4})
Step=62 ##############................ Axiom74 Group1 f({1, 3}) + f({1, 4}) >= f({1}) + f({1, 3, 4})
Step=62 ##############................ Axiom76 Group1 f({2, 3}) + f({2, 4}) >= f({2}) + f({2, 3, 4})
Step=62 ##############................ Axiom23 Group3 f({0, 1, 2, 3, 4}) >= f({0, 3, 4})
Step=62 ###############............... Axiom32 Group0 f({1}) + f({3}) >= f({1, 3})
Step=62 ###############............... Axiom40 Group0 f({2}) + f({3}) >= f({2, 3})
Step=62 ###############............... Axiom56 Group0 f({1}) + f({4}) >= f({1, 4})
Step=62 ###############............... Axiom64 Group0 f({2}) + f({4}) >= f({2, 4})
Step=62 ###############............... Axiom1 Group1 f({0, 2}) + f({1, 2}) >= f({2}) + f({0, 1, 2})
Step=62 ###############............... Axiom9 Group1 f({0, 1}) + f({1, 2}) >= f({1}) + f({0, 1, 2})
Step=62 ################.............. Axiom19 Group2 f({0, 1, 3}) + f({0, 2, 3}) >= f({0, 3}) + f({0, 1, 2, 3, 4})
Step=62 ################.............. Axiom21 Group2 f({0, 1, 4}) + f({0, 2, 4}) >= f({0, 1, 2, 3, 4}) + f({0, 4})
Step=62 #################............. Axiom37 Group2 f({0, 1, 4}) + f({0, 3, 4}) >= f({0, 1, 2, 3, 4}) + f({0, 4})
Step=62 #################............. Axiom45 Group2 f({0, 2, 4}) + f({0, 3, 4}) >= f({0, 1, 2, 3, 4}) + f({0, 4})
Step=62 #################............. Axiom61 Group2 f({0, 1, 3}) + f({0, 3, 4}) >= f({0, 3}) + f({0, 1, 2, 3, 4})
Step=62 #################............. Axiom69 Group2 f({0, 2, 3}) + f({0, 3, 4}) >= f({0, 3}) + f({0, 1, 2, 3, 4})
Step=62 ##################............ Axiom22 Group2 f({1, 3, 4}) + f({2, 3, 4}) >= f({0, 1, 2, 3, 4}) + f({3, 4})
Step=62 ##################............ Axiom39 Group3 f({0, 1, 2, 3, 4}) >= f({0, 2, 4})
Step=62 ##################............ Axiom47 Group3 f({0, 1, 2, 3, 4}) >= f({0, 1, 4})
Step=62 ##################............ Axiom63 Group3 f({0, 1, 2, 3, 4}) >= f({0, 2, 3})
Step=62 ##################............ Axiom71 Group3 f({0, 1, 2, 3, 4}) >= f({0, 1, 3})
Step=62 ###################........... Axiom28 Group1 f({0, 4}) + f({3, 4}) >= f({4}) + f({0, 3, 4})
Step=62 ###################........... Axiom52 Group1 f({0, 3}) + f({3, 4}) >= f({3}) + f({0, 3, 4})
Step=62 ###################........... Axiom36 Group1 f({1, 4}) + f({3, 4}) >= f({4}) + f({1, 3, 4})
Step=62 ###################........... Axiom44 Group1 f({2, 4}) + f({3, 4}) >= f({4}) + f({2, 3, 4})
Step=62 ###################........... Axiom60 Group1 f({1, 3}) + f({3, 4}) >= f({3}) + f({1, 3, 4})
Step=62 ###################........... Axiom68 Group1 f({2, 3}) + f({3, 4}) >= f({3}) + f({2, 3, 4})
Step=62 ###################........... Axiom38 Group2 f({1, 2, 4}) + f({2, 3, 4}) >= f({0, 1, 2, 3, 4}) + f({2, 4})
Step=62 ###################........... Axiom46 Group2 f({1, 2, 4}) + f({1, 3, 4}) >= f({0, 1, 2, 3, 4}) + f({1, 4})
Step=62 ###################........... Axiom62 Group2 f({1, 2, 3}) + f({2, 3, 4}) >= f({2, 3}) + f({0, 1, 2, 3, 4})
Step=62 ###################........... Axiom70 Group2 f({1, 2, 3}) + f({1, 3, 4}) >= f({1, 3}) + f({0, 1, 2, 3, 4})
Step=62 ####################.......... Axiom73 Group1 f({0, 3}) + f({0, 4}) >= f({0}) + f({0, 3, 4})
Step=62 ####################.......... Axiom2 Group1 f({0, 3}) + f({1, 3}) >= f({3}) + f({0, 1, 3})
Step=62 ####################.......... Axiom4 Group1 f({0, 4}) + f({1, 4}) >= f({4}) + f({0, 1, 4})
Step=62 ####################.......... Axiom10 Group1 f({0, 3}) + f({2, 3}) >= f({3}) + f({0, 2, 3})
Step=62 ####################.......... Axiom12 Group1 f({0, 4}) + f({2, 4}) >= f({4}) + f({0, 2, 4})
Step=62 ####################.......... Axiom6 Group2 f({0, 3, 4}) + f({1, 3, 4}) >= f({0, 1, 2, 3, 4}) + f({3, 4})
Step=62 ####################.......... Axiom14 Group2 f({0, 3, 4}) + f({2, 3, 4}) >= f({0, 1, 2, 3, 4}) + f({3, 4})
Step=62 ####################.......... Axiom29 Group2 f({0, 1, 4}) + f({1, 3, 4}) >= f({0, 1, 2, 3, 4}) + f({1, 4})
Step=62 ####################.......... Axiom30 Group2 f({0, 2, 4}) + f({2, 3, 4}) >= f({0, 1, 2, 3, 4}) + f({2, 4})
Step=62 ####################.......... Axiom53 Group2 f({0, 1, 3}) + f({1, 3, 4}) >= f({1, 3}) + f({0, 1, 2, 3, 4})
Step=62 ####################.......... Axiom54 Group2 f({0, 2, 3}) + f({2, 3, 4}) >= f({2, 3}) + f({0, 1, 2, 3, 4})
Step=62 ########################...... Axiom33 Group1 f({0, 1}) + f({0, 3}) >= f({0}) + f({0, 1, 3})
Step=62 ########################...... Axiom41 Group1 f({0, 2}) + f({0, 3}) >= f({0}) + f({0, 2, 3})
Step=62 ########################...... Axiom57 Group1 f({0, 1}) + f({0, 4}) >= f({0}) + f({0, 1, 4})
Step=62 ########################...... Axiom65 Group1 f({0, 2}) + f({0, 4}) >= f({0}) + f({0, 2, 4})
Step=62 ###########################... Axiom25 Group1 f({0, 1}) + f({1, 3}) >= f({1}) + f({0, 1, 3})
Step=62 ###########################... Axiom26 Group1 f({0, 2}) + f({2, 3}) >= f({2}) + f({0, 2, 3})
Step=62 ###########################... Axiom49 Group1 f({0, 1}) + f({1, 4}) >= f({1}) + f({0, 1, 4})
Step=62 ###########################... Axiom50 Group1 f({0, 2}) + f({2, 4}) >= f({2}) + f({0, 2, 4})
Step=62 ############################.. Axiom35 Group2 f({0, 1, 2}) + f({0, 2, 3}) >= f({0, 2}) + f({0, 1, 2, 3, 4})
Step=62 ############################.. Axiom43 Group2 f({0, 1, 2}) + f({0, 1, 3}) >= f({0, 1}) + f({0, 1, 2, 3, 4})
Step=62 ############################.. Axiom59 Group2 f({0, 1, 2}) + f({0, 2, 4}) >= f({0, 2}) + f({0, 1, 2, 3, 4})
Step=62 ############################.. Axiom67 Group2 f({0, 1, 2}) + f({0, 1, 4}) >= f({0, 1}) + f({0, 1, 2, 3, 4})
Step=62 ############################## Axiom3 Group2 f({0, 2, 3}) + f({1, 2, 3}) >= f({2, 3}) + f({0, 1, 2, 3, 4})
Step=62 ############################## Axiom5 Group2 f({0, 2, 4}) + f({1, 2, 4}) >= f({0, 1, 2, 3, 4}) + f({2, 4})
Step=62 ############################## Axiom11 Group2 f({0, 1, 3}) + f({1, 2, 3}) >= f({1, 3}) + f({0, 1, 2, 3, 4})
Step=62 ############################## Axiom13 Group2 f({0, 1, 4}) + f({1, 2, 4}) >= f({0, 1, 2, 3, 4}) + f({1, 4})
