Step=63 ResultRays= 19930 RayPairs=  30809328 NewAxiom=1 PrevAxioms=2,3,4,5,6,9,10,12,14,19,21,22,23,25,26,28,32,33,35,36,40,44,49,56,64,72,11,13,60,68,74,27,76,29,30,37,39,77,51,70,53,75,69,57,71,61,63,59,45,52,47,43,73,54,50,38,67,41,78,65,62,46,+1 MissingAxioms=0,7,8,15,16,17,18,20,24,31,34,42,48,55,58,66,79 TotalTime=6.3
Step=63 ResultRays= 19930 RayPairs=  42793184 NewAxiom=2 PrevAxioms=1,3,4,5,6,9,10,11,12,14,19,21,22,23,25,28,32,33,35,36,40,44,49,56,64,72,13,27,60,68,74,26,69,29,71,76,37,39,51,50,70,62,53,75,30,45,47,78,73,54,61,77,52,63,59,67,57,65,43,46,41,38,+2 MissingAxioms=0,7,8,15,16,17,18,20,24,31,34,42,48,55,58,66,79 TotalTime=8.6
Step=63 ResultRays= 19930 RayPairs=  53946960 NewAxiom=3 PrevAxioms=1,2,4,5,6,9,10,11,12,14,19,21,22,23,25,28,32,33,35,36,40,44,49,56,64,72,13,27,60,68,74,61,69,63,76,30,45,47,51,50,57,37,39,59,67,53,46,75,65,52,26,54,71,77,43,78,38,70,73,29,41,62,+3 MissingAxioms=0,7,8,15,16,17,18,20,24,31,34,42,48,55,58,66,79 TotalTime=7.1
Step=63 ResultRays= 19930 RayPairs=  42793184 NewAxiom=4 PrevAxioms=1,2,3,5,6,9,10,12,13,14,19,21,22,23,25,28,32,33,35,36,40,44,49,56,64,72,11,30,45,51,60,74,47,50,68,76,27,61,63,26,54,77,62,52,69,71,41,43,73,29,67,65,37,75,57,39,38,78,46,53,59,70,+4 MissingAxioms=0,7,8,15,16,17,18,20,24,31,34,42,48,55,58,66,79 TotalTime=5.8
Step=63 ResultRays= 19930 RayPairs=  53946960 NewAxiom=5 PrevAxioms=1,2,3,4,6,9,10,12,13,14,19,21,22,23,25,28,32,33,35,36,40,44,49,56,64,72,11,29,37,45,51,30,39,68,76,27,60,74,26,47,52,46,77,57,62,38,78,61,75,73,63,70,41,59,69,53,65,67,71,54,43,50,+5 MissingAxioms=0,7,8,15,16,17,18,20,24,31,34,42,48,55,58,66,79 TotalTime=9.7
Step=63 ResultRays= 19930 RayPairs=  36247260 NewAxiom=6 PrevAxioms=1,2,3,4,5,9,10,12,14,19,21,22,23,25,28,29,32,33,35,36,40,44,49,56,64,72,11,13,37,68,76,27,39,60,74,26,45,47,51,62,50,53,75,73,30,46,38,78,69,71,54,41,77,43,67,59,52,61,63,65,57,70,+6 MissingAxioms=0,7,8,15,16,17,18,20,24,31,34,42,48,55,58,66,79 TotalTime=9.7
Step=63 ResultRays= 19930 RayPairs=  30809328 NewAxiom=9 PrevAxioms=1,2,3,4,5,6,10,12,14,19,21,22,23,25,26,28,32,33,35,36,40,44,49,56,64,72,11,13,60,68,74,27,76,29,53,75,69,71,37,39,30,77,73,70,62,52,61,45,47,41,43,67,46,63,57,65,50,51,78,54,59,38,+9 MissingAxioms=0,7,8,15,16,17,18,20,24,31,34,42,48,55,58,66,79 TotalTime=5.6
Step=63 ResultRays= 19930 RayPairs=  42793184 NewAxiom=10 PrevAxioms=1,2,3,4,5,6,9,11,12,14,19,21,22,23,25,28,32,33,35,36,40,44,49,56,64,72,13,27,60,68,74,26,61,76,30,63,45,47,51,50,57,37,39,59,54,77,46,67,62,29,53,75,73,78,41,70,69,52,71,65,43,38,+10 MissingAxioms=0,7,8,15,16,17,18,20,24,31,34,42,48,55,58,66,79 TotalTime=8.6
Step=63 ResultRays= 19930 RayPairs=  53946960 NewAxiom=11 PrevAxioms=1,2,3,4,5,6,9,10,12,14,19,21,22,23,25,28,32,33,35,36,40,44,49,56,64,72,13,60,68,74,51,61,69,63,76,50,73,46,62,71,26,41,43,27,70,30,54,77,45,65,37,39,59,78,47,75,29,53,52,67,57,38,+11 MissingAxioms=0,7,8,15,16,17,18,20,24,31,34,42,48,55,58,66,79 TotalTime=9.9
Step=63 ResultRays= 19930 RayPairs=  42793184 NewAxiom=12 PrevAxioms=1,2,3,4,5,6,9,10,13,14,19,21,22,23,25,28,32,33,35,36,40,44,49,56,64,72,11,29,37,51,68,76,39,50,60,74,27,26,69,71,53,75,70,73,61,63,59,41,43,30,57,45,77,65,47,62,78,46,52,54,38,67,+12 MissingAxioms=0,7,8,15,16,17,18,20,24,31,34,42,48,55,58,66,79 TotalTime=6.9
Step=63 ResultRays= 19930 RayPairs=  53946960 NewAxiom=13 PrevAxioms=1,2,3,4,5,6,9,10,12,14,19,21,22,23,25,28,32,33,35,36,40,44,49,56,64,72,11,29,37,45,27,30,39,68,76,26,60,74,38,47,70,53,75,78,46,69,52,61,71,63,73,77,50,59,65,54,51,67,57,43,41,62,+13 MissingAxioms=0,7,8,15,16,17,18,20,24,31,34,42,48,55,58,66,79 TotalTime=10.5
Step=63 ResultRays= 19930 RayPairs=  36247260 NewAxiom=14 PrevAxioms=1,2,3,4,5,6,9,10,12,19,21,22,23,25,28,30,32,33,35,36,40,44,49,56,64,72,11,13,45,60,74,27,47,68,76,26,37,51,39,70,50,54,77,29,38,53,75,78,73,62,61,63,57,69,41,59,52,43,71,67,65,46,+14 MissingAxioms=0,7,8,15,16,17,18,20,24,31,34,42,48,55,58,66,79 TotalTime=8.4
Step=63 ResultRays= 19930 RayPairs=  26923854 NewAxiom=19 PrevAxioms=1,2,3,4,5,6,9,10,12,14,21,22,23,25,28,32,33,35,36,40,44,49,56,59,64,72,11,13,60,68,74,27,76,29,26,30,37,39,63,45,47,51,50,52,54,77,69,62,53,75,70,61,73,65,78,71,46,43,41,57,67,38,+19 MissingAxioms=0,7,8,15,16,17,18,20,24,31,34,42,48,55,58,66,79 TotalTime=7.9
Step=63 ResultRays= 19930 RayPairs=  26923854 NewAxiom=21 PrevAxioms=1,2,3,4,5,6,9,10,12,14,19,22,23,25,28,32,33,35,36,38,40,44,49,56,64,72,11,13,46,27,60,74,29,68,76,26,30,51,37,70,53,75,47,78,54,52,69,61,63,73,57,45,50,77,41,43,39,59,71,67,65,62,+21 MissingAxioms=0,7,8,15,16,17,18,20,24,31,34,42,48,55,58,66,79 TotalTime=8.3
Step=63 ResultRays= 19930 RayPairs=  33044721 NewAxiom=22 PrevAxioms=1,2,3,4,5,6,9,10,12,14,19,21,23,25,28,32,33,35,36,38,40,44,49,56,64,72,11,13,46,27,60,74,29,68,76,26,30,51,37,39,53,78,54,52,69,71,75,61,63,45,50,47,77,59,73,65,62,41,43,67,57,70,+22 MissingAxioms=0,7,8,15,16,17,18,20,24,31,34,42,48,55,58,66,79 TotalTime=6.3
Step=63 ResultRays= 19930 RayPairs=  26733694 NewAxiom=23 PrevAxioms=1,2,3,4,5,6,9,10,12,14,19,21,22,25,28,32,33,35,36,39,40,44,49,56,64,72,11,13,60,68,74,27,76,29,26,30,37,70,53,75,69,73,62,71,45,78,61,52,47,51,50,77,65,41,43,67,46,57,54,59,63,38,+23 MissingAxioms=0,7,8,15,16,17,18,20,24,31,34,42,48,55,58,66,79 TotalTime=9.6
Step=63 ResultRays= 19930 RayPairs=  49285128 NewAxiom=25 PrevAxioms=1,2,3,4,5,6,9,10,12,14,19,21,22,23,26,28,32,33,35,36,40,44,49,56,64,72,11,13,60,68,74,27,51,76,29,37,39,69,71,50,30,45,47,54,77,38,57,61,63,75,73,59,41,78,70,43,67,65,53,46,62,52,+25 MissingAxioms=0,7,8,15,16,17,18,20,24,31,34,42,48,55,58,66,79 TotalTime=8.8
Step=63 ResultRays= 19930 RayPairs=  49285128 NewAxiom=26 PrevAxioms=1,2,3,4,5,6,9,10,12,14,19,21,22,23,25,28,32,33,35,36,40,44,49,56,64,72,11,13,60,68,74,27,76,29,30,37,39,70,53,69,75,71,73,61,63,59,45,78,47,51,50,57,67,43,77,41,62,38,65,52,54,46,+26 MissingAxioms=0,7,8,15,16,17,18,20,24,31,34,42,48,55,58,66,79 TotalTime=8.3
Step=63 ResultRays= 19930 RayPairs=  28806140 NewAxiom=27 PrevAxioms=1,2,3,4,5,6,9,10,12,14,19,21,22,23,25,28,32,33,35,36,40,44,49,56,64,72,11,13,60,68,74,51,76,29,53,69,71,37,39,50,70,30,75,73,62,61,63,78,45,47,57,26,59,46,77,65,54,67,52,43,41,38,+27 MissingAxioms=0,7,8,15,16,17,18,20,24,31,34,42,48,55,58,66,79 TotalTime=7.9
Step=63 ResultRays= 19930 RayPairs=  36740129 NewAxiom=28 PrevAxioms=1,2,3,4,5,6,9,10,12,14,19,21,22,23,25,29,32,33,35,36,40,44,49,56,64,72,11,13,53,60,68,74,75,52,76,27,45,47,61,63,46,54,26,69,71,78,51,50,70,62,38,67,30,77,37,57,39,73,41,43,59,65,+28 MissingAxioms=0,7,8,15,16,17,18,20,24,31,34,42,48,55,58,66,79 TotalTime=8.0
Step=63 ResultRays= 19930 RayPairs=  39548016 NewAxiom=29 PrevAxioms=1,2,3,4,5,6,9,10,12,14,19,21,22,23,25,28,32,33,35,36,40,44,49,56,64,72,11,13,60,68,74,27,76,30,26,45,47,61,63,51,50,54,62,77,57,37,39,59,69,52,71,75,67,65,43,53,46,73,78,41,38,70,+29 MissingAxioms=0,7,8,15,16,17,18,20,24,31,34,42,48,55,58,66,79 TotalTime=6.0
Step=63 ResultRays= 19930 RayPairs=  39548016 NewAxiom=30 PrevAxioms=1,2,3,4,5,6,9,10,12,14,19,21,22,23,25,28,32,33,35,36,40,44,49,56,64,72,11,13,60,68,74,27,76,29,26,37,39,51,70,53,75,69,71,73,61,63,59,41,43,50,57,45,65,77,47,62,78,38,67,52,54,46,+30 MissingAxioms=0,7,8,15,16,17,18,20,24,31,34,42,48,55,58,66,79 TotalTime=6.3
Step=63 ResultRays= 19930 RayPairs=  28665220 NewAxiom=32 PrevAxioms=1,2,3,4,5,6,9,10,12,14,19,21,22,23,25,28,33,35,36,40,41,44,49,56,64,72,11,13,43,68,76,27,29,37,39,26,30,45,47,51,70,50,54,77,75,46,69,73,71,53,74,60,62,61,63,59,65,78,52,38,67,57,+32 MissingAxioms=0,7,8,15,16,17,18,20,24,31,34,42,48,55,58,66,79 TotalTime=5.7
Step=63 ResultRays= 19930 RayPairs=  44715780 NewAxiom=33 PrevAxioms=1,2,3,4,5,6,9,10,12,14,19,21,22,23,25,28,32,35,36,40,41,44,49,56,64,72,11,13,60,68,74,27,76,29,26,30,37,39,70,51,77,38,45,47,78,50,73,75,69,71,61,63,59,57,53,52,54,65,67,43,62,46,+33 MissingAxioms=0,7,8,15,16,17,18,20,24,31,34,42,48,55,58,66,79 TotalTime=9.4
Step=63 ResultRays= 19930 RayPairs=  51924114 NewAxiom=35 PrevAxioms=1,2,3,4,5,6,9,10,12,14,19,21,22,23,25,28,32,33,36,40,43,44,49,56,64,72,11,13,60,68,74,27,76,29,26,30,37,39,70,51,77,38,45,47,50,46,78,61,63,54,57,69,52,75,73,53,41,71,67,62,59,65,+35 MissingAxioms=0,7,8,15,16,17,18,20,24,31,34,42,48,55,58,66,79 TotalTime=8.3
Step=63 ResultRays= 19930 RayPairs=  34606110 NewAxiom=36 PrevAxioms=1,2,3,4,5,6,9,10,12,14,19,21,22,23,25,28,32,33,35,37,40,44,49,56,64,72,11,13,39,68,76,27,29,26,30,45,47,38,51,78,57,61,63,77,60,74,59,50,65,67,75,54,69,52,71,53,43,70,73,41,62,46,+36 MissingAxioms=0,7,8,15,16,17,18,20,24,31,34,42,48,55,58,66,79 TotalTime=10.0
Step=63 ResultRays= 19930 RayPairs=  34318056 NewAxiom=37 PrevAxioms=1,2,3,4,5,6,9,10,12,14,19,21,22,23,25,28,32,33,35,36,40,44,49,56,64,72,11,13,60,68,74,27,76,29,26,30,45,47,62,53,75,46,50,54,77,38,51,78,61,69,71,63,52,73,65,39,59,41,43,67,57,70,+37 MissingAxioms=0,7,8,15,16,17,18,20,24,31,34,42,48,55,58,66,79 TotalTime=8.6
Step=63 ResultRays= 19930 RayPairs=  44419512 NewAxiom=38 PrevAxioms=1,2,3,4,5,6,9,10,12,14,19,21,22,23,25,28,32,33,35,36,40,44,49,56,64,72,11,13,60,68,74,27,76,29,26,30,37,39,70,51,77,57,61,63,59,53,75,45,47,50,69,43,71,73,62,78,41,65,46,54,52,67,+38 MissingAxioms=0,7,8,15,16,17,18,20,24,31,34,42,48,55,58,66,79 TotalTime=7.3
Step=63 ResultRays= 19930 RayPairs=  31792528 NewAxiom=39 PrevAxioms=1,2,3,4,5,6,9,10,12,14,19,21,22,23,25,28,32,33,35,36,40,44,49,56,64,72,11,13,60,68,74,27,76,29,26,30,37,70,53,75,69,71,73,62,52,61,43,41,57,63,77,47,67,65,51,45,78,54,50,46,38,59,+39 MissingAxioms=0,7,8,15,16,17,18,20,24,31,34,42,48,55,58,66,79 TotalTime=6.1
Step=63 ResultRays= 19930 RayPairs=  28665220 NewAxiom=40 PrevAxioms=1,2,3,4,5,6,9,10,12,14,19,21,22,23,25,28,32,33,35,36,41,44,49,56,64,72,11,13,43,60,74,27,29,26,30,45,47,37,39,51,62,53,75,77,54,61,63,59,38,73,76,68,70,69,71,65,78,52,57,67,46,50,+40 MissingAxioms=0,7,8,15,16,17,18,20,24,31,34,42,48,55,58,66,79 TotalTime=6.1
Step=63 ResultRays= 19930 RayPairs=  44715780 NewAxiom=41 PrevAxioms=1,2,3,4,5,6,9,10,12,14,19,21,22,23,25,28,32,33,35,36,40,44,49,56,64,72,11,13,60,68,74,27,76,29,26,30,37,39,70,51,77,38,45,47,78,57,61,63,53,75,50,69,73,65,59,67,43,71,54,52,46,62,+41 MissingAxioms=0,7,8,15,16,17,18,20,24,31,34,42,48,55,58,66,79 TotalTime=10.9
Step=63 ResultRays= 19930 RayPairs=  51924114 NewAxiom=43 PrevAxioms=1,2,3,4,5,6,9,10,12,14,19,21,22,23,25,28,32,33,35,36,40,44,49,56,64,72,11,13,60,68,74,27,76,29,26,30,37,39,70,51,77,38,45,47,78,57,61,63,53,75,50,69,73,65,59,67,41,46,54,71,62,52,+43 MissingAxioms=0,7,8,15,16,17,18,20,24,31,34,42,48,55,58,66,79 TotalTime=10.2
Step=63 ResultRays= 19930 RayPairs=  34606110 NewAxiom=44 PrevAxioms=1,2,3,4,5,6,9,10,12,14,19,21,22,23,25,28,32,33,35,36,40,45,49,56,64,72,11,13,47,60,74,27,29,26,30,37,39,46,51,61,63,41,43,59,54,75,52,50,38,78,57,76,68,69,71,77,67,53,70,73,65,62,+44 MissingAxioms=0,7,8,15,16,17,18,20,24,31,34,42,48,55,58,66,79 TotalTime=7.5
Step=63 ResultRays= 19930 RayPairs=  34318056 NewAxiom=45 PrevAxioms=1,2,3,4,5,6,9,10,12,14,19,21,22,23,25,28,32,33,35,36,40,44,49,56,64,72,11,13,60,68,74,27,76,29,26,30,37,39,70,51,77,38,78,57,61,63,53,75,73,47,50,69,65,59,67,43,71,54,52,46,62,41,+45 MissingAxioms=0,7,8,15,16,17,18,20,24,31,34,42,48,55,58,66,79 TotalTime=11.0
Step=63 ResultRays= 19930 RayPairs=  44419512 NewAxiom=46 PrevAxioms=1,2,3,4,5,6,9,10,12,14,19,21,22,23,25,28,32,33,35,36,40,44,49,56,64,72,11,13,60,68,74,27,76,29,26,30,37,39,70,51,77,38,45,47,78,57,61,63,53,75,50,69,73,65,59,67,41,43,71,54,62,52,+46 MissingAxioms=0,7,8,15,16,17,18,20,24,31,34,42,48,55,58,66,79 TotalTime=10.0
Step=63 ResultRays= 19930 RayPairs=  31792528 NewAxiom=47 PrevAxioms=1,2,3,4,5,6,9,10,12,14,19,21,22,23,25,28,32,33,35,36,40,44,49,56,64,72,11,13,60,68,74,27,76,29,26,30,37,39,70,51,77,38,45,78,50,67,61,63,57,53,75,62,46,69,71,73,41,43,59,65,52,54,+47 MissingAxioms=0,7,8,15,16,17,18,20,24,31,34,42,48,55,58,66,79 TotalTime=9.2
Step=63 ResultRays= 19930 RayPairs=  49285128 NewAxiom=49 PrevAxioms=1,2,3,4,5,6,9,10,12,14,19,21,22,23,25,28,32,33,35,36,40,44,50,56,64,72,11,13,60,68,74,27,51,76,30,45,47,61,63,26,54,77,62,69,71,41,43,29,67,52,65,37,39,75,59,78,53,46,73,57,70,38,+49 MissingAxioms=0,7,8,15,16,17,18,20,24,31,34,42,48,55,58,66,79 TotalTime=7.1
Step=63 ResultRays= 19930 RayPairs=  49285128 NewAxiom=50 PrevAxioms=1,2,3,4,5,6,9,10,12,14,19,21,22,23,25,28,32,33,35,36,40,44,49,56,64,72,11,13,60,68,74,27,76,29,26,30,37,39,70,51,77,38,45,47,78,57,61,63,53,75,52,69,73,65,54,59,67,41,43,71,62,46,+50 MissingAxioms=0,7,8,15,16,17,18,20,24,31,34,42,48,55,58,66,79 TotalTime=10.0
Step=63 ResultRays= 19930 RayPairs=  28806140 NewAxiom=51 PrevAxioms=1,2,3,4,5,6,9,10,12,14,19,21,22,23,25,28,32,33,35,36,40,44,49,56,64,72,11,13,60,68,74,27,76,29,26,30,37,39,70,53,69,75,71,73,62,52,61,43,41,63,45,65,77,47,59,38,78,54,67,50,57,46,+51 MissingAxioms=0,7,8,15,16,17,18,20,24,31,34,42,48,55,58,66,79 TotalTime=6.0
Step=63 ResultRays= 19930 RayPairs=  36740129 NewAxiom=52 PrevAxioms=1,2,3,4,5,6,9,10,12,14,19,21,22,23,25,28,32,33,35,36,40,44,49,56,64,72,11,13,60,68,74,27,76,29,26,30,37,39,70,51,77,38,45,47,78,57,61,63,53,75,50,69,73,65,59,67,41,43,71,54,62,46,+52 MissingAxioms=0,7,8,15,16,17,18,20,24,31,34,42,48,55,58,66,79 TotalTime=10.1
Step=63 ResultRays= 19930 RayPairs=  39548016 NewAxiom=53 PrevAxioms=1,2,3,4,5,6,9,10,12,14,19,21,22,23,25,28,32,33,35,36,40,44,49,56,64,72,11,13,60,68,74,27,76,29,26,30,37,39,70,51,77,38,45,47,78,57,61,63,50,75,69,54,52,59,73,41,43,71,67,65,62,46,+53 MissingAxioms=0,7,8,15,16,17,18,20,24,31,34,42,48,55,58,66,79 TotalTime=10.4
Step=63 ResultRays= 19930 RayPairs=  39548016 NewAxiom=54 PrevAxioms=1,2,3,4,5,6,9,10,12,14,19,21,22,23,25,28,32,33,35,36,40,44,49,56,64,72,11,13,60,68,74,27,76,29,26,30,37,39,70,51,77,38,45,47,78,57,61,63,53,75,50,69,73,65,59,67,41,43,71,62,52,46,+54 MissingAxioms=0,7,8,15,16,17,18,20,24,31,34,42,48,55,58,66,79 TotalTime=10.3
Step=63 ResultRays= 19930 RayPairs=  28665220 NewAxiom=56 PrevAxioms=1,2,3,4,5,6,9,10,12,14,19,21,22,23,25,28,32,33,35,36,40,44,49,57,64,72,11,13,68,74,27,76,29,26,30,37,39,61,63,45,51,59,47,50,52,54,77,69,38,75,71,60,43,41,67,53,62,70,78,46,73,65,+56 MissingAxioms=0,7,8,15,16,17,18,20,24,31,34,42,48,55,58,66,79 TotalTime=4.9
Step=63 ResultRays= 19930 RayPairs=  44715780 NewAxiom=57 PrevAxioms=1,2,3,4,5,6,9,10,12,14,19,21,22,23,25,28,32,33,35,36,40,44,49,56,64,72,11,13,60,68,74,27,76,29,26,30,37,39,70,51,77,38,45,47,78,50,67,61,63,59,54,52,69,71,75,73,41,43,65,53,62,46,+57 MissingAxioms=0,7,8,15,16,17,18,20,24,31,34,42,48,55,58,66,79 TotalTime=9.1
Step=63 ResultRays= 19930 RayPairs=  51924114 NewAxiom=59 PrevAxioms=1,2,3,4,5,6,9,10,12,14,19,21,22,23,25,28,32,33,35,36,40,44,49,56,64,72,11,13,60,68,74,27,76,29,26,30,37,39,70,51,77,38,45,47,78,57,61,63,53,75,50,69,73,65,41,43,71,67,54,62,52,46,+59 MissingAxioms=0,7,8,15,16,17,18,20,24,31,34,42,48,55,58,66,79 TotalTime=10.4
Step=63 ResultRays= 19930 RayPairs=  34606110 NewAxiom=60 PrevAxioms=1,2,3,4,5,6,9,10,12,14,19,21,22,23,25,28,32,33,35,36,40,44,49,56,64,72,11,13,68,74,27,76,29,26,30,37,39,70,51,77,38,45,47,78,50,67,59,63,61,57,65,54,52,69,75,71,43,73,53,41,46,62,+60 MissingAxioms=0,7,8,15,16,17,18,20,24,31,34,42,48,55,58,66,79 TotalTime=10.4
Step=63 ResultRays= 19930 RayPairs=  34318056 NewAxiom=61 PrevAxioms=1,2,3,4,5,6,9,10,12,14,19,21,22,23,25,28,32,33,35,36,40,44,49,56,64,72,11,13,60,68,74,27,76,29,26,30,37,39,70,51,77,38,45,47,78,57,53,75,50,59,63,69,43,41,62,52,73,65,67,71,54,46,+61 MissingAxioms=0,7,8,15,16,17,18,20,24,31,34,42,48,55,58,66,79 TotalTime=10.6
Step=63 ResultRays= 19930 RayPairs=  44419512 NewAxiom=62 PrevAxioms=1,2,3,4,5,6,9,10,12,14,19,21,22,23,25,28,32,33,35,36,40,44,49,56,64,72,11,13,60,68,74,27,76,29,26,30,37,39,70,51,77,38,45,47,78,57,61,63,53,75,50,69,73,65,59,67,41,43,71,54,52,46,+62 MissingAxioms=0,7,8,15,16,17,18,20,24,31,34,42,48,55,58,66,79 TotalTime=10.4
Step=63 ResultRays= 19930 RayPairs=  31792528 NewAxiom=63 PrevAxioms=1,2,3,4,5,6,9,10,12,14,19,21,22,23,25,28,32,33,35,36,40,44,49,56,64,72,11,13,60,68,74,27,76,29,26,30,37,39,70,51,77,38,45,47,78,57,61,50,65,53,75,46,59,67,52,69,71,54,41,73,43,62,+63 MissingAxioms=0,7,8,15,16,17,18,20,24,31,34,42,48,55,58,66,79 TotalTime=7.4
Step=63 ResultRays= 19930 RayPairs=  28665220 NewAxiom=64 PrevAxioms=1,2,3,4,5,6,9,10,12,14,19,21,22,23,25,28,32,33,35,36,40,44,49,56,65,72,11,13,60,74,27,76,29,26,30,37,39,45,47,51,67,50,52,53,75,61,46,77,63,59,57,41,69,71,68,54,38,62,78,73,43,70,+64 MissingAxioms=0,7,8,15,16,17,18,20,24,31,34,42,48,55,58,66,79 TotalTime=4.7
Step=63 ResultRays= 19930 RayPairs=  44715780 NewAxiom=65 PrevAxioms=1,2,3,4,5,6,9,10,12,14,19,21,22,23,25,28,32,33,35,36,40,44,49,56,64,72,11,13,60,68,74,27,76,29,26,30,37,39,70,51,77,38,45,47,78,57,61,63,53,75,50,69,73,41,43,59,62,71,67,52,46,54,+65 MissingAxioms=0,7,8,15,16,17,18,20,24,31,34,42,48,55,58,66,79 TotalTime=10.8
Step=63 ResultRays= 19930 RayPairs=  51924114 NewAxiom=67 PrevAxioms=1,2,3,4,5,6,9,10,12,14,19,21,22,23,25,28,32,33,35,36,40,44,49,56,64,72,11,13,60,68,74,27,76,29,26,30,37,39,70,51,77,38,45,47,78,57,61,63,53,75,50,69,73,65,59,41,43,71,54,62,52,46,+67 MissingAxioms=0,7,8,15,16,17,18,20,24,31,34,42,48,55,58,66,79 TotalTime=10.5
Step=63 ResultRays= 19930 RayPairs=  34606110 NewAxiom=68 PrevAxioms=1,2,3,4,5,6,9,10,12,14,19,21,22,23,25,28,32,33,35,36,40,44,49,56,64,72,11,13,60,74,27,76,29,26,30,37,39,45,47,51,62,53,75,54,38,78,61,63,73,77,69,71,50,65,46,59,41,43,67,57,70,52,+68 MissingAxioms=0,7,8,15,16,17,18,20,24,31,34,42,48,55,58,66,79 TotalTime=8.9
Step=63 ResultRays= 19930 RayPairs=  34318056 NewAxiom=69 PrevAxioms=1,2,3,4,5,6,9,10,12,14,19,21,22,23,25,28,32,33,35,36,40,44,49,56,64,72,11,13,60,68,74,27,76,29,26,30,37,39,70,51,77,38,45,47,78,57,61,63,53,75,50,73,41,59,43,67,71,62,52,65,54,46,+69 MissingAxioms=0,7,8,15,16,17,18,20,24,31,34,42,48,55,58,66,79 TotalTime=9.9
Step=63 ResultRays= 19930 RayPairs=  44419512 NewAxiom=70 PrevAxioms=1,2,3,4,5,6,9,10,12,14,19,21,22,23,25,28,32,33,35,36,40,44,49,56,64,72,11,13,60,68,74,27,76,29,26,30,37,39,45,47,51,62,53,75,54,38,78,61,63,73,69,71,46,52,77,50,65,59,41,43,67,57,+70 MissingAxioms=0,7,8,15,16,17,18,20,24,31,34,42,48,55,58,66,79 TotalTime=7.9
Step=63 ResultRays= 19930 RayPairs=  31792528 NewAxiom=71 PrevAxioms=1,2,3,4,5,6,9,10,12,14,19,21,22,23,25,28,32,33,35,36,40,44,49,56,64,72,11,13,60,68,74,27,76,29,26,30,37,39,70,51,77,38,45,47,78,57,61,63,53,75,50,69,73,65,59,67,41,43,54,52,46,62,+71 MissingAxioms=0,7,8,15,16,17,18,20,24,31,34,42,48,55,58,66,79 TotalTime=10.1
Step=63 ResultRays= 19930 RayPairs=  20498200 NewAxiom=72 PrevAxioms=1,2,3,4,5,6,9,10,12,14,19,21,22,23,25,28,32,33,35,36,40,44,49,56,64,73,11,13,60,68,27,29,26,30,37,39,75,70,51,45,47,50,54,38,53,69,71,61,63,74,59,67,77,52,76,43,41,57,78,65,46,62,+72 MissingAxioms=0,7,8,15,16,17,18,20,24,31,34,42,48,55,58,66,79 TotalTime=5.3
Step=63 ResultRays= 19930 RayPairs=  33903828 NewAxiom=73 PrevAxioms=1,2,3,4,5,6,9,10,12,14,19,21,22,23,25,28,32,33,35,36,40,44,49,56,64,72,11,13,60,68,74,27,76,29,26,30,37,39,70,51,77,38,45,47,78,57,61,63,53,75,50,69,41,43,71,67,52,54,59,65,46,62,+73 MissingAxioms=0,7,8,15,16,17,18,20,24,31,34,42,48,55,58,66,79 TotalTime=10.8
Step=63 ResultRays= 19930 RayPairs=  33228338 NewAxiom=74 PrevAxioms=1,2,3,4,5,6,9,10,12,14,19,21,22,23,25,28,32,33,35,36,40,44,49,56,64,72,11,13,60,68,76,27,29,26,30,37,39,70,51,77,38,78,45,47,57,61,63,53,75,50,73,41,69,59,43,71,67,52,54,65,62,46,+74 MissingAxioms=0,7,8,15,16,17,18,20,24,31,34,42,48,55,58,66,79 TotalTime=11.2
Step=63 ResultRays= 19930 RayPairs=  25611010 NewAxiom=75 PrevAxioms=1,2,3,4,5,6,9,10,12,14,19,21,22,23,25,28,32,33,35,36,40,44,49,56,64,72,11,13,60,68,74,27,76,29,26,30,37,39,70,51,77,38,45,47,78,57,61,63,53,50,69,59,67,65,73,41,43,71,54,52,46,62,+75 MissingAxioms=0,7,8,15,16,17,18,20,24,31,34,42,48,55,58,66,79 TotalTime=9.3
Step=63 ResultRays= 19930 RayPairs=  33228338 NewAxiom=76 PrevAxioms=1,2,3,4,5,6,9,10,12,14,19,21,22,23,25,28,32,33,35,36,40,44,49,56,64,72,11,13,60,68,74,27,29,26,30,37,39,70,51,77,38,45,47,57,61,63,59,53,75,50,43,69,41,71,73,65,78,54,67,52,46,62,+76 MissingAxioms=0,7,8,15,16,17,18,20,24,31,34,42,48,55,58,66,79 TotalTime=8.5
Step=63 ResultRays= 19930 RayPairs=  25611010 NewAxiom=77 PrevAxioms=1,2,3,4,5,6,9,10,12,14,19,21,22,23,25,28,32,33,35,36,40,44,49,56,64,72,11,13,60,68,74,27,76,29,26,30,37,39,70,51,45,47,50,54,38,53,75,69,78,61,63,52,59,57,73,41,43,71,67,65,62,46,+77 MissingAxioms=0,7,8,15,16,17,18,20,24,31,34,42,48,55,58,66,79 TotalTime=8.5
Step=63 ResultRays= 19930 RayPairs=  12892390 NewAxiom=78 PrevAxioms=1,2,3,4,5,6,9,10,12,14,19,21,22,23,25,28,32,33,35,36,40,44,49,56,64,72,11,13,60,68,74,27,76,29,26,30,37,39,70,51,77,38,45,47,50,46,75,69,73,61,63,59,65,53,71,54,41,43,62,52,57,67,+78 MissingAxioms=0,7,8,15,16,17,18,20,24,31,34,42,48,55,58,66,79 TotalTime=5.2
Step=63 #######....................... Axiom78 Group2 f({1, 2, 3}) + f({1, 2, 4}) >= f({1, 2}) + f({0, 1, 2, 3, 4})
Step=63 ###########................... Axiom72 Group0 f({3}) + f({4}) >= f({3, 4})
Step=63 ##############................ Axiom75 Group2 f({0, 1, 3}) + f({0, 1, 4}) >= f({0, 1}) + f({0, 1, 2, 3, 4})
Step=63 ##############................ Axiom77 Group2 f({0, 2, 3}) + f({0, 2, 4}) >= f({0, 2}) + f({0, 1, 2, 3, 4})
Step=63 ###############............... Axiom23 Group3 f({0, 1, 2, 3, 4}) >= f({0, 3, 4})
Step=63 ###############............... Axiom19 Group2 f({0, 1, 3}) + f({0, 2, 3}) >= f({0, 3}) + f({0, 1, 2, 3, 4})
Step=63 ###############............... Axiom21 Group2 f({0, 1, 4}) + f({0, 2, 4}) >= f({0, 1, 2, 3, 4}) + f({0, 4})
Step=63 ################.............. Axiom32 Group0 f({1}) + f({3}) >= f({1, 3})
Step=63 ################.............. Axiom40 Group0 f({2}) + f({3}) >= f({2, 3})
Step=63 ################.............. Axiom56 Group0 f({1}) + f({4}) >= f({1, 4})
Step=63 ################.............. Axiom64 Group0 f({2}) + f({4}) >= f({2, 4})
Step=63 ################.............. Axiom27 Group2 f({0, 1, 2}) + f({1, 2, 3}) >= f({1, 2}) + f({0, 1, 2, 3, 4})
Step=63 ################.............. Axiom51 Group2 f({0, 1, 2}) + f({1, 2, 4}) >= f({1, 2}) + f({0, 1, 2, 3, 4})
Step=63 #################............. Axiom1 Group1 f({0, 2}) + f({1, 2}) >= f({2}) + f({0, 1, 2})
Step=63 #################............. Axiom9 Group1 f({0, 1}) + f({1, 2}) >= f({1}) + f({0, 1, 2})
Step=63 ##################............ Axiom39 Group3 f({0, 1, 2, 3, 4}) >= f({0, 2, 4})
Step=63 ##################............ Axiom47 Group3 f({0, 1, 2, 3, 4}) >= f({0, 1, 4})
Step=63 ##################............ Axiom63 Group3 f({0, 1, 2, 3, 4}) >= f({0, 2, 3})
Step=63 ##################............ Axiom71 Group3 f({0, 1, 2, 3, 4}) >= f({0, 1, 3})
Step=63 ##################............ Axiom22 Group2 f({1, 3, 4}) + f({2, 3, 4}) >= f({0, 1, 2, 3, 4}) + f({3, 4})
Step=63 ##################............ Axiom74 Group1 f({1, 3}) + f({1, 4}) >= f({1}) + f({1, 3, 4})
Step=63 ##################............ Axiom76 Group1 f({2, 3}) + f({2, 4}) >= f({2}) + f({2, 3, 4})
Step=63 ###################........... Axiom73 Group1 f({0, 3}) + f({0, 4}) >= f({0}) + f({0, 3, 4})
Step=63 ###################........... Axiom37 Group2 f({0, 1, 4}) + f({0, 3, 4}) >= f({0, 1, 2, 3, 4}) + f({0, 4})
Step=63 ###################........... Axiom45 Group2 f({0, 2, 4}) + f({0, 3, 4}) >= f({0, 1, 2, 3, 4}) + f({0, 4})
Step=63 ###################........... Axiom61 Group2 f({0, 1, 3}) + f({0, 3, 4}) >= f({0, 3}) + f({0, 1, 2, 3, 4})
Step=63 ###################........... Axiom69 Group2 f({0, 2, 3}) + f({0, 3, 4}) >= f({0, 3}) + f({0, 1, 2, 3, 4})
Step=63 ###################........... Axiom36 Group1 f({1, 4}) + f({3, 4}) >= f({4}) + f({1, 3, 4})
Step=63 ###################........... Axiom44 Group1 f({2, 4}) + f({3, 4}) >= f({4}) + f({2, 3, 4})
Step=63 ###################........... Axiom60 Group1 f({1, 3}) + f({3, 4}) >= f({3}) + f({1, 3, 4})
Step=63 ###################........... Axiom68 Group1 f({2, 3}) + f({3, 4}) >= f({3}) + f({2, 3, 4})
Step=63 ####################.......... Axiom6 Group2 f({0, 3, 4}) + f({1, 3, 4}) >= f({0, 1, 2, 3, 4}) + f({3, 4})
Step=63 ####################.......... Axiom14 Group2 f({0, 3, 4}) + f({2, 3, 4}) >= f({0, 1, 2, 3, 4}) + f({3, 4})
Step=63 ####################.......... Axiom28 Group1 f({0, 4}) + f({3, 4}) >= f({4}) + f({0, 3, 4})
Step=63 ####################.......... Axiom52 Group1 f({0, 3}) + f({3, 4}) >= f({3}) + f({0, 3, 4})
Step=63 ######################........ Axiom29 Group2 f({0, 1, 4}) + f({1, 3, 4}) >= f({0, 1, 2, 3, 4}) + f({1, 4})
Step=63 ######################........ Axiom30 Group2 f({0, 2, 4}) + f({2, 3, 4}) >= f({0, 1, 2, 3, 4}) + f({2, 4})
Step=63 ######################........ Axiom53 Group2 f({0, 1, 3}) + f({1, 3, 4}) >= f({1, 3}) + f({0, 1, 2, 3, 4})
Step=63 ######################........ Axiom54 Group2 f({0, 2, 3}) + f({2, 3, 4}) >= f({2, 3}) + f({0, 1, 2, 3, 4})
Step=63 ########################...... Axiom2 Group1 f({0, 3}) + f({1, 3}) >= f({3}) + f({0, 1, 3})
Step=63 ########################...... Axiom4 Group1 f({0, 4}) + f({1, 4}) >= f({4}) + f({0, 1, 4})
Step=63 ########################...... Axiom10 Group1 f({0, 3}) + f({2, 3}) >= f({3}) + f({0, 2, 3})
Step=63 ########################...... Axiom12 Group1 f({0, 4}) + f({2, 4}) >= f({4}) + f({0, 2, 4})
Step=63 #########################..... Axiom38 Group2 f({1, 2, 4}) + f({2, 3, 4}) >= f({0, 1, 2, 3, 4}) + f({2, 4})
Step=63 #########################..... Axiom46 Group2 f({1, 2, 4}) + f({1, 3, 4}) >= f({0, 1, 2, 3, 4}) + f({1, 4})
Step=63 #########################..... Axiom62 Group2 f({1, 2, 3}) + f({2, 3, 4}) >= f({2, 3}) + f({0, 1, 2, 3, 4})
Step=63 #########################..... Axiom70 Group2 f({1, 2, 3}) + f({1, 3, 4}) >= f({1, 3}) + f({0, 1, 2, 3, 4})
Step=63 #########################..... Axiom33 Group1 f({0, 1}) + f({0, 3}) >= f({0}) + f({0, 1, 3})
Step=63 #########################..... Axiom41 Group1 f({0, 2}) + f({0, 3}) >= f({0}) + f({0, 2, 3})
Step=63 #########################..... Axiom57 Group1 f({0, 1}) + f({0, 4}) >= f({0}) + f({0, 1, 4})
Step=63 #########################..... Axiom65 Group1 f({0, 2}) + f({0, 4}) >= f({0}) + f({0, 2, 4})
Step=63 ###########################... Axiom25 Group1 f({0, 1}) + f({1, 3}) >= f({1}) + f({0, 1, 3})
Step=63 ###########################... Axiom26 Group1 f({0, 2}) + f({2, 3}) >= f({2}) + f({0, 2, 3})
Step=63 ###########################... Axiom49 Group1 f({0, 1}) + f({1, 4}) >= f({1}) + f({0, 1, 4})
Step=63 ###########################... Axiom50 Group1 f({0, 2}) + f({2, 4}) >= f({2}) + f({0, 2, 4})
Step=63 #############################. Axiom35 Group2 f({0, 1, 2}) + f({0, 2, 3}) >= f({0, 2}) + f({0, 1, 2, 3, 4})
Step=63 #############################. Axiom43 Group2 f({0, 1, 2}) + f({0, 1, 3}) >= f({0, 1}) + f({0, 1, 2, 3, 4})
Step=63 #############################. Axiom59 Group2 f({0, 1, 2}) + f({0, 2, 4}) >= f({0, 2}) + f({0, 1, 2, 3, 4})
Step=63 #############################. Axiom67 Group2 f({0, 1, 2}) + f({0, 1, 4}) >= f({0, 1}) + f({0, 1, 2, 3, 4})
Step=63 ############################## Axiom3 Group2 f({0, 2, 3}) + f({1, 2, 3}) >= f({2, 3}) + f({0, 1, 2, 3, 4})
Step=63 ############################## Axiom5 Group2 f({0, 2, 4}) + f({1, 2, 4}) >= f({0, 1, 2, 3, 4}) + f({2, 4})
Step=63 ############################## Axiom11 Group2 f({0, 1, 3}) + f({1, 2, 3}) >= f({1, 3}) + f({0, 1, 2, 3, 4})
Step=63 ############################## Axiom13 Group2 f({0, 1, 4}) + f({1, 2, 4}) >= f({0, 1, 2, 3, 4}) + f({1, 4})
