Step=80 ResultRays=117978 RayPairs=1087109287 NewAxiom=0 PrevAxioms=1,2,3,4,5,6,7,8,9,10,12,14,16,18,20,22,24,28,32,36,40,44,48,56,64,72,11,13,15,17,19,21,23,52,60,68,73,74,76,29,31,34,35,46,33,47,54,55,27,51,53,38,37,62,70,75,71,58,61,78,79,43,67,41,63,69,65,45,26,66,39,59,77,57,50,42,49,30,25,+0 MissingAxioms= TotalTime=313.4
Step=80 ResultRays=117978 RayPairs=1844339044 NewAxiom=1 PrevAxioms=0,2,3,4,5,6,7,8,9,10,12,14,16,18,20,22,24,28,32,36,40,44,48,56,64,72,11,13,15,17,19,21,23,52,60,68,73,74,25,76,37,39,27,45,42,47,46,33,53,55,61,63,49,30,75,31,51,70,71,34,78,79,43,66,69,57,58,35,41,26,67,38,65,77,62,54,50,29,59,+1 MissingAxioms= TotalTime=320.0
Step=80 ResultRays=117978 RayPairs=1844339044 NewAxiom=2 PrevAxioms=0,1,3,4,5,6,7,8,10,11,12,14,16,18,20,22,24,28,32,36,40,44,48,56,64,72,9,13,15,17,19,21,23,52,60,68,73,74,76,29,31,34,35,46,47,33,30,69,41,71,43,37,65,50,53,67,39,54,77,79,62,51,26,42,55,63,59,75,57,70,38,58,45,78,49,25,66,61,27,+2 MissingAxioms= TotalTime=466.5
Step=80 ResultRays=117978 RayPairs=1844339044 NewAxiom=3 PrevAxioms=0,1,2,4,5,6,7,8,10,11,12,14,16,18,20,22,24,28,32,36,40,44,48,56,64,72,9,13,15,17,19,21,23,52,60,68,73,74,53,76,61,45,26,47,63,25,41,43,46,54,69,71,33,37,67,75,70,79,35,65,66,27,42,57,29,31,30,78,49,38,39,51,77,59,55,62,58,34,50,+3 MissingAxioms= TotalTime=306.9
Step=80 ResultRays=117978 RayPairs=1844339044 NewAxiom=4 PrevAxioms=0,1,2,3,5,6,7,8,10,12,13,14,16,18,20,22,24,28,32,36,40,44,48,56,64,72,9,11,15,17,19,21,23,52,60,68,73,74,76,30,31,33,35,29,46,47,34,41,45,62,70,71,61,26,39,43,25,53,55,67,27,65,49,75,79,77,42,50,38,63,59,54,37,57,58,78,66,69,51,+4 MissingAxioms= TotalTime=421.4
Step=80 ResultRays=117978 RayPairs=1844339044 NewAxiom=5 PrevAxioms=0,1,2,3,4,6,7,8,10,12,13,14,16,18,20,22,24,28,32,36,40,44,48,56,64,72,9,11,15,17,19,21,23,52,60,68,73,74,29,76,37,45,47,25,27,46,39,26,30,53,55,43,70,71,67,61,62,54,66,33,75,79,35,77,58,31,78,50,69,63,57,59,38,65,51,34,41,42,49,+5 MissingAxioms= TotalTime=352.9
Step=80 ResultRays=117978 RayPairs=1844339044 NewAxiom=6 PrevAxioms=0,1,2,3,4,5,7,8,10,12,14,15,16,18,20,22,24,28,32,36,40,44,48,56,64,72,9,11,13,17,19,21,23,52,60,68,73,74,76,30,31,33,35,46,29,34,47,45,62,70,71,43,63,67,78,25,54,55,75,79,69,27,65,51,50,26,38,39,77,37,41,61,58,57,53,66,59,42,49,+6 MissingAxioms= TotalTime=347.8
Step=80 ResultRays=117978 RayPairs=1087109287 NewAxiom=7 PrevAxioms=0,1,2,3,4,5,6,8,10,12,14,15,16,18,20,22,24,28,32,36,40,44,48,56,64,72,9,11,13,17,19,21,23,52,60,68,73,74,76,29,62,31,70,71,49,61,51,57,58,37,39,66,67,47,43,42,25,75,79,45,69,53,59,41,63,46,34,55,78,27,26,35,77,50,30,38,54,65,33,+7 MissingAxioms= TotalTime=302.0
Step=80 ResultRays=117978 RayPairs=1087109287 NewAxiom=8 PrevAxioms=0,1,2,3,4,5,6,7,9,10,12,14,16,18,20,22,24,28,32,36,40,44,48,56,64,72,11,13,15,17,19,21,23,52,60,68,73,74,76,29,31,33,35,46,47,34,30,38,37,69,71,70,27,61,63,55,57,51,42,43,66,58,78,79,39,59,26,25,77,75,67,45,62,41,54,49,65,53,50,+8 MissingAxioms= TotalTime=347.7
Step=80 ResultRays=117978 RayPairs=1844339044 NewAxiom=9 PrevAxioms=0,1,2,3,4,5,6,7,8,10,12,14,16,18,20,22,24,28,32,36,40,44,48,56,64,72,11,13,15,17,19,21,23,52,60,68,73,74,41,29,76,31,43,38,33,37,70,71,26,25,62,63,61,35,55,57,65,54,49,75,39,59,58,66,78,30,45,47,79,27,34,42,77,46,53,50,67,69,51,+9 MissingAxioms= TotalTime=396.6
Step=80 ResultRays=117978 RayPairs=1844339044 NewAxiom=10 PrevAxioms=0,1,2,3,4,5,6,7,8,11,12,14,16,18,20,22,24,28,32,36,40,44,48,56,64,72,9,13,15,17,19,21,23,52,60,68,73,74,76,29,31,33,35,46,47,34,30,61,63,53,55,50,65,39,59,67,62,54,77,79,57,26,27,58,37,45,69,41,51,25,71,70,38,43,78,66,75,42,49,+10 MissingAxioms= TotalTime=404.2
Step=80 ResultRays=117978 RayPairs=1844339044 NewAxiom=11 PrevAxioms=0,1,2,3,4,5,6,7,8,10,12,14,16,18,20,22,24,28,32,36,40,44,48,56,64,72,9,13,15,17,19,21,23,52,60,68,73,74,54,76,69,37,25,39,71,26,33,35,38,53,61,63,41,45,59,77,62,79,43,57,58,27,34,65,30,31,29,78,50,46,47,51,75,67,55,70,66,42,49,+11 MissingAxioms= TotalTime=300.6
Step=80 ResultRays=117978 RayPairs=1844339044 NewAxiom=12 PrevAxioms=0,1,2,3,4,5,6,7,8,10,13,14,16,18,20,22,24,28,32,36,40,44,48,56,64,72,9,11,15,17,19,21,23,52,60,68,73,74,76,29,31,33,35,30,46,47,34,69,71,43,61,53,63,54,39,59,67,45,65,77,79,50,51,58,38,62,26,57,37,41,66,55,27,70,75,25,78,49,42,+12 MissingAxioms= TotalTime=437.6
Step=80 ResultRays=117978 RayPairs=1844339044 NewAxiom=13 PrevAxioms=0,1,2,3,4,5,6,7,8,10,12,14,16,18,20,22,24,28,32,36,40,44,48,56,64,72,9,11,15,17,19,21,23,52,60,68,73,74,30,76,45,37,39,25,27,38,47,26,29,54,55,35,62,63,59,69,70,53,58,41,77,79,43,75,66,31,78,49,61,71,65,67,46,57,51,42,33,34,50,+13 MissingAxioms= TotalTime=353.4
Step=80 ResultRays=117978 RayPairs=1844339044 NewAxiom=14 PrevAxioms=0,1,2,3,4,5,6,7,8,10,12,15,16,18,20,22,24,28,32,36,40,44,48,56,64,72,9,11,13,17,19,21,23,52,60,68,73,74,76,29,31,33,35,46,47,34,30,61,53,55,27,62,51,38,37,58,66,78,79,45,67,25,26,39,77,41,63,43,54,71,75,59,42,49,50,69,57,70,65,+14 MissingAxioms= TotalTime=388.4
Step=80 ResultRays=117978 RayPairs=1087109287 NewAxiom=15 PrevAxioms=0,1,2,3,4,5,6,7,8,10,12,14,16,18,20,22,24,28,32,36,40,44,48,56,64,72,9,11,13,17,19,21,23,52,60,68,73,74,76,30,61,45,47,62,49,63,50,69,71,65,67,31,43,77,57,54,55,75,79,59,51,42,34,35,66,39,38,46,78,27,25,37,53,33,41,29,70,58,26,+15 MissingAxioms= TotalTime=314.6
Step=80 ResultRays=117978 RayPairs=1087109287 NewAxiom=16 PrevAxioms=0,1,2,3,4,5,6,7,8,10,12,14,17,18,20,22,24,28,32,36,40,44,48,56,64,72,9,11,13,15,19,21,23,52,60,68,73,74,76,29,31,33,35,46,34,47,54,55,27,51,62,70,63,69,30,42,78,79,43,50,38,61,39,77,59,65,67,71,75,57,37,53,41,49,25,66,45,26,58,+16 MissingAxioms= TotalTime=360.2
Step=80 ResultRays=117978 RayPairs=1844339044 NewAxiom=17 PrevAxioms=0,1,2,3,4,5,6,7,8,10,12,14,16,18,20,22,24,28,32,36,40,44,48,56,64,72,9,11,13,15,19,21,23,52,60,68,73,74,42,29,34,31,43,49,76,30,61,63,57,39,69,71,37,54,53,75,38,47,67,33,45,79,55,70,51,66,35,41,27,58,65,26,78,77,25,50,59,46,62,+17 MissingAxioms= TotalTime=379.0
Step=80 ResultRays=117978 RayPairs=1844339044 NewAxiom=18 PrevAxioms=0,1,2,3,4,5,6,7,8,10,12,14,16,19,20,22,24,28,32,36,40,44,48,56,64,72,9,11,13,15,17,21,23,52,60,68,73,74,76,29,31,33,35,46,47,34,30,69,71,25,61,63,27,53,54,42,43,67,65,41,45,37,57,75,79,66,55,62,39,59,51,78,77,58,50,26,49,70,38,+18 MissingAxioms= TotalTime=437.3
Step=80 ResultRays=117978 RayPairs=1844339044 NewAxiom=19 PrevAxioms=0,1,2,3,4,5,6,7,8,10,12,14,16,18,20,22,24,28,32,36,40,44,48,56,64,72,9,11,13,15,17,21,23,52,60,68,73,74,62,76,70,29,31,33,71,34,25,27,30,61,53,55,42,46,51,78,54,79,43,49,50,35,26,66,38,39,37,77,58,45,47,59,75,67,63,69,65,41,57,+19 MissingAxioms= TotalTime=299.6
Step=80 ResultRays=117978 RayPairs=1844339044 NewAxiom=20 PrevAxioms=0,1,2,3,4,5,6,7,8,10,12,14,16,18,21,22,24,28,32,36,40,44,48,56,64,72,9,11,13,15,17,19,23,52,60,68,73,74,76,29,31,33,35,30,45,47,34,46,37,39,62,38,61,26,25,53,55,41,43,70,71,27,75,79,67,69,63,58,57,54,78,51,77,50,49,42,66,65,59,+20 MissingAxioms= TotalTime=336.9
Step=80 ResultRays=117978 RayPairs=1844339044 NewAxiom=21 PrevAxioms=0,1,2,3,4,5,6,7,8,10,12,14,16,18,20,22,24,28,32,36,40,44,48,56,64,72,9,11,13,15,17,19,23,52,60,68,73,74,38,76,46,29,31,33,35,30,47,34,37,62,63,27,54,55,51,70,69,61,50,42,78,79,43,75,65,39,77,57,53,71,66,67,45,49,59,41,25,26,58,+21 MissingAxioms= TotalTime=354.2
Step=80 ResultRays=117978 RayPairs=1844339044 NewAxiom=22 PrevAxioms=0,1,2,3,4,5,6,7,8,10,12,14,16,18,20,23,24,28,32,36,40,44,48,56,64,72,9,11,13,15,17,19,21,52,60,68,73,74,76,29,31,33,35,30,45,47,34,46,61,53,55,27,63,51,75,42,69,71,78,79,54,43,50,67,65,41,37,39,77,38,26,62,57,58,70,49,59,25,66,+22 MissingAxioms= TotalTime=357.7
Step=80 ResultRays=117978 RayPairs=1087109287 NewAxiom=23 PrevAxioms=0,1,2,3,4,5,6,7,8,10,12,14,16,18,20,22,24,28,32,36,40,44,48,56,64,72,9,11,13,15,17,19,21,52,60,68,73,74,76,38,53,46,47,54,57,55,58,70,71,66,67,39,43,78,49,62,63,75,79,51,59,41,26,27,65,31,30,45,77,35,33,29,61,25,42,37,69,50,34,+23 MissingAxioms= TotalTime=322.1
Step=80 ResultRays=117978 RayPairs=1087109287 NewAxiom=24 PrevAxioms=0,1,2,3,4,5,6,7,8,10,12,14,16,18,20,22,25,28,32,36,40,44,48,56,64,72,9,11,13,15,17,19,21,23,60,68,74,76,26,29,37,27,31,42,38,43,30,39,41,45,47,70,46,69,57,49,34,53,62,75,71,55,35,66,78,51,79,77,63,54,61,58,59,67,52,73,50,65,33,+24 MissingAxioms= TotalTime=275.3
Step=80 ResultRays=117978 RayPairs=1844339044 NewAxiom=25 PrevAxioms=0,1,2,3,4,5,6,7,8,10,12,14,16,18,20,22,24,28,32,36,40,44,48,56,64,72,9,11,13,15,17,19,21,23,52,60,68,73,74,76,29,31,33,35,46,47,34,30,69,71,43,67,61,53,63,54,37,57,65,39,45,50,77,79,59,62,51,58,26,38,70,55,41,66,27,78,75,42,49,+25 MissingAxioms= TotalTime=394.3
Step=80 ResultRays=117978 RayPairs=1844339044 NewAxiom=26 PrevAxioms=0,1,2,3,4,5,6,7,8,10,12,14,16,18,20,22,24,28,32,36,40,44,48,56,64,72,9,11,13,15,17,19,21,23,52,60,68,73,74,76,29,31,33,35,46,47,34,30,69,71,43,67,61,53,63,54,25,75,79,27,65,37,45,57,62,39,55,50,77,59,51,58,70,38,41,42,66,78,49,+26 MissingAxioms= TotalTime=397.2
Step=80 ##################............ Axiom0 Group0 f({0}) + f({1}) >= f({0, 1})
Step=80 ##################............ Axiom7 Group3 f({0, 1, 2, 3, 4}) >= f({2, 3, 4})
Step=80 ##################............ Axiom8 Group0 f({0}) + f({2}) >= f({0, 2})
Step=80 ##################............ Axiom15 Group3 f({0, 1, 2, 3, 4}) >= f({1, 3, 4})
Step=80 ##################............ Axiom16 Group0 f({1}) + f({2}) >= f({1, 2})
Step=80 ##################............ Axiom23 Group3 f({0, 1, 2, 3, 4}) >= f({0, 3, 4})
Step=80 ##################............ Axiom24 Group0 f({0}) + f({3}) >= f({0, 3})
Step=80 ############################## Axiom1 Group1 f({0, 2}) + f({1, 2}) >= f({2}) + f({0, 1, 2})
Step=80 ############################## Axiom2 Group1 f({0, 3}) + f({1, 3}) >= f({3}) + f({0, 1, 3})
Step=80 ############################## Axiom3 Group2 f({0, 2, 3}) + f({1, 2, 3}) >= f({2, 3}) + f({0, 1, 2, 3, 4})
Step=80 ############################## Axiom4 Group1 f({0, 4}) + f({1, 4}) >= f({4}) + f({0, 1, 4})
Step=80 ############################## Axiom5 Group2 f({0, 2, 4}) + f({1, 2, 4}) >= f({0, 1, 2, 3, 4}) + f({2, 4})
Step=80 ############################## Axiom6 Group2 f({0, 3, 4}) + f({1, 3, 4}) >= f({0, 1, 2, 3, 4}) + f({3, 4})
Step=80 ############################## Axiom9 Group1 f({0, 1}) + f({1, 2}) >= f({1}) + f({0, 1, 2})
Step=80 ############################## Axiom10 Group1 f({0, 3}) + f({2, 3}) >= f({3}) + f({0, 2, 3})
Step=80 ############################## Axiom11 Group2 f({0, 1, 3}) + f({1, 2, 3}) >= f({1, 3}) + f({0, 1, 2, 3, 4})
Step=80 ############################## Axiom12 Group1 f({0, 4}) + f({2, 4}) >= f({4}) + f({0, 2, 4})
Step=80 ############################## Axiom13 Group2 f({0, 1, 4}) + f({1, 2, 4}) >= f({0, 1, 2, 3, 4}) + f({1, 4})
Step=80 ############################## Axiom14 Group2 f({0, 3, 4}) + f({2, 3, 4}) >= f({0, 1, 2, 3, 4}) + f({3, 4})
Step=80 ############################## Axiom17 Group1 f({0, 1}) + f({0, 2}) >= f({0}) + f({0, 1, 2})
Step=80 ############################## Axiom18 Group1 f({1, 3}) + f({2, 3}) >= f({3}) + f({1, 2, 3})
Step=80 ############################## Axiom19 Group2 f({0, 1, 3}) + f({0, 2, 3}) >= f({0, 3}) + f({0, 1, 2, 3, 4})
Step=80 ############################## Axiom20 Group1 f({1, 4}) + f({2, 4}) >= f({4}) + f({1, 2, 4})
Step=80 ############################## Axiom21 Group2 f({0, 1, 4}) + f({0, 2, 4}) >= f({0, 1, 2, 3, 4}) + f({0, 4})
Step=80 ############################## Axiom22 Group2 f({1, 3, 4}) + f({2, 3, 4}) >= f({0, 1, 2, 3, 4}) + f({3, 4})
Step=80 ############################## Axiom25 Group1 f({0, 1}) + f({1, 3}) >= f({1}) + f({0, 1, 3})
Step=80 ############################## Axiom26 Group1 f({0, 2}) + f({2, 3}) >= f({2}) + f({0, 2, 3})
