Step=64 ResultRays= 22231 RayPairs=  43261350 NewAxiom=1 PrevAxioms=2,3,4,5,6,9,10,12,14,19,21,22,23,25,26,28,32,33,35,36,40,44,49,56,64,72,11,13,60,68,74,27,76,29,30,37,39,77,79,51,70,53,75,69,57,71,61,63,45,47,52,73,59,41,43,65,62,46,78,54,67,50,38,+1 MissingAxioms=0,7,8,15,16,17,18,20,24,31,34,42,48,55,58,66 TotalTime=8.5
Step=64 ResultRays= 22231 RayPairs=  54799816 NewAxiom=2 PrevAxioms=1,3,4,5,6,9,10,11,12,14,19,21,22,23,25,28,32,33,35,36,40,44,49,56,64,72,13,27,60,68,74,26,69,29,71,76,37,39,51,50,70,62,53,75,30,45,47,78,73,54,61,77,79,52,67,63,57,43,41,59,65,46,38,+2 MissingAxioms=0,7,8,15,16,17,18,20,24,31,34,42,48,55,58,66 TotalTime=10.0
Step=64 ResultRays= 22231 RayPairs=  67271066 NewAxiom=3 PrevAxioms=1,2,4,5,6,9,10,11,12,14,19,21,22,23,25,28,32,33,35,36,40,44,49,56,64,72,13,27,60,68,74,61,69,63,76,30,45,47,51,50,57,37,39,59,67,53,46,75,65,52,26,54,71,79,77,43,78,41,73,29,38,70,62,+3 MissingAxioms=0,7,8,15,16,17,18,20,24,31,34,42,48,55,58,66 TotalTime=7.4
Step=64 ResultRays= 22231 RayPairs=  54799816 NewAxiom=4 PrevAxioms=1,2,3,5,6,9,10,12,13,14,19,21,22,23,25,28,32,33,35,36,40,44,49,56,64,72,11,30,45,51,60,74,47,50,68,76,27,61,63,26,54,77,62,52,69,71,41,43,73,29,67,65,37,79,75,39,46,59,78,53,57,38,70,+4 MissingAxioms=0,7,8,15,16,17,18,20,24,31,34,42,48,55,58,66 TotalTime=8.2
Step=64 ResultRays= 22231 RayPairs=  67271066 NewAxiom=5 PrevAxioms=1,2,3,4,6,9,10,12,13,14,19,21,22,23,25,28,32,33,35,36,40,44,49,56,64,72,11,29,37,45,51,30,39,68,76,27,60,74,26,47,52,46,77,79,62,57,61,75,43,41,63,70,69,59,73,53,71,78,65,54,50,67,38,+5 MissingAxioms=0,7,8,15,16,17,18,20,24,31,34,42,48,55,58,66 TotalTime=10.4
Step=64 ResultRays= 22231 RayPairs=  45851732 NewAxiom=6 PrevAxioms=1,2,3,4,5,9,10,12,14,19,21,22,23,25,28,29,32,33,35,36,40,44,49,56,64,72,11,13,37,68,76,27,39,60,74,26,45,47,51,62,50,53,75,73,30,46,79,77,38,70,71,69,41,43,67,78,59,65,54,52,63,61,57,+6 MissingAxioms=0,7,8,15,16,17,18,20,24,31,34,42,48,55,58,66 TotalTime=8.8
Step=64 ResultRays= 22231 RayPairs=  43261350 NewAxiom=9 PrevAxioms=1,2,3,4,5,6,10,12,14,19,21,22,23,25,26,28,32,33,35,36,40,44,49,56,64,72,11,13,60,68,74,27,76,29,53,75,69,71,37,39,30,77,79,52,61,63,70,45,47,59,43,41,65,62,46,73,78,54,50,51,67,57,38,+9 MissingAxioms=0,7,8,15,16,17,18,20,24,31,34,42,48,55,58,66 TotalTime=8.8
Step=64 ResultRays= 22231 RayPairs=  54799816 NewAxiom=10 PrevAxioms=1,2,3,4,5,6,9,11,12,14,19,21,22,23,25,28,32,33,35,36,40,44,49,56,64,72,13,27,60,68,74,26,61,76,30,63,45,47,51,50,57,37,39,59,54,77,79,46,67,53,65,75,71,43,52,62,69,29,78,73,41,70,38,+10 MissingAxioms=0,7,8,15,16,17,18,20,24,31,34,42,48,55,58,66 TotalTime=9.1
Step=64 ResultRays= 22231 RayPairs=  67271066 NewAxiom=11 PrevAxioms=1,2,3,4,5,6,9,10,12,14,19,21,22,23,25,28,32,33,35,36,40,44,49,56,64,72,13,60,68,74,51,61,69,63,76,50,73,46,62,71,26,41,43,27,70,30,54,77,45,65,37,39,79,59,57,29,75,53,52,67,78,47,38,+11 MissingAxioms=0,7,8,15,16,17,18,20,24,31,34,42,48,55,58,66 TotalTime=11.0
Step=64 ResultRays= 22231 RayPairs=  54799816 NewAxiom=12 PrevAxioms=1,2,3,4,5,6,9,10,13,14,19,21,22,23,25,28,32,33,35,36,40,44,49,56,64,72,11,29,37,51,68,76,39,50,60,74,27,26,69,71,53,75,70,73,61,63,59,41,43,30,57,45,79,77,65,47,62,46,78,52,54,67,38,+12 MissingAxioms=0,7,8,15,16,17,18,20,24,31,34,42,48,55,58,66 TotalTime=7.9
Step=64 ResultRays= 22231 RayPairs=  67271066 NewAxiom=13 PrevAxioms=1,2,3,4,5,6,9,10,12,14,19,21,22,23,25,28,32,33,35,36,40,44,49,56,64,72,11,29,37,45,27,30,39,68,76,26,60,74,38,47,70,53,75,78,46,69,52,61,71,63,73,77,79,43,41,67,54,57,59,65,51,50,62,+13 MissingAxioms=0,7,8,15,16,17,18,20,24,31,34,42,48,55,58,66 TotalTime=10.4
Step=64 ResultRays= 22231 RayPairs=  45851732 NewAxiom=14 PrevAxioms=1,2,3,4,5,6,9,10,12,19,21,22,23,25,28,30,32,33,35,36,40,44,49,56,64,72,11,13,45,60,74,27,47,68,76,26,37,51,39,70,50,54,77,79,29,38,53,75,73,62,61,63,41,59,43,69,71,65,78,52,67,57,46,+14 MissingAxioms=0,7,8,15,16,17,18,20,24,31,34,42,48,55,58,66 TotalTime=8.4
Step=64 ResultRays= 22231 RayPairs=  33218856 NewAxiom=19 PrevAxioms=1,2,3,4,5,6,9,10,12,14,21,22,23,25,28,32,33,35,36,40,44,49,56,59,64,72,11,13,60,68,74,27,76,29,26,30,37,39,63,45,47,51,50,52,54,77,79,69,62,53,75,38,43,41,70,61,71,67,73,65,78,57,46,+19 MissingAxioms=0,7,8,15,16,17,18,20,24,31,34,42,48,55,58,66 TotalTime=5.8
Step=64 ResultRays= 22231 RayPairs=  33218856 NewAxiom=21 PrevAxioms=1,2,3,4,5,6,9,10,12,14,19,22,23,25,28,32,33,35,36,38,40,44,49,56,64,72,11,13,46,27,60,74,29,68,76,26,30,51,37,70,53,75,47,78,54,52,69,61,63,73,57,45,50,77,41,43,79,59,39,71,67,65,62,+21 MissingAxioms=0,7,8,15,16,17,18,20,24,31,34,42,48,55,58,66 TotalTime=9.0
Step=64 ResultRays= 22231 RayPairs=  43106574 NewAxiom=22 PrevAxioms=1,2,3,4,5,6,9,10,12,14,19,21,23,25,28,32,33,35,36,38,40,44,49,56,64,72,11,13,46,27,60,74,29,68,76,26,30,51,37,39,53,78,54,52,69,71,75,61,63,45,50,47,77,79,59,73,65,43,67,62,57,41,70,+22 MissingAxioms=0,7,8,15,16,17,18,20,24,31,34,42,48,55,58,66 TotalTime=7.2
Step=64 ResultRays= 22231 RayPairs=  30626898 NewAxiom=23 PrevAxioms=1,2,3,4,5,6,9,10,12,14,19,21,22,25,28,32,33,35,36,39,40,44,49,56,64,72,11,13,60,68,74,27,76,29,26,30,37,70,53,75,69,73,62,71,45,78,61,52,47,51,50,77,79,41,43,67,65,46,54,57,59,63,38,+23 MissingAxioms=0,7,8,15,16,17,18,20,24,31,34,42,48,55,58,66 TotalTime=10.9
Step=64 ResultRays= 22231 RayPairs=  61878978 NewAxiom=25 PrevAxioms=1,2,3,4,5,6,9,10,12,14,19,21,22,23,26,28,32,33,35,36,40,44,49,56,64,72,11,13,60,68,74,27,51,76,29,37,39,69,71,50,30,45,47,54,77,79,38,53,75,61,63,59,52,73,67,46,62,57,43,41,78,65,70,+25 MissingAxioms=0,7,8,15,16,17,18,20,24,31,34,42,48,55,58,66 TotalTime=8.2
Step=64 ResultRays= 22231 RayPairs=  61878978 NewAxiom=26 PrevAxioms=1,2,3,4,5,6,9,10,12,14,19,21,22,23,25,28,32,33,35,36,40,44,49,56,64,72,11,13,60,68,74,27,76,29,30,37,39,70,53,69,75,71,73,61,63,59,45,78,47,51,50,57,79,67,43,77,41,62,52,38,65,54,46,+26 MissingAxioms=0,7,8,15,16,17,18,20,24,31,34,42,48,55,58,66 TotalTime=10.7
Step=64 ResultRays= 22231 RayPairs=  35169876 NewAxiom=27 PrevAxioms=1,2,3,4,5,6,9,10,12,14,19,21,22,23,25,28,32,33,35,36,40,44,49,56,64,72,11,13,60,68,74,51,76,29,53,69,71,37,39,50,70,30,75,73,62,61,63,78,45,47,57,26,59,46,77,79,67,54,52,65,43,41,38,+27 MissingAxioms=0,7,8,15,16,17,18,20,24,31,34,42,48,55,58,66 TotalTime=9.0
Step=64 ResultRays= 22231 RayPairs=  46605412 NewAxiom=28 PrevAxioms=1,2,3,4,5,6,9,10,12,14,19,21,22,23,25,29,32,33,35,36,40,44,49,56,64,72,11,13,53,60,68,74,75,52,76,27,45,47,61,63,46,54,26,69,71,78,51,50,70,62,38,67,79,30,77,39,37,57,73,41,59,65,43,+28 MissingAxioms=0,7,8,15,16,17,18,20,24,31,34,42,48,55,58,66 TotalTime=8.8
Step=64 ResultRays= 22231 RayPairs=  47933264 NewAxiom=29 PrevAxioms=1,2,3,4,5,6,9,10,12,14,19,21,22,23,25,28,32,33,35,36,40,44,49,56,64,72,11,13,60,68,74,27,76,30,26,45,47,61,63,51,50,54,62,77,57,37,39,79,59,69,52,75,71,67,65,43,53,78,41,73,70,38,46,+29 MissingAxioms=0,7,8,15,16,17,18,20,24,31,34,42,48,55,58,66 TotalTime=7.4
Step=64 ResultRays= 22231 RayPairs=  47933264 NewAxiom=30 PrevAxioms=1,2,3,4,5,6,9,10,12,14,19,21,22,23,25,28,32,33,35,36,40,44,49,56,64,72,11,13,60,68,74,27,76,29,26,37,39,51,70,53,75,69,71,73,61,63,59,41,43,50,57,45,79,62,65,77,47,38,78,67,52,54,46,+30 MissingAxioms=0,7,8,15,16,17,18,20,24,31,34,42,48,55,58,66 TotalTime=7.6
Step=64 ResultRays= 22231 RayPairs=  34721856 NewAxiom=32 PrevAxioms=1,2,3,4,5,6,9,10,12,14,19,21,22,23,25,28,33,35,36,40,41,44,49,56,64,72,11,13,43,68,76,27,29,37,39,26,30,45,47,51,70,50,54,77,79,38,75,53,46,69,74,60,61,63,59,52,73,65,71,78,67,62,57,+32 MissingAxioms=0,7,8,15,16,17,18,20,24,31,34,42,48,55,58,66 TotalTime=6.9
Step=64 ResultRays= 22231 RayPairs=  55633816 NewAxiom=33 PrevAxioms=1,2,3,4,5,6,9,10,12,14,19,21,22,23,25,28,32,35,36,40,41,44,49,56,64,72,11,13,60,68,74,27,76,29,26,30,37,39,70,51,77,79,38,45,47,50,78,67,59,63,61,73,52,69,71,43,75,57,53,54,65,46,62,+33 MissingAxioms=0,7,8,15,16,17,18,20,24,31,34,42,48,55,58,66 TotalTime=12.2
Step=64 ResultRays= 22231 RayPairs=  61592916 NewAxiom=35 PrevAxioms=1,2,3,4,5,6,9,10,12,14,19,21,22,23,25,28,32,33,36,40,43,44,49,56,64,72,11,13,60,68,74,27,76,29,26,30,37,39,70,51,77,38,45,47,50,46,78,61,63,54,57,69,52,75,79,59,71,73,53,65,67,41,62,+35 MissingAxioms=0,7,8,15,16,17,18,20,24,31,34,42,48,55,58,66 TotalTime=11.5
Step=64 ResultRays= 22231 RayPairs=  45070962 NewAxiom=36 PrevAxioms=1,2,3,4,5,6,9,10,12,14,19,21,22,23,25,28,32,33,35,37,40,44,49,56,64,72,11,13,39,68,76,27,29,26,30,45,47,38,51,78,57,61,63,77,60,74,59,79,50,65,67,53,75,43,71,52,69,54,73,41,70,62,46,+36 MissingAxioms=0,7,8,15,16,17,18,20,24,31,34,42,48,55,58,66 TotalTime=11.7
Step=64 ResultRays= 22231 RayPairs=  44972928 NewAxiom=37 PrevAxioms=1,2,3,4,5,6,9,10,12,14,19,21,22,23,25,28,32,33,35,36,40,44,49,56,64,72,11,13,60,68,74,27,76,29,26,30,45,47,62,53,75,46,50,54,77,38,51,78,61,69,71,63,52,79,43,41,67,39,65,59,73,57,70,+37 MissingAxioms=0,7,8,15,16,17,18,20,24,31,34,42,48,55,58,66 TotalTime=9.5
Step=64 ResultRays= 22231 RayPairs=  56748212 NewAxiom=38 PrevAxioms=1,2,3,4,5,6,9,10,12,14,19,21,22,23,25,28,32,33,35,36,40,44,49,56,64,72,11,13,60,68,74,27,76,29,26,30,37,39,70,51,77,79,57,61,63,59,53,75,45,47,69,43,41,71,50,67,78,52,54,62,73,65,46,+38 MissingAxioms=0,7,8,15,16,17,18,20,24,31,34,42,48,55,58,66 TotalTime=8.4
Step=64 ResultRays= 22231 RayPairs=  46791108 NewAxiom=39 PrevAxioms=1,2,3,4,5,6,9,10,12,14,19,21,22,23,25,28,32,33,35,36,40,44,49,56,64,72,11,13,60,68,74,27,76,29,26,30,37,70,53,75,69,71,73,62,52,61,43,41,57,63,79,67,65,47,51,45,77,46,54,59,78,50,38,+39 MissingAxioms=0,7,8,15,16,17,18,20,24,31,34,42,48,55,58,66 TotalTime=7.4
Step=64 ResultRays= 22231 RayPairs=  34721856 NewAxiom=40 PrevAxioms=1,2,3,4,5,6,9,10,12,14,19,21,22,23,25,28,32,33,35,36,41,44,49,56,64,72,11,13,43,60,74,27,29,26,30,45,47,37,39,51,62,53,75,79,54,61,77,63,59,57,76,68,70,69,52,38,71,67,78,65,73,46,50,+40 MissingAxioms=0,7,8,15,16,17,18,20,24,31,34,42,48,55,58,66 TotalTime=7.6
Step=64 ResultRays= 22231 RayPairs=  55633816 NewAxiom=41 PrevAxioms=1,2,3,4,5,6,9,10,12,14,19,21,22,23,25,28,32,33,35,36,40,44,49,56,64,72,11,13,60,68,74,27,76,29,26,30,37,39,70,51,77,79,38,45,47,50,78,67,59,63,61,57,65,53,75,43,71,69,52,54,73,46,62,+41 MissingAxioms=0,7,8,15,16,17,18,20,24,31,34,42,48,55,58,66 TotalTime=12.3
Step=64 ResultRays= 22231 RayPairs=  61592916 NewAxiom=43 PrevAxioms=1,2,3,4,5,6,9,10,12,14,19,21,22,23,25,28,32,33,35,36,40,44,49,56,64,72,11,13,60,68,74,27,76,29,26,30,37,39,70,51,77,79,38,45,47,50,78,67,59,63,61,57,65,53,75,69,71,52,54,46,73,41,62,+43 MissingAxioms=0,7,8,15,16,17,18,20,24,31,34,42,48,55,58,66 TotalTime=12.2
Step=64 ResultRays= 22231 RayPairs=  45070962 NewAxiom=44 PrevAxioms=1,2,3,4,5,6,9,10,12,14,19,21,22,23,25,28,32,33,35,36,40,45,49,56,64,72,11,13,47,60,74,27,29,26,30,37,39,46,51,61,63,41,43,59,54,75,79,77,62,76,68,69,71,73,65,78,67,70,57,52,53,50,38,+44 MissingAxioms=0,7,8,15,16,17,18,20,24,31,34,42,48,55,58,66 TotalTime=11.7
Step=64 ResultRays= 22231 RayPairs=  44972928 NewAxiom=45 PrevAxioms=1,2,3,4,5,6,9,10,12,14,19,21,22,23,25,28,32,33,35,36,40,44,49,56,64,72,11,13,60,68,74,27,76,29,26,30,37,39,70,51,77,79,38,57,61,63,53,75,59,47,50,43,41,69,71,67,78,52,54,65,73,62,46,+45 MissingAxioms=0,7,8,15,16,17,18,20,24,31,34,42,48,55,58,66 TotalTime=11.8
Step=64 ResultRays= 22231 RayPairs=  56748212 NewAxiom=46 PrevAxioms=1,2,3,4,5,6,9,10,12,14,19,21,22,23,25,28,32,33,35,36,40,44,49,56,64,72,11,13,60,68,74,27,76,29,26,30,37,39,70,51,77,79,38,45,47,50,78,67,59,63,61,57,65,53,75,43,71,69,52,54,73,41,62,+46 MissingAxioms=0,7,8,15,16,17,18,20,24,31,34,42,48,55,58,66 TotalTime=11.9
Step=64 ResultRays= 22231 RayPairs=  46791108 NewAxiom=47 PrevAxioms=1,2,3,4,5,6,9,10,12,14,19,21,22,23,25,28,32,33,35,36,40,44,49,56,64,72,11,13,60,68,74,27,76,29,26,30,37,39,70,51,77,79,38,45,50,78,67,59,63,61,57,52,65,69,71,75,54,43,41,73,53,62,46,+47 MissingAxioms=0,7,8,15,16,17,18,20,24,31,34,42,48,55,58,66 TotalTime=9.1
Step=64 ResultRays= 22231 RayPairs=  61878978 NewAxiom=49 PrevAxioms=1,2,3,4,5,6,9,10,12,14,19,21,22,23,25,28,32,33,35,36,40,44,50,56,64,72,11,13,60,68,74,27,51,76,30,45,47,61,63,26,54,77,62,69,71,41,43,29,67,52,65,37,39,79,75,59,78,53,57,73,70,46,38,+49 MissingAxioms=0,7,8,15,16,17,18,20,24,31,34,42,48,55,58,66 TotalTime=8.0
Step=64 ResultRays= 22231 RayPairs=  61878978 NewAxiom=50 PrevAxioms=1,2,3,4,5,6,9,10,12,14,19,21,22,23,25,28,32,33,35,36,40,44,49,56,64,72,11,13,60,68,74,27,76,29,26,30,37,39,70,51,77,79,38,45,47,57,61,63,53,75,69,59,43,41,71,52,67,54,78,65,73,62,46,+50 MissingAxioms=0,7,8,15,16,17,18,20,24,31,34,42,48,55,58,66 TotalTime=11.6
Step=64 ResultRays= 22231 RayPairs=  35169876 NewAxiom=51 PrevAxioms=1,2,3,4,5,6,9,10,12,14,19,21,22,23,25,28,32,33,35,36,40,44,49,56,64,72,11,13,60,68,74,27,76,29,26,30,37,39,70,53,69,75,71,73,62,52,61,43,41,63,45,65,77,79,47,59,38,54,67,78,50,57,46,+51 MissingAxioms=0,7,8,15,16,17,18,20,24,31,34,42,48,55,58,66 TotalTime=7.2
Step=64 ResultRays= 22231 RayPairs=  46605412 NewAxiom=52 PrevAxioms=1,2,3,4,5,6,9,10,12,14,19,21,22,23,25,28,32,33,35,36,40,44,49,56,64,72,11,13,60,68,74,27,76,29,26,30,37,39,70,51,77,79,38,45,47,50,78,67,59,63,61,57,65,53,75,43,71,69,54,73,41,62,46,+52 MissingAxioms=0,7,8,15,16,17,18,20,24,31,34,42,48,55,58,66 TotalTime=11.9
Step=64 ResultRays= 22231 RayPairs=  47933264 NewAxiom=53 PrevAxioms=1,2,3,4,5,6,9,10,12,14,19,21,22,23,25,28,32,33,35,36,40,44,49,56,64,72,11,13,60,68,74,27,76,29,26,30,37,39,70,51,77,79,38,45,47,50,78,67,59,63,61,57,65,52,69,54,75,71,43,73,41,62,46,+53 MissingAxioms=0,7,8,15,16,17,18,20,24,31,34,42,48,55,58,66 TotalTime=13.2
Step=64 ResultRays= 22231 RayPairs=  47933264 NewAxiom=54 PrevAxioms=1,2,3,4,5,6,9,10,12,14,19,21,22,23,25,28,32,33,35,36,40,44,49,56,64,72,11,13,60,68,74,27,76,29,26,30,37,39,70,51,77,79,38,45,47,50,78,67,59,63,61,57,65,53,75,43,71,69,52,73,41,62,46,+54 MissingAxioms=0,7,8,15,16,17,18,20,24,31,34,42,48,55,58,66 TotalTime=12.4
Step=64 ResultRays= 22231 RayPairs=  34721856 NewAxiom=56 PrevAxioms=1,2,3,4,5,6,9,10,12,14,19,21,22,23,25,28,32,33,35,36,40,44,49,57,64,72,11,13,68,74,27,76,29,26,30,37,39,61,63,45,51,59,47,50,52,54,77,79,69,38,75,71,43,60,41,67,53,46,78,65,73,62,70,+56 MissingAxioms=0,7,8,15,16,17,18,20,24,31,34,42,48,55,58,66 TotalTime=6.7
Step=64 ResultRays= 22231 RayPairs=  55633816 NewAxiom=57 PrevAxioms=1,2,3,4,5,6,9,10,12,14,19,21,22,23,25,28,32,33,35,36,40,44,49,56,64,72,11,13,60,68,74,27,76,29,26,30,37,39,70,51,77,79,38,45,47,50,78,67,59,63,61,52,54,69,71,75,73,41,43,65,53,62,46,+57 MissingAxioms=0,7,8,15,16,17,18,20,24,31,34,42,48,55,58,66 TotalTime=11.5
Step=64 ResultRays= 22231 RayPairs=  61592916 NewAxiom=59 PrevAxioms=1,2,3,4,5,6,9,10,12,14,19,21,22,23,25,28,32,33,35,36,40,44,49,56,64,72,11,13,60,68,74,27,76,29,26,30,37,39,70,51,77,79,38,45,47,50,78,67,61,63,57,53,75,73,41,43,62,71,69,52,65,54,46,+59 MissingAxioms=0,7,8,15,16,17,18,20,24,31,34,42,48,55,58,66 TotalTime=15.0
Step=64 ResultRays= 22231 RayPairs=  45070962 NewAxiom=60 PrevAxioms=1,2,3,4,5,6,9,10,12,14,19,21,22,23,25,28,32,33,35,36,40,44,49,56,64,72,11,13,68,74,27,76,29,26,30,37,39,70,51,77,79,38,45,47,50,78,67,59,63,61,57,65,52,69,71,75,43,54,53,73,41,46,62,+60 MissingAxioms=0,7,8,15,16,17,18,20,24,31,34,42,48,55,58,66 TotalTime=13.9
Step=64 ResultRays= 22231 RayPairs=  44972928 NewAxiom=61 PrevAxioms=1,2,3,4,5,6,9,10,12,14,19,21,22,23,25,28,32,33,35,36,40,44,49,56,64,72,11,13,60,68,74,27,76,29,26,30,37,39,70,51,77,79,38,45,47,50,78,67,59,63,53,69,52,75,54,71,73,43,41,65,62,46,57,+61 MissingAxioms=0,7,8,15,16,17,18,20,24,31,34,42,48,55,58,66 TotalTime=11.8
Step=64 ResultRays= 22231 RayPairs=  56748212 NewAxiom=62 PrevAxioms=1,2,3,4,5,6,9,10,12,14,19,21,22,23,25,28,32,33,35,36,40,44,49,56,64,72,11,13,60,68,74,27,76,29,26,30,37,39,70,51,77,79,38,45,47,50,78,67,59,63,61,57,65,53,75,43,71,69,52,54,73,41,46,+62 MissingAxioms=0,7,8,15,16,17,18,20,24,31,34,42,48,55,58,66 TotalTime=12.3
Step=64 ResultRays= 22231 RayPairs=  46791108 NewAxiom=63 PrevAxioms=1,2,3,4,5,6,9,10,12,14,19,21,22,23,25,28,32,33,35,36,40,44,49,56,64,72,11,13,60,68,74,27,76,29,26,30,37,39,70,51,77,79,38,45,47,50,78,67,59,53,57,61,65,75,43,71,52,69,41,54,73,46,62,+63 MissingAxioms=0,7,8,15,16,17,18,20,24,31,34,42,48,55,58,66 TotalTime=10.8
Step=64 ResultRays= 22231 RayPairs=  34721856 NewAxiom=64 PrevAxioms=1,2,3,4,5,6,9,10,12,14,19,21,22,23,25,28,32,33,35,36,40,44,49,56,65,72,11,13,60,74,27,76,29,26,30,37,39,45,47,51,67,50,52,53,75,61,46,79,77,43,71,63,59,70,38,78,69,68,54,57,73,62,41,+64 MissingAxioms=0,7,8,15,16,17,18,20,24,31,34,42,48,55,58,66 TotalTime=9.9
Step=64 ResultRays= 22231 RayPairs=  55633816 NewAxiom=65 PrevAxioms=1,2,3,4,5,6,9,10,12,14,19,21,22,23,25,28,32,33,35,36,40,44,49,56,64,72,11,13,60,68,74,27,76,29,26,30,37,39,70,51,77,79,38,45,47,50,78,67,59,63,61,57,52,69,54,71,75,73,53,43,41,62,46,+65 MissingAxioms=0,7,8,15,16,17,18,20,24,31,34,42,48,55,58,66 TotalTime=12.1
Step=64 ResultRays= 22231 RayPairs=  61592916 NewAxiom=67 PrevAxioms=1,2,3,4,5,6,9,10,12,14,19,21,22,23,25,28,32,33,35,36,40,44,49,56,64,72,11,13,60,68,74,27,76,29,26,30,37,39,70,51,77,79,38,45,47,50,78,75,43,41,73,62,59,69,65,54,71,46,63,61,52,53,57,+67 MissingAxioms=0,7,8,15,16,17,18,20,24,31,34,42,48,55,58,66 TotalTime=12.3
Step=64 ResultRays= 22231 RayPairs=  45070962 NewAxiom=68 PrevAxioms=1,2,3,4,5,6,9,10,12,14,19,21,22,23,25,28,32,33,35,36,40,44,49,56,64,72,11,13,60,74,27,76,29,26,30,37,39,45,47,51,62,53,75,54,38,78,61,63,73,79,57,69,71,43,67,41,77,70,50,59,65,52,46,+68 MissingAxioms=0,7,8,15,16,17,18,20,24,31,34,42,48,55,58,66 TotalTime=11.4
Step=64 ResultRays= 22231 RayPairs=  44972928 NewAxiom=69 PrevAxioms=1,2,3,4,5,6,9,10,12,14,19,21,22,23,25,28,32,33,35,36,40,44,49,56,64,72,11,13,60,68,74,27,76,29,26,30,37,39,70,51,77,79,38,45,47,50,78,67,59,63,61,57,65,53,75,43,71,52,54,46,73,41,62,+69 MissingAxioms=0,7,8,15,16,17,18,20,24,31,34,42,48,55,58,66 TotalTime=13.1
Step=64 ResultRays= 22231 RayPairs=  56748212 NewAxiom=70 PrevAxioms=1,2,3,4,5,6,9,10,12,14,19,21,22,23,25,28,32,33,35,36,40,44,49,56,64,72,11,13,60,68,74,27,76,29,26,30,37,39,45,47,51,62,53,75,54,38,78,61,63,73,69,71,79,67,43,41,77,52,57,50,46,59,65,+70 MissingAxioms=0,7,8,15,16,17,18,20,24,31,34,42,48,55,58,66 TotalTime=10.9
Step=64 ResultRays= 22231 RayPairs=  46791108 NewAxiom=71 PrevAxioms=1,2,3,4,5,6,9,10,12,14,19,21,22,23,25,28,32,33,35,36,40,44,49,56,64,72,11,13,60,68,74,27,76,29,26,30,37,39,70,51,77,79,38,45,47,50,78,67,59,63,61,57,65,53,75,43,69,52,54,73,41,46,62,+71 MissingAxioms=0,7,8,15,16,17,18,20,24,31,34,42,48,55,58,66 TotalTime=12.4
Step=64 ResultRays= 22231 RayPairs=  26403291 NewAxiom=72 PrevAxioms=1,2,3,4,5,6,9,10,12,14,19,21,22,23,25,28,32,33,35,36,40,44,49,56,64,73,11,13,60,68,27,29,26,30,37,39,75,70,51,45,47,50,54,38,53,69,71,61,63,74,79,67,57,43,41,77,76,59,78,65,52,46,62,+72 MissingAxioms=0,7,8,15,16,17,18,20,24,31,34,42,48,55,58,66 TotalTime=9.0
Step=64 ResultRays= 22231 RayPairs=  45528860 NewAxiom=73 PrevAxioms=1,2,3,4,5,6,9,10,12,14,19,21,22,23,25,28,32,33,35,36,40,44,49,56,64,72,11,13,60,68,74,27,76,29,26,30,37,39,70,51,77,79,38,45,47,50,78,67,59,63,61,57,65,53,75,43,71,69,52,54,41,46,62,+73 MissingAxioms=0,7,8,15,16,17,18,20,24,31,34,42,48,55,58,66 TotalTime=11.9
Step=64 ResultRays= 22231 RayPairs=  37391926 NewAxiom=74 PrevAxioms=1,2,3,4,5,6,9,10,12,14,19,21,22,23,25,28,32,33,35,36,40,44,49,56,64,72,11,13,60,68,76,27,29,26,30,37,39,70,51,77,79,38,45,47,50,78,67,59,63,61,57,65,53,69,75,43,71,52,54,73,41,62,46,+74 MissingAxioms=0,7,8,15,16,17,18,20,24,31,34,42,48,55,58,66 TotalTime=13.1
Step=64 ResultRays= 22231 RayPairs=  40566240 NewAxiom=75 PrevAxioms=1,2,3,4,5,6,9,10,12,14,19,21,22,23,25,28,32,33,35,36,40,44,49,56,64,72,11,13,60,68,74,27,76,29,26,30,37,39,70,51,77,79,38,45,47,50,78,67,59,63,61,57,65,53,69,52,54,71,43,46,62,73,41,+75 MissingAxioms=0,7,8,15,16,17,18,20,24,31,34,42,48,55,58,66 TotalTime=12.2
Step=64 ResultRays= 22231 RayPairs=  37391926 NewAxiom=76 PrevAxioms=1,2,3,4,5,6,9,10,12,14,19,21,22,23,25,28,32,33,35,36,40,44,49,56,64,72,11,13,60,68,74,27,29,26,30,37,39,70,51,77,79,38,45,47,50,75,69,43,41,71,61,63,67,53,73,57,78,52,59,54,65,46,62,+76 MissingAxioms=0,7,8,15,16,17,18,20,24,31,34,42,48,55,58,66 TotalTime=11.1
Step=64 ResultRays= 22231 RayPairs=  40566240 NewAxiom=77 PrevAxioms=1,2,3,4,5,6,9,10,12,14,19,21,22,23,25,28,32,33,35,36,40,44,49,56,64,72,11,13,60,68,74,27,76,29,26,30,37,39,70,51,45,47,50,54,79,38,53,75,69,52,61,63,43,41,73,71,67,57,78,59,65,62,46,+77 MissingAxioms=0,7,8,15,16,17,18,20,24,31,34,42,48,55,58,66 TotalTime=10.0
Step=64 ResultRays= 22231 RayPairs=  26841376 NewAxiom=78 PrevAxioms=1,2,3,4,5,6,9,10,12,14,19,21,22,23,25,28,32,33,35,36,40,44,49,56,64,72,11,13,60,68,74,27,76,29,26,30,37,39,70,51,77,79,38,45,47,50,75,69,43,41,71,61,63,67,73,53,59,57,62,52,65,54,46,+78 MissingAxioms=0,7,8,15,16,17,18,20,24,31,34,42,48,55,58,66 TotalTime=7.4
Step=64 ResultRays= 22231 RayPairs=  25239321 NewAxiom=79 PrevAxioms=1,2,3,4,5,6,9,10,12,14,19,21,22,23,25,28,32,33,35,36,40,44,49,56,64,72,11,13,60,68,74,27,76,29,26,30,37,39,70,51,77,38,45,47,78,57,61,63,53,75,50,69,73,65,59,67,41,43,71,54,62,52,46,+79 MissingAxioms=0,7,8,15,16,17,18,20,24,31,34,42,48,55,58,66 TotalTime=10.6
Step=64 ###########................... Axiom79 Group3 f({0, 1, 2, 3, 4}) >= f({0, 1, 2})
Step=64 ############.................. Axiom72 Group0 f({3}) + f({4}) >= f({3, 4})
Step=64 ############.................. Axiom78 Group2 f({1, 2, 3}) + f({1, 2, 4}) >= f({1, 2}) + f({0, 1, 2, 3, 4})
Step=64 ##############................ Axiom23 Group3 f({0, 1, 2, 3, 4}) >= f({0, 3, 4})
Step=64 ###############............... Axiom19 Group2 f({0, 1, 3}) + f({0, 2, 3}) >= f({0, 3}) + f({0, 1, 2, 3, 4})
Step=64 ###############............... Axiom21 Group2 f({0, 1, 4}) + f({0, 2, 4}) >= f({0, 1, 2, 3, 4}) + f({0, 4})
Step=64 ###############............... Axiom32 Group0 f({1}) + f({3}) >= f({1, 3})
Step=64 ###############............... Axiom40 Group0 f({2}) + f({3}) >= f({2, 3})
Step=64 ###############............... Axiom56 Group0 f({1}) + f({4}) >= f({1, 4})
Step=64 ###############............... Axiom64 Group0 f({2}) + f({4}) >= f({2, 4})
Step=64 ################.............. Axiom27 Group2 f({0, 1, 2}) + f({1, 2, 3}) >= f({1, 2}) + f({0, 1, 2, 3, 4})
Step=64 ################.............. Axiom51 Group2 f({0, 1, 2}) + f({1, 2, 4}) >= f({1, 2}) + f({0, 1, 2, 3, 4})
Step=64 #################............. Axiom74 Group1 f({1, 3}) + f({1, 4}) >= f({1}) + f({1, 3, 4})
Step=64 #################............. Axiom76 Group1 f({2, 3}) + f({2, 4}) >= f({2}) + f({2, 3, 4})
Step=64 ##################............ Axiom75 Group2 f({0, 1, 3}) + f({0, 1, 4}) >= f({0, 1}) + f({0, 1, 2, 3, 4})
Step=64 ##################............ Axiom77 Group2 f({0, 2, 3}) + f({0, 2, 4}) >= f({0, 2}) + f({0, 1, 2, 3, 4})
Step=64 ###################........... Axiom22 Group2 f({1, 3, 4}) + f({2, 3, 4}) >= f({0, 1, 2, 3, 4}) + f({3, 4})
Step=64 ###################........... Axiom1 Group1 f({0, 2}) + f({1, 2}) >= f({2}) + f({0, 1, 2})
Step=64 ###################........... Axiom9 Group1 f({0, 1}) + f({1, 2}) >= f({1}) + f({0, 1, 2})
Step=64 ####################.......... Axiom37 Group2 f({0, 1, 4}) + f({0, 3, 4}) >= f({0, 1, 2, 3, 4}) + f({0, 4})
Step=64 ####################.......... Axiom45 Group2 f({0, 2, 4}) + f({0, 3, 4}) >= f({0, 1, 2, 3, 4}) + f({0, 4})
Step=64 ####################.......... Axiom61 Group2 f({0, 1, 3}) + f({0, 3, 4}) >= f({0, 3}) + f({0, 1, 2, 3, 4})
Step=64 ####################.......... Axiom69 Group2 f({0, 2, 3}) + f({0, 3, 4}) >= f({0, 3}) + f({0, 1, 2, 3, 4})
Step=64 ####################.......... Axiom36 Group1 f({1, 4}) + f({3, 4}) >= f({4}) + f({1, 3, 4})
Step=64 ####################.......... Axiom44 Group1 f({2, 4}) + f({3, 4}) >= f({4}) + f({2, 3, 4})
Step=64 ####################.......... Axiom60 Group1 f({1, 3}) + f({3, 4}) >= f({3}) + f({1, 3, 4})
Step=64 ####################.......... Axiom68 Group1 f({2, 3}) + f({3, 4}) >= f({3}) + f({2, 3, 4})
Step=64 ####################.......... Axiom73 Group1 f({0, 3}) + f({0, 4}) >= f({0}) + f({0, 3, 4})
Step=64 ####################.......... Axiom6 Group2 f({0, 3, 4}) + f({1, 3, 4}) >= f({0, 1, 2, 3, 4}) + f({3, 4})
Step=64 ####################.......... Axiom14 Group2 f({0, 3, 4}) + f({2, 3, 4}) >= f({0, 1, 2, 3, 4}) + f({3, 4})
Step=64 #####################......... Axiom28 Group1 f({0, 4}) + f({3, 4}) >= f({4}) + f({0, 3, 4})
Step=64 #####################......... Axiom52 Group1 f({0, 3}) + f({3, 4}) >= f({3}) + f({0, 3, 4})
Step=64 #####################......... Axiom39 Group3 f({0, 1, 2, 3, 4}) >= f({0, 2, 4})
Step=64 #####################......... Axiom47 Group3 f({0, 1, 2, 3, 4}) >= f({0, 1, 4})
Step=64 #####################......... Axiom63 Group3 f({0, 1, 2, 3, 4}) >= f({0, 2, 3})
Step=64 #####################......... Axiom71 Group3 f({0, 1, 2, 3, 4}) >= f({0, 1, 3})
Step=64 #####################......... Axiom29 Group2 f({0, 1, 4}) + f({1, 3, 4}) >= f({0, 1, 2, 3, 4}) + f({1, 4})
Step=64 #####################......... Axiom30 Group2 f({0, 2, 4}) + f({2, 3, 4}) >= f({0, 1, 2, 3, 4}) + f({2, 4})
Step=64 #####################......... Axiom53 Group2 f({0, 1, 3}) + f({1, 3, 4}) >= f({1, 3}) + f({0, 1, 2, 3, 4})
Step=64 #####################......... Axiom54 Group2 f({0, 2, 3}) + f({2, 3, 4}) >= f({2, 3}) + f({0, 1, 2, 3, 4})
Step=64 ########################...... Axiom2 Group1 f({0, 3}) + f({1, 3}) >= f({3}) + f({0, 1, 3})
Step=64 ########################...... Axiom4 Group1 f({0, 4}) + f({1, 4}) >= f({4}) + f({0, 1, 4})
Step=64 ########################...... Axiom10 Group1 f({0, 3}) + f({2, 3}) >= f({3}) + f({0, 2, 3})
Step=64 ########################...... Axiom12 Group1 f({0, 4}) + f({2, 4}) >= f({4}) + f({0, 2, 4})
Step=64 #########################..... Axiom33 Group1 f({0, 1}) + f({0, 3}) >= f({0}) + f({0, 1, 3})
Step=64 #########################..... Axiom41 Group1 f({0, 2}) + f({0, 3}) >= f({0}) + f({0, 2, 3})
Step=64 #########################..... Axiom57 Group1 f({0, 1}) + f({0, 4}) >= f({0}) + f({0, 1, 4})
Step=64 #########################..... Axiom65 Group1 f({0, 2}) + f({0, 4}) >= f({0}) + f({0, 2, 4})
Step=64 #########################..... Axiom38 Group2 f({1, 2, 4}) + f({2, 3, 4}) >= f({0, 1, 2, 3, 4}) + f({2, 4})
Step=64 #########################..... Axiom46 Group2 f({1, 2, 4}) + f({1, 3, 4}) >= f({0, 1, 2, 3, 4}) + f({1, 4})
Step=64 #########################..... Axiom62 Group2 f({1, 2, 3}) + f({2, 3, 4}) >= f({2, 3}) + f({0, 1, 2, 3, 4})
Step=64 #########################..... Axiom70 Group2 f({1, 2, 3}) + f({1, 3, 4}) >= f({1, 3}) + f({0, 1, 2, 3, 4})
Step=64 ###########################... Axiom35 Group2 f({0, 1, 2}) + f({0, 2, 3}) >= f({0, 2}) + f({0, 1, 2, 3, 4})
Step=64 ###########################... Axiom43 Group2 f({0, 1, 2}) + f({0, 1, 3}) >= f({0, 1}) + f({0, 1, 2, 3, 4})
Step=64 ###########################... Axiom59 Group2 f({0, 1, 2}) + f({0, 2, 4}) >= f({0, 2}) + f({0, 1, 2, 3, 4})
Step=64 ###########################... Axiom67 Group2 f({0, 1, 2}) + f({0, 1, 4}) >= f({0, 1}) + f({0, 1, 2, 3, 4})
Step=64 ############################.. Axiom25 Group1 f({0, 1}) + f({1, 3}) >= f({1}) + f({0, 1, 3})
Step=64 ############################.. Axiom26 Group1 f({0, 2}) + f({2, 3}) >= f({2}) + f({0, 2, 3})
Step=64 ############################.. Axiom49 Group1 f({0, 1}) + f({1, 4}) >= f({1}) + f({0, 1, 4})
Step=64 ############################.. Axiom50 Group1 f({0, 2}) + f({2, 4}) >= f({2}) + f({0, 2, 4})
Step=64 ############################## Axiom3 Group2 f({0, 2, 3}) + f({1, 2, 3}) >= f({2, 3}) + f({0, 1, 2, 3, 4})
Step=64 ############################## Axiom5 Group2 f({0, 2, 4}) + f({1, 2, 4}) >= f({0, 1, 2, 3, 4}) + f({2, 4})
Step=64 ############################## Axiom11 Group2 f({0, 1, 3}) + f({1, 2, 3}) >= f({1, 3}) + f({0, 1, 2, 3, 4})
Step=64 ############################## Axiom13 Group2 f({0, 1, 4}) + f({1, 2, 4}) >= f({0, 1, 2, 3, 4}) + f({1, 4})
