Step=74 ResultRays= 67504 RayPairs= 462875711 NewAxiom=1 PrevAxioms=2,3,4,5,6,9,10,12,14,16,17,18,20,22,23,25,26,28,32,36,40,44,49,56,64,72,11,13,19,21,60,68,74,27,76,29,34,30,77,53,38,75,70,54,42,50,62,51,31,55,46,66,45,63,61,58,52,69,39,78,37,47,59,79,43,71,41,35,67,65,73,33,57,+1 MissingAxioms=0,7,8,15,24,48 TotalTime=40.3
Step=74 ResultRays= 67504 RayPairs= 491595474 NewAxiom=2 PrevAxioms=1,3,4,5,6,9,10,11,12,14,16,17,18,20,22,23,25,28,32,36,40,44,49,56,64,72,13,19,21,60,68,74,27,76,26,29,34,30,35,45,47,53,62,75,42,46,51,70,54,55,37,63,39,59,71,66,69,52,67,50,77,79,58,31,78,57,43,41,61,38,73,33,65,+2 MissingAxioms=0,7,8,15,24,48 TotalTime=58.3
Step=74 ResultRays= 67504 RayPairs= 426104250 NewAxiom=3 PrevAxioms=1,2,4,5,6,9,10,11,12,14,16,17,18,20,22,23,25,28,32,36,40,44,49,56,64,72,13,19,21,60,68,74,27,61,76,30,34,45,47,29,53,75,42,35,33,52,55,62,70,71,69,37,39,51,31,38,78,58,66,67,50,59,63,79,77,54,43,41,65,26,46,57,73,+3 MissingAxioms=0,7,8,15,24,48 TotalTime=59.1
Step=74 ResultRays= 67504 RayPairs= 491595474 NewAxiom=4 PrevAxioms=1,2,3,5,6,9,10,12,13,14,16,17,18,20,22,23,25,28,32,36,40,44,49,56,64,72,11,19,21,60,68,74,27,76,30,34,26,45,31,35,51,42,61,47,62,46,38,54,50,55,43,58,70,63,59,67,65,77,39,37,79,66,69,71,52,73,78,75,33,29,57,53,41,+4 MissingAxioms=0,7,8,15,24,48 TotalTime=89.2
Step=74 ResultRays= 67504 RayPairs= 426104250 NewAxiom=5 PrevAxioms=1,2,3,4,6,9,10,12,13,14,16,17,18,20,22,23,25,28,32,36,40,44,49,56,64,72,11,19,21,29,37,68,76,27,34,42,26,30,35,39,43,38,31,33,45,47,41,69,52,71,74,60,53,75,61,63,54,67,79,77,66,59,51,55,78,65,58,50,62,46,70,57,73,+5 MissingAxioms=0,7,8,15,24,48 TotalTime=73.6
Step=74 ResultRays= 67504 RayPairs= 412060194 NewAxiom=6 PrevAxioms=1,2,3,4,5,9,10,12,14,16,17,18,20,22,23,25,28,29,32,36,40,44,49,56,64,72,11,13,19,21,37,68,76,27,34,42,26,30,35,39,43,38,31,33,45,47,41,69,71,50,53,60,74,75,66,58,59,73,77,79,67,63,61,51,55,78,70,52,54,46,62,57,65,+6 MissingAxioms=0,7,8,15,24,48 TotalTime=74.2
Step=74 ResultRays= 67504 RayPairs= 462875711 NewAxiom=9 PrevAxioms=1,2,3,4,5,6,10,12,14,16,17,18,20,22,23,25,26,28,32,36,40,44,49,56,64,72,11,13,19,21,60,68,74,27,76,29,53,34,75,35,30,46,33,54,42,50,38,45,31,77,58,66,70,55,62,63,61,69,52,51,39,37,78,47,43,79,59,71,67,57,73,41,65,+9 MissingAxioms=0,7,8,15,24,48 TotalTime=44.1
Step=74 ResultRays= 67504 RayPairs= 491595474 NewAxiom=10 PrevAxioms=1,2,3,4,5,6,9,11,12,14,16,17,18,20,22,23,25,28,32,36,40,44,49,56,64,72,13,19,21,27,60,68,74,76,29,34,26,30,35,45,47,62,51,42,33,61,63,70,53,75,37,39,59,52,69,46,73,43,77,79,31,38,71,55,67,78,66,58,50,65,54,41,57,+10 MissingAxioms=0,7,8,15,24,48 TotalTime=89.1
Step=74 ResultRays= 67504 RayPairs= 426104250 NewAxiom=11 PrevAxioms=1,2,3,4,5,6,9,10,12,14,16,17,18,20,22,23,25,28,32,36,40,44,49,56,64,72,13,19,21,60,68,74,51,69,29,34,53,76,35,75,46,33,42,50,45,47,62,31,38,59,70,61,63,37,39,78,67,58,71,43,79,55,77,41,27,26,66,65,73,52,54,30,57,+11 MissingAxioms=0,7,8,15,24,48 TotalTime=77.6
Step=74 ResultRays= 67504 RayPairs= 491595474 NewAxiom=12 PrevAxioms=1,2,3,4,5,6,9,10,13,14,16,17,18,20,22,23,25,28,32,36,40,44,49,56,64,72,11,19,21,51,60,68,74,76,29,53,34,35,46,75,27,42,33,69,50,71,43,66,31,41,61,63,37,39,59,55,57,67,79,77,78,47,45,38,58,70,26,73,30,52,54,62,65,+12 MissingAxioms=0,7,8,15,24,48 TotalTime=80.3
Step=74 ResultRays= 67504 RayPairs= 426104250 NewAxiom=13 PrevAxioms=1,2,3,4,5,6,9,10,12,14,16,17,18,20,22,23,25,28,32,36,40,44,49,56,64,72,11,19,21,30,45,60,74,27,42,34,43,26,29,47,35,37,39,41,52,33,53,61,63,75,54,59,68,76,69,71,55,70,58,67,79,77,66,31,51,50,78,57,46,38,62,65,73,+13 MissingAxioms=0,7,8,15,24,48 TotalTime=62.4
Step=74 ResultRays= 67504 RayPairs= 412060194 NewAxiom=14 PrevAxioms=1,2,3,4,5,6,9,10,12,16,17,18,20,22,23,25,28,30,32,36,40,44,49,56,64,72,11,13,19,21,45,60,74,27,42,34,43,26,29,47,35,37,39,41,52,33,53,61,63,75,59,71,69,31,38,58,66,65,67,79,77,51,68,76,78,55,50,70,46,54,62,73,57,+14 MissingAxioms=0,7,8,15,24,48 TotalTime=68.0
Step=74 ResultRays= 67504 RayPairs= 374803919 NewAxiom=16 PrevAxioms=1,2,3,4,5,6,9,10,12,14,17,18,20,22,23,25,28,32,33,36,40,44,49,56,64,72,11,13,19,21,60,68,74,27,76,29,35,30,53,34,38,46,26,37,69,75,78,31,47,42,43,71,52,61,63,54,67,39,45,77,79,65,59,66,58,70,55,62,50,51,73,41,57,+16 MissingAxioms=0,7,8,15,24,48 TotalTime=83.3
Step=74 ResultRays= 67504 RayPairs= 680609436 NewAxiom=17 PrevAxioms=1,2,3,4,5,6,9,10,12,14,16,18,20,22,23,25,28,32,33,36,40,44,49,56,64,72,11,13,19,21,60,68,74,27,76,29,34,26,30,35,45,47,53,62,75,42,54,55,70,71,46,50,66,78,58,63,31,69,43,38,77,67,41,52,61,59,79,39,37,57,51,65,73,+17 MissingAxioms=0,7,8,15,24,48 TotalTime=65.0
Step=74 ResultRays= 67504 RayPairs= 553628205 NewAxiom=18 PrevAxioms=1,2,3,4,5,6,9,10,12,14,16,17,19,20,22,23,25,28,32,36,40,44,49,56,64,72,11,13,21,60,68,74,27,76,29,26,30,58,70,37,39,50,66,54,77,38,31,78,34,46,67,53,75,62,42,65,45,47,55,63,61,52,35,59,79,71,43,69,41,57,51,33,73,+18 MissingAxioms=0,7,8,15,24,48 TotalTime=75.9
Step=74 ResultRays= 67504 RayPairs= 414029175 NewAxiom=19 PrevAxioms=1,2,3,4,5,6,9,10,12,14,16,17,18,20,22,23,25,28,32,36,40,44,49,56,64,72,11,13,21,34,42,27,29,37,43,26,30,35,39,68,76,69,74,70,60,53,75,71,55,66,62,52,61,58,45,47,67,65,79,77,31,46,78,73,54,50,63,59,38,51,57,33,41,+19 MissingAxioms=0,7,8,15,24,48 TotalTime=97.7
Step=74 ResultRays= 67504 RayPairs= 553628205 NewAxiom=20 PrevAxioms=1,2,3,4,5,6,9,10,12,14,16,17,18,21,22,23,25,28,32,36,40,44,49,56,64,72,11,13,19,60,68,74,27,76,29,34,26,30,45,47,35,51,62,37,39,53,75,31,42,38,54,55,70,71,69,43,63,66,79,67,59,57,77,58,52,61,50,78,33,65,46,41,73,+20 MissingAxioms=0,7,8,15,24,48 TotalTime=75.1
Step=74 ResultRays= 67504 RayPairs= 414029175 NewAxiom=21 PrevAxioms=1,2,3,4,5,6,9,10,12,14,16,17,18,20,22,23,25,28,32,36,40,44,49,56,64,72,11,13,19,38,46,27,34,42,29,43,26,30,37,35,45,58,66,31,51,67,55,60,74,54,68,62,76,63,61,52,69,71,75,50,47,79,59,33,77,39,78,73,53,70,41,57,65,+21 MissingAxioms=0,7,8,15,24,48 TotalTime=73.3
Step=74 ResultRays= 67504 RayPairs= 589476186 NewAxiom=22 PrevAxioms=1,2,3,4,5,6,9,10,12,14,16,17,18,20,23,25,28,31,32,36,40,44,49,56,64,72,11,13,19,21,60,68,74,27,76,29,34,26,30,35,45,47,46,53,75,58,66,59,54,33,42,43,79,57,37,39,63,61,77,78,52,69,71,67,38,65,70,55,62,50,51,73,41,+22 MissingAxioms=0,7,8,15,24,48 TotalTime=65.3
Step=74 ResultRays= 67504 RayPairs= 391214390 NewAxiom=23 PrevAxioms=1,2,3,4,5,6,9,10,12,14,16,17,18,20,22,25,28,31,32,36,40,44,49,56,64,72,11,13,19,21,60,68,74,27,76,29,34,26,30,35,45,53,62,75,46,42,54,55,70,51,50,63,43,71,58,66,59,33,52,69,61,41,39,65,77,79,67,47,37,78,73,38,57,+23 MissingAxioms=0,7,8,15,24,48 TotalTime=57.8
Step=74 ResultRays= 67504 RayPairs= 486663221 NewAxiom=25 PrevAxioms=1,2,3,4,5,6,9,10,12,14,16,17,18,20,22,23,26,28,32,36,40,44,49,56,64,72,11,13,19,21,60,68,74,27,51,76,29,34,35,30,46,33,42,54,62,50,70,53,43,66,67,77,58,69,55,63,31,38,59,79,61,41,45,71,75,47,65,37,39,52,78,57,73,+25 MissingAxioms=0,7,8,15,24,48 TotalTime=67.9
Step=74 ResultRays= 67504 RayPairs= 486663221 NewAxiom=26 PrevAxioms=1,2,3,4,5,6,9,10,12,14,16,17,18,20,22,23,25,28,32,36,40,44,49,56,64,72,11,13,19,21,60,68,74,27,76,29,34,30,35,53,46,75,33,42,54,62,45,47,70,55,37,39,63,61,59,71,78,66,43,67,58,31,79,77,57,65,69,41,52,50,51,38,73,+26 MissingAxioms=0,7,8,15,24,48 TotalTime=72.6
Step=74 ResultRays= 67504 RayPairs= 589152285 NewAxiom=27 PrevAxioms=1,2,3,4,5,6,9,10,12,14,16,17,18,20,22,23,25,28,32,36,40,44,49,56,64,72,11,13,19,21,60,68,74,51,76,29,53,34,35,46,75,33,30,42,54,62,45,47,70,55,37,39,63,61,59,71,52,78,58,66,67,43,50,69,79,77,31,41,65,38,26,57,73,+27 MissingAxioms=0,7,8,15,24,48 TotalTime=66.1
Step=74 ResultRays= 67504 RayPairs= 489909570 NewAxiom=28 PrevAxioms=1,2,3,4,5,6,9,10,12,14,16,17,18,20,22,23,25,29,32,36,40,44,49,56,64,72,11,13,19,21,53,60,68,74,75,34,27,52,45,47,35,76,46,31,33,42,61,54,63,37,39,59,43,69,71,58,66,67,79,77,26,78,57,51,55,50,62,73,30,38,70,41,65,+28 MissingAxioms=0,7,8,15,24,48 TotalTime=74.4
Step=74 ResultRays= 67504 RayPairs= 570784320 NewAxiom=29 PrevAxioms=1,2,3,4,5,6,9,10,12,14,16,17,18,20,22,23,25,28,32,36,40,44,49,56,64,72,11,13,19,21,60,68,74,27,76,30,34,26,45,35,47,61,46,51,42,62,70,77,50,33,58,38,43,63,59,79,66,67,54,55,31,39,37,69,52,71,57,75,78,73,53,65,41,+29 MissingAxioms=0,7,8,15,24,48 TotalTime=80.8
Step=74 ResultRays= 67504 RayPairs= 570784320 NewAxiom=30 PrevAxioms=1,2,3,4,5,6,9,10,12,14,16,17,18,20,22,23,25,28,32,36,40,44,49,56,64,72,11,13,19,21,60,68,74,27,76,29,34,26,35,45,47,53,75,46,42,33,69,43,71,79,31,37,52,61,63,54,67,39,77,78,66,58,59,57,65,51,55,62,50,73,38,70,41,+30 MissingAxioms=0,7,8,15,24,48 TotalTime=89.1
Step=74 ResultRays= 67504 RayPairs= 262091622 NewAxiom=31 PrevAxioms=1,2,3,4,5,6,9,10,12,14,16,17,18,20,22,23,25,28,32,36,40,44,49,56,64,72,11,13,19,21,60,68,74,27,76,29,34,26,30,35,45,47,53,62,75,42,54,33,46,70,55,37,39,63,43,61,71,59,66,67,79,77,58,52,69,50,57,73,51,78,41,38,65,+31 MissingAxioms=0,7,8,15,24,48 TotalTime=57.9
Step=74 ResultRays= 67504 RayPairs= 394199757 NewAxiom=32 PrevAxioms=1,2,3,4,5,6,9,10,12,14,16,17,18,20,22,23,25,28,33,36,40,44,49,56,64,72,11,13,19,21,68,76,27,58,35,66,59,30,45,29,53,47,52,38,51,67,42,43,71,69,37,39,31,61,41,34,63,75,55,70,50,60,79,74,77,78,65,26,46,54,62,57,73,+32 MissingAxioms=0,7,8,15,24,48 TotalTime=68.5
Step=74 ResultRays= 67504 RayPairs= 664378371 NewAxiom=33 PrevAxioms=1,2,3,4,5,6,9,10,12,14,16,17,18,20,22,23,25,28,32,36,40,44,49,56,64,72,11,13,19,21,60,68,74,27,76,29,34,26,30,35,45,47,53,62,75,42,54,55,70,71,46,50,66,78,58,63,31,69,43,38,77,67,65,61,52,37,39,79,59,57,51,41,73,+33 MissingAxioms=0,7,8,15,24,48 TotalTime=54.2
Step=74 ResultRays= 67504 RayPairs= 572943677 NewAxiom=34 PrevAxioms=1,2,3,4,5,6,9,10,12,14,16,17,18,20,22,23,25,28,32,36,40,44,49,56,64,72,11,13,19,21,60,68,74,27,76,29,42,26,30,43,37,39,70,77,38,51,58,54,66,67,41,59,55,50,45,47,31,62,63,61,35,79,75,78,33,73,52,69,71,53,46,57,65,+34 MissingAxioms=0,7,8,15,24,48 TotalTime=83.8
Step=74 ResultRays= 67504 RayPairs= 400140891 NewAxiom=35 PrevAxioms=1,2,3,4,5,6,9,10,12,14,16,17,18,20,22,23,25,28,32,36,40,44,49,56,64,72,11,13,19,21,60,68,74,27,76,29,34,26,30,45,47,62,53,75,42,52,33,37,39,61,55,43,59,70,71,69,67,79,66,63,51,78,31,77,46,58,50,73,65,54,38,57,41,+35 MissingAxioms=0,7,8,15,24,48 TotalTime=95.7
Step=74 ResultRays= 67504 RayPairs= 428022000 NewAxiom=36 PrevAxioms=1,2,3,4,5,6,9,10,12,14,16,17,18,20,22,23,25,28,32,37,40,44,49,56,64,72,11,13,19,21,68,76,27,34,29,39,42,26,30,35,43,38,45,47,33,41,31,50,58,66,51,59,55,67,60,74,62,79,75,77,71,69,78,46,73,61,63,70,53,52,65,54,57,+36 MissingAxioms=0,7,8,15,24,48 TotalTime=89.3
Step=74 ResultRays= 67504 RayPairs= 402636752 NewAxiom=37 PrevAxioms=1,2,3,4,5,6,9,10,12,14,16,17,18,20,22,23,25,28,32,36,40,44,49,56,64,72,11,13,19,21,60,68,74,27,76,29,34,26,30,35,45,47,53,62,75,42,54,33,46,70,55,71,50,77,43,69,66,79,67,63,58,31,59,39,61,52,51,78,65,38,41,73,57,+37 MissingAxioms=0,7,8,15,24,48 TotalTime=72.2
Step=74 ResultRays= 67504 RayPairs= 584835000 NewAxiom=38 PrevAxioms=1,2,3,4,5,6,9,10,12,14,16,17,18,20,22,23,25,28,32,36,40,44,49,56,64,72,11,13,19,21,60,68,74,27,76,29,34,26,30,35,45,47,53,62,75,42,54,33,46,70,55,37,39,63,43,61,71,59,66,67,79,77,31,50,69,52,51,78,58,57,73,65,41,+38 MissingAxioms=0,7,8,15,24,48 TotalTime=69.6
Step=74 ResultRays= 67504 RayPairs= 432273534 NewAxiom=39 PrevAxioms=1,2,3,4,5,6,9,10,12,14,16,17,18,20,22,23,25,28,32,36,40,44,49,56,64,72,11,13,19,21,60,68,74,27,76,29,34,26,30,35,45,47,53,62,75,42,54,33,46,70,55,37,63,43,71,69,66,52,77,61,50,79,59,58,31,67,51,38,57,65,78,41,73,+39 MissingAxioms=0,7,8,15,24,48 TotalTime=57.3
Step=74 ResultRays= 67504 RayPairs= 394199757 NewAxiom=40 PrevAxioms=1,2,3,4,5,6,9,10,12,14,16,17,18,20,22,23,25,28,32,36,41,44,49,56,64,72,11,13,19,21,60,74,27,66,43,58,29,53,59,75,42,45,47,62,30,61,51,79,34,67,71,50,52,38,69,37,65,68,76,31,39,55,35,78,26,70,46,77,63,57,54,73,33,+40 MissingAxioms=0,7,8,15,24,48 TotalTime=69.6
Step=74 ResultRays= 67504 RayPairs= 664378371 NewAxiom=41 PrevAxioms=1,2,3,4,5,6,9,10,12,14,16,17,18,20,22,23,25,28,32,36,40,44,49,56,64,72,11,13,19,21,60,68,74,27,76,29,34,26,30,35,45,47,53,62,75,42,54,33,46,70,55,37,39,63,43,61,71,59,66,67,79,77,31,50,69,52,51,78,58,57,73,38,65,+41 MissingAxioms=0,7,8,15,24,48 TotalTime=67.9
Step=74 ResultRays= 67504 RayPairs= 572943677 NewAxiom=42 PrevAxioms=1,2,3,4,5,6,9,10,12,14,16,17,18,20,22,23,25,28,32,36,40,44,49,56,64,72,11,13,19,21,60,68,74,27,76,29,34,26,30,35,45,47,53,62,75,46,51,54,38,58,66,50,59,67,33,31,55,70,43,79,71,69,37,39,52,77,63,61,41,65,78,73,57,+42 MissingAxioms=0,7,8,15,24,48 TotalTime=69.3
Step=74 ResultRays= 67504 RayPairs= 400140891 NewAxiom=43 PrevAxioms=1,2,3,4,5,6,9,10,12,14,16,17,18,20,22,23,25,28,32,36,40,44,49,56,64,72,11,13,19,21,60,68,74,27,76,29,34,26,30,35,45,47,53,62,75,42,54,33,46,70,55,37,39,63,69,59,50,77,79,52,58,66,31,61,38,71,67,51,78,57,73,65,41,+43 MissingAxioms=0,7,8,15,24,48 TotalTime=65.3
Step=74 ResultRays= 67504 RayPairs= 428022000 NewAxiom=44 PrevAxioms=1,2,3,4,5,6,9,10,12,14,16,17,18,20,22,23,25,28,32,36,40,45,49,56,64,72,11,13,19,21,60,74,27,42,29,34,47,43,26,30,35,37,39,41,46,52,33,53,61,63,54,75,59,31,50,58,66,76,68,69,71,77,79,67,51,55,78,65,62,73,38,70,57,+44 MissingAxioms=0,7,8,15,24,48 TotalTime=72.2
Step=74 ResultRays= 67504 RayPairs= 402636752 NewAxiom=45 PrevAxioms=1,2,3,4,5,6,9,10,12,14,16,17,18,20,22,23,25,28,32,36,40,44,49,56,64,72,11,13,19,21,60,68,74,27,76,29,34,26,30,35,46,53,75,42,33,69,31,71,43,41,50,66,58,59,37,73,39,63,61,57,77,38,79,78,67,47,51,55,70,52,54,62,65,+45 MissingAxioms=0,7,8,15,24,48 TotalTime=76.9
Step=74 ResultRays= 67504 RayPairs= 584835000 NewAxiom=46 PrevAxioms=1,2,3,4,5,6,9,10,12,14,16,17,18,20,22,23,25,28,32,36,40,44,49,56,64,72,11,13,19,21,60,68,74,27,76,29,34,26,30,35,45,47,53,62,75,42,54,33,70,55,71,50,77,43,69,67,79,63,59,66,39,52,51,61,58,31,78,37,38,57,41,73,65,+46 MissingAxioms=0,7,8,15,24,48 TotalTime=64.0
Step=74 ResultRays= 67504 RayPairs= 432273534 NewAxiom=47 PrevAxioms=1,2,3,4,5,6,9,10,12,14,16,17,18,20,22,23,25,28,32,36,40,44,49,56,64,72,11,13,19,21,60,68,74,27,76,29,34,26,30,35,45,53,62,75,46,42,54,31,70,37,52,51,55,66,67,50,61,39,58,59,63,33,69,77,79,71,78,57,43,73,38,41,65,+47 MissingAxioms=0,7,8,15,24,48 TotalTime=53.3
Step=74 ResultRays= 67504 RayPairs= 486663221 NewAxiom=49 PrevAxioms=1,2,3,4,5,6,9,10,12,14,16,17,18,20,22,23,25,28,32,36,40,44,50,56,64,72,11,13,19,21,60,68,74,27,51,76,30,34,45,61,46,63,42,43,26,54,77,62,55,31,58,38,39,78,59,35,66,52,69,71,57,37,47,67,79,65,75,73,53,70,33,29,41,+49 MissingAxioms=0,7,8,15,24,48 TotalTime=70.3
Step=74 ResultRays= 67504 RayPairs= 486663221 NewAxiom=50 PrevAxioms=1,2,3,4,5,6,9,10,12,14,16,17,18,20,22,23,25,28,32,36,40,44,49,56,64,72,11,13,19,21,60,68,74,27,76,29,34,26,30,35,45,47,53,62,75,42,54,33,46,70,55,37,39,63,43,61,71,59,66,67,79,77,31,52,69,51,78,58,57,41,38,65,73,+50 MissingAxioms=0,7,8,15,24,48 TotalTime=66.0
Step=74 ResultRays= 67504 RayPairs= 589152285 NewAxiom=51 PrevAxioms=1,2,3,4,5,6,9,10,12,14,16,17,18,20,22,23,25,28,32,36,40,44,49,56,64,72,11,13,19,21,60,68,74,27,76,29,34,26,30,35,45,47,53,62,75,42,54,33,46,70,55,37,39,63,43,61,71,59,66,67,79,77,31,50,69,52,38,58,57,65,78,41,73,+51 MissingAxioms=0,7,8,15,24,48 TotalTime=76.0
Step=74 ResultRays= 67504 RayPairs= 489909570 NewAxiom=52 PrevAxioms=1,2,3,4,5,6,9,10,12,14,16,17,18,20,22,23,25,28,32,36,40,44,49,56,64,72,11,13,19,21,60,68,74,27,76,29,34,26,30,35,45,47,53,62,75,42,54,33,46,70,55,37,39,63,43,61,71,59,66,67,79,77,31,50,69,51,78,38,58,57,73,65,41,+52 MissingAxioms=0,7,8,15,24,48 TotalTime=64.6
Step=74 ResultRays= 67504 RayPairs= 570784320 NewAxiom=53 PrevAxioms=1,2,3,4,5,6,9,10,12,14,16,17,18,20,22,23,25,28,32,36,40,44,49,56,64,72,11,13,19,21,60,68,74,27,76,29,34,26,30,35,45,47,62,51,42,61,63,70,77,58,43,38,50,33,59,69,79,75,66,54,55,31,46,67,71,39,78,52,65,37,73,41,57,+53 MissingAxioms=0,7,8,15,24,48 TotalTime=77.5
Step=74 ResultRays= 67504 RayPairs= 570784320 NewAxiom=54 PrevAxioms=1,2,3,4,5,6,9,10,12,14,16,17,18,20,22,23,25,28,32,36,40,44,49,56,64,72,11,13,19,21,60,68,74,27,76,29,34,26,30,35,45,47,53,62,75,42,46,51,70,52,37,55,39,61,71,66,69,31,43,79,77,78,58,33,50,59,63,67,38,57,73,41,65,+54 MissingAxioms=0,7,8,15,24,48 TotalTime=63.7
Step=74 ResultRays= 67504 RayPairs= 262091622 NewAxiom=55 PrevAxioms=1,2,3,4,5,6,9,10,12,14,16,17,18,20,22,23,25,28,32,36,40,44,49,56,64,72,11,13,19,21,60,68,74,27,76,29,34,26,30,35,45,47,53,62,75,42,54,33,46,70,51,50,77,37,39,69,52,79,43,66,58,31,38,61,41,59,63,67,71,57,78,65,73,+55 MissingAxioms=0,7,8,15,24,48 TotalTime=43.0
Step=74 ResultRays= 67504 RayPairs= 394199757 NewAxiom=56 PrevAxioms=1,2,3,4,5,6,9,10,12,14,16,17,18,20,22,23,25,28,32,36,40,44,49,57,64,72,11,13,19,21,68,74,27,59,76,29,34,26,30,35,45,53,47,75,42,52,33,37,43,79,54,69,41,71,67,77,55,65,61,66,63,60,39,62,50,51,31,46,58,78,38,70,73,+56 MissingAxioms=0,7,8,15,24,48 TotalTime=63.0
Step=74 ResultRays= 67504 RayPairs= 664378371 NewAxiom=57 PrevAxioms=1,2,3,4,5,6,9,10,12,14,16,17,18,20,22,23,25,28,32,36,40,44,49,56,64,72,11,13,19,21,60,68,74,27,76,29,34,26,30,35,45,47,53,62,75,42,54,33,46,70,55,37,39,63,43,61,71,59,66,67,79,77,31,50,69,52,51,78,58,41,65,38,73,+57 MissingAxioms=0,7,8,15,24,48 TotalTime=67.1
Step=74 ResultRays= 67504 RayPairs= 572943677 NewAxiom=58 PrevAxioms=1,2,3,4,5,6,9,10,12,14,16,17,18,20,22,23,25,28,32,36,40,44,49,56,64,72,11,13,19,21,60,68,74,27,76,29,34,26,30,35,45,47,53,62,75,42,54,33,46,70,55,37,39,63,43,61,71,59,66,67,79,77,31,50,69,52,51,78,38,57,65,73,41,+58 MissingAxioms=0,7,8,15,24,48 TotalTime=72.2
Step=74 ResultRays= 67504 RayPairs= 400140891 NewAxiom=59 PrevAxioms=1,2,3,4,5,6,9,10,12,14,16,17,18,20,22,23,25,28,32,36,40,44,49,56,64,72,11,13,19,21,60,68,74,27,76,29,34,26,30,35,45,47,53,62,75,42,54,33,46,70,55,37,39,63,43,61,71,66,77,67,58,31,79,52,69,50,38,57,41,51,78,73,65,+59 MissingAxioms=0,7,8,15,24,48 TotalTime=77.0
Step=74 ResultRays= 67504 RayPairs= 428022000 NewAxiom=60 PrevAxioms=1,2,3,4,5,6,9,10,12,14,16,17,18,20,22,23,25,28,32,36,40,44,49,56,64,72,11,13,19,21,68,74,27,58,76,59,70,30,66,29,53,75,57,26,69,37,39,71,55,42,34,35,43,63,31,51,52,61,73,45,47,67,79,77,78,50,54,46,62,38,33,65,41,+60 MissingAxioms=0,7,8,15,24,48 TotalTime=95.3
Step=74 ResultRays= 67504 RayPairs= 402636752 NewAxiom=61 PrevAxioms=1,2,3,4,5,6,9,10,12,14,16,17,18,20,22,23,25,28,32,36,40,44,49,56,64,72,11,13,19,21,60,68,74,27,76,29,34,26,30,35,45,47,53,62,75,42,54,33,46,70,55,37,39,63,43,69,59,66,52,50,77,79,58,31,38,57,71,67,41,51,78,65,73,+61 MissingAxioms=0,7,8,15,24,48 TotalTime=80.4
Step=74 ResultRays= 67504 RayPairs= 584835000 NewAxiom=62 PrevAxioms=1,2,3,4,5,6,9,10,12,14,16,17,18,20,22,23,25,28,32,36,40,44,49,56,64,72,11,13,19,21,60,68,74,27,76,29,34,26,30,35,45,47,53,75,42,33,69,71,43,79,52,61,63,50,67,55,77,70,59,66,39,37,51,78,31,54,58,57,41,38,73,46,65,+62 MissingAxioms=0,7,8,15,24,48 TotalTime=75.2
Step=74 ResultRays= 67504 RayPairs= 432273534 NewAxiom=63 PrevAxioms=1,2,3,4,5,6,9,10,12,14,16,17,18,20,22,23,25,28,32,36,40,44,49,56,64,72,11,13,19,21,60,68,74,27,76,29,34,26,30,35,45,47,53,62,75,42,54,33,46,70,55,37,39,71,69,43,66,61,77,79,67,52,31,50,58,38,41,65,51,59,78,57,73,+63 MissingAxioms=0,7,8,15,24,48 TotalTime=66.8
Step=74 ResultRays= 67504 RayPairs= 394199757 NewAxiom=64 PrevAxioms=1,2,3,4,5,6,9,10,12,14,16,17,18,20,22,23,25,28,32,36,40,44,49,56,65,72,11,13,19,21,60,74,27,42,67,29,34,43,26,30,45,35,47,37,53,75,71,58,51,66,79,52,76,31,59,50,55,78,39,77,63,61,69,38,41,73,68,54,46,70,62,33,57,+64 MissingAxioms=0,7,8,15,24,48 TotalTime=82.4
Step=74 ResultRays= 67504 RayPairs= 664378371 NewAxiom=65 PrevAxioms=1,2,3,4,5,6,9,10,12,14,16,17,18,20,22,23,25,28,32,36,40,44,49,56,64,72,11,13,19,21,60,68,74,27,76,29,34,26,30,35,45,47,53,62,75,42,54,33,46,70,55,37,39,63,43,61,71,59,66,67,79,77,31,50,69,52,51,78,58,57,73,38,41,+65 MissingAxioms=0,7,8,15,24,48 TotalTime=67.5
Step=74 ResultRays= 67504 RayPairs= 572943677 NewAxiom=66 PrevAxioms=1,2,3,4,5,6,9,10,12,14,16,17,18,20,22,23,25,28,32,36,40,44,49,56,64,72,11,13,19,21,60,68,74,27,76,29,34,26,30,35,45,47,53,62,75,42,54,33,46,70,55,37,39,63,43,61,71,59,58,67,79,31,77,50,52,69,51,78,38,57,65,41,73,+66 MissingAxioms=0,7,8,15,24,48 TotalTime=72.4
Step=74 ResultRays= 67504 RayPairs= 400140891 NewAxiom=67 PrevAxioms=1,2,3,4,5,6,9,10,12,14,16,17,18,20,22,23,25,28,32,36,40,44,49,56,64,72,11,13,19,21,60,68,74,27,76,29,34,26,30,35,45,47,53,62,75,42,54,33,46,70,55,37,39,63,43,61,71,59,66,52,69,50,77,79,58,31,57,51,78,73,38,41,65,+67 MissingAxioms=0,7,8,15,24,48 TotalTime=66.1
Step=74 ResultRays= 67504 RayPairs= 428022000 NewAxiom=68 PrevAxioms=1,2,3,4,5,6,9,10,12,14,16,17,18,20,22,23,25,28,32,36,40,44,49,56,64,72,11,13,19,21,60,74,27,42,29,34,43,26,30,45,47,35,37,39,41,52,33,53,61,63,75,54,59,76,70,69,55,71,50,58,66,51,67,79,77,31,78,38,57,73,62,46,65,+68 MissingAxioms=0,7,8,15,24,48 TotalTime=72.2
Step=74 ResultRays= 67504 RayPairs= 402636752 NewAxiom=69 PrevAxioms=1,2,3,4,5,6,9,10,12,14,16,17,18,20,22,23,25,28,32,36,40,44,49,56,64,72,11,13,19,21,60,68,74,27,76,29,34,26,30,35,45,47,53,62,75,42,54,33,46,70,55,37,39,63,43,61,71,59,66,67,79,77,31,50,52,51,78,58,57,65,38,73,41,+69 MissingAxioms=0,7,8,15,24,48 TotalTime=72.5
Step=74 ResultRays= 67504 RayPairs= 584835000 NewAxiom=70 PrevAxioms=1,2,3,4,5,6,9,10,12,14,16,17,18,20,22,23,25,28,32,36,40,44,49,56,64,72,11,13,19,21,60,68,74,27,76,29,34,26,30,35,45,47,53,62,75,42,54,33,46,31,37,39,38,51,55,63,78,43,69,52,59,79,77,50,71,61,58,66,67,57,65,73,41,+70 MissingAxioms=0,7,8,15,24,48 TotalTime=60.8
Step=74 ResultRays= 67504 RayPairs= 432273534 NewAxiom=71 PrevAxioms=1,2,3,4,5,6,9,10,12,14,16,17,18,20,22,23,25,28,32,36,40,44,49,56,64,72,11,13,19,21,60,68,74,27,76,29,34,26,30,35,45,47,53,62,75,42,54,33,46,70,55,37,39,63,43,61,59,66,69,52,58,31,78,50,77,79,57,38,73,51,67,65,41,+71 MissingAxioms=0,7,8,15,24,48 TotalTime=61.1
Step=74 ResultRays= 67504 RayPairs= 397385352 NewAxiom=72 PrevAxioms=1,2,3,4,5,6,9,10,12,14,16,17,18,20,22,23,25,28,32,36,40,44,49,56,64,73,11,13,19,21,60,68,27,29,34,26,30,35,45,47,53,62,42,54,33,70,55,63,43,37,39,61,75,59,71,67,58,79,66,74,31,51,69,50,52,77,38,76,78,46,65,41,57,+72 MissingAxioms=0,7,8,15,24,48 TotalTime=82.1
Step=74 ResultRays= 67504 RayPairs= 643896580 NewAxiom=73 PrevAxioms=1,2,3,4,5,6,9,10,12,14,16,17,18,20,22,23,25,28,32,36,40,44,49,56,64,72,11,13,19,21,60,68,74,27,76,29,34,26,30,35,45,47,53,62,75,42,54,33,46,70,55,37,39,63,43,61,71,59,66,67,79,77,31,50,69,52,51,78,58,57,41,38,65,+73 MissingAxioms=0,7,8,15,24,48 TotalTime=67.4
Step=74 ResultRays= 67504 RayPairs= 400084029 NewAxiom=74 PrevAxioms=1,2,3,4,5,6,9,10,12,14,16,17,18,20,22,23,25,28,32,36,40,44,49,56,64,72,11,13,19,21,60,68,76,27,29,34,26,30,35,45,47,53,62,42,54,33,70,55,71,43,46,37,39,63,69,59,75,66,61,52,67,79,31,77,50,51,58,57,73,78,38,41,65,+74 MissingAxioms=0,7,8,15,24,48 TotalTime=74.0
Step=74 ResultRays= 67504 RayPairs= 391424118 NewAxiom=75 PrevAxioms=1,2,3,4,5,6,9,10,12,14,16,17,18,20,22,23,25,28,32,36,40,44,49,56,64,72,11,13,19,21,60,68,74,27,76,29,34,26,30,35,45,47,53,62,42,54,33,70,55,63,43,37,39,61,59,71,67,58,77,50,52,69,51,79,66,31,78,46,57,38,41,65,73,+75 MissingAxioms=0,7,8,15,24,48 TotalTime=57.0
Step=74 ResultRays= 67504 RayPairs= 400084029 NewAxiom=76 PrevAxioms=1,2,3,4,5,6,9,10,12,14,16,17,18,20,22,23,25,28,32,36,40,44,49,56,64,72,11,13,19,21,60,68,74,27,29,34,26,30,35,45,47,53,62,75,42,54,33,46,70,55,37,39,63,61,43,71,59,66,67,79,31,77,78,58,52,69,50,57,65,51,38,41,73,+76 MissingAxioms=0,7,8,15,24,48 TotalTime=77.7
Step=74 ResultRays= 67504 RayPairs= 391424118 NewAxiom=77 PrevAxioms=1,2,3,4,5,6,9,10,12,14,16,17,18,20,22,23,25,28,32,36,40,44,49,56,64,72,11,13,19,21,60,68,74,27,76,29,34,26,30,35,45,47,53,62,75,42,54,33,46,70,55,37,39,63,43,61,71,59,66,67,79,31,69,52,51,50,38,78,57,73,58,41,65,+77 MissingAxioms=0,7,8,15,24,48 TotalTime=74.1
Step=74 ResultRays= 67504 RayPairs= 582999120 NewAxiom=78 PrevAxioms=1,2,3,4,5,6,9,10,12,14,16,17,18,20,22,23,25,28,32,36,40,44,49,56,64,72,11,13,19,21,60,68,74,27,76,29,34,26,30,35,45,47,53,62,75,42,54,33,46,70,55,37,39,63,43,61,71,59,66,67,79,77,31,50,69,52,51,38,58,57,73,41,65,+78 MissingAxioms=0,7,8,15,24,48 TotalTime=70.3
Step=74 ResultRays= 67504 RayPairs= 423314607 NewAxiom=79 PrevAxioms=1,2,3,4,5,6,9,10,12,14,16,17,18,20,22,23,25,28,32,36,40,44,49,56,64,72,11,13,19,21,60,68,74,27,76,29,34,26,30,35,45,47,53,62,75,42,54,33,46,70,55,37,39,63,43,61,71,59,66,67,52,69,58,31,77,50,51,78,57,41,38,73,65,+79 MissingAxioms=0,7,8,15,24,48 TotalTime=56.9
Step=74 ############.................. Axiom31 Group3 f({0, 1, 2, 3, 4}) >= f({1, 2, 4})
Step=74 ############.................. Axiom55 Group3 f({0, 1, 2, 3, 4}) >= f({1, 2, 3})
Step=74 #################............. Axiom16 Group0 f({1}) + f({2}) >= f({1, 2})
Step=74 #################............. Axiom23 Group3 f({0, 1, 2, 3, 4}) >= f({0, 3, 4})
Step=74 #################............. Axiom75 Group2 f({0, 1, 3}) + f({0, 1, 4}) >= f({0, 1}) + f({0, 1, 2, 3, 4})
Step=74 #################............. Axiom77 Group2 f({0, 2, 3}) + f({0, 2, 4}) >= f({0, 2}) + f({0, 1, 2, 3, 4})
Step=74 #################............. Axiom32 Group0 f({1}) + f({3}) >= f({1, 3})
Step=74 #################............. Axiom40 Group0 f({2}) + f({3}) >= f({2, 3})
Step=74 #################............. Axiom56 Group0 f({1}) + f({4}) >= f({1, 4})
Step=74 #################............. Axiom64 Group0 f({2}) + f({4}) >= f({2, 4})
Step=74 ##################............ Axiom72 Group0 f({3}) + f({4}) >= f({3, 4})
Step=74 ##################............ Axiom74 Group1 f({1, 3}) + f({1, 4}) >= f({1}) + f({1, 3, 4})
Step=74 ##################............ Axiom76 Group1 f({2, 3}) + f({2, 4}) >= f({2}) + f({2, 3, 4})
Step=74 ##################............ Axiom35 Group2 f({0, 1, 2}) + f({0, 2, 3}) >= f({0, 2}) + f({0, 1, 2, 3, 4})
Step=74 ##################............ Axiom43 Group2 f({0, 1, 2}) + f({0, 1, 3}) >= f({0, 1}) + f({0, 1, 2, 3, 4})
Step=74 ##################............ Axiom59 Group2 f({0, 1, 2}) + f({0, 2, 4}) >= f({0, 2}) + f({0, 1, 2, 3, 4})
Step=74 ##################............ Axiom67 Group2 f({0, 1, 2}) + f({0, 1, 4}) >= f({0, 1}) + f({0, 1, 2, 3, 4})
Step=74 ##################............ Axiom37 Group2 f({0, 1, 4}) + f({0, 3, 4}) >= f({0, 1, 2, 3, 4}) + f({0, 4})
Step=74 ##################............ Axiom45 Group2 f({0, 2, 4}) + f({0, 3, 4}) >= f({0, 1, 2, 3, 4}) + f({0, 4})
Step=74 ##################............ Axiom61 Group2 f({0, 1, 3}) + f({0, 3, 4}) >= f({0, 3}) + f({0, 1, 2, 3, 4})
Step=74 ##################............ Axiom69 Group2 f({0, 2, 3}) + f({0, 3, 4}) >= f({0, 3}) + f({0, 1, 2, 3, 4})
Step=74 ##################............ Axiom6 Group2 f({0, 3, 4}) + f({1, 3, 4}) >= f({0, 1, 2, 3, 4}) + f({3, 4})
Step=74 ##################............ Axiom14 Group2 f({0, 3, 4}) + f({2, 3, 4}) >= f({0, 1, 2, 3, 4}) + f({3, 4})
Step=74 ##################............ Axiom19 Group2 f({0, 1, 3}) + f({0, 2, 3}) >= f({0, 3}) + f({0, 1, 2, 3, 4})
Step=74 ##################............ Axiom21 Group2 f({0, 1, 4}) + f({0, 2, 4}) >= f({0, 1, 2, 3, 4}) + f({0, 4})
Step=74 ###################........... Axiom79 Group3 f({0, 1, 2, 3, 4}) >= f({0, 1, 2})
Step=74 ###################........... Axiom3 Group2 f({0, 2, 3}) + f({1, 2, 3}) >= f({2, 3}) + f({0, 1, 2, 3, 4})
Step=74 ###################........... Axiom5 Group2 f({0, 2, 4}) + f({1, 2, 4}) >= f({0, 1, 2, 3, 4}) + f({2, 4})
Step=74 ###################........... Axiom11 Group2 f({0, 1, 3}) + f({1, 2, 3}) >= f({1, 3}) + f({0, 1, 2, 3, 4})
Step=74 ###################........... Axiom13 Group2 f({0, 1, 4}) + f({1, 2, 4}) >= f({0, 1, 2, 3, 4}) + f({1, 4})
Step=74 ###################........... Axiom36 Group1 f({1, 4}) + f({3, 4}) >= f({4}) + f({1, 3, 4})
Step=74 ###################........... Axiom44 Group1 f({2, 4}) + f({3, 4}) >= f({4}) + f({2, 3, 4})
Step=74 ###################........... Axiom60 Group1 f({1, 3}) + f({3, 4}) >= f({3}) + f({1, 3, 4})
Step=74 ###################........... Axiom68 Group1 f({2, 3}) + f({3, 4}) >= f({3}) + f({2, 3, 4})
Step=74 ###################........... Axiom39 Group3 f({0, 1, 2, 3, 4}) >= f({0, 2, 4})
Step=74 ###################........... Axiom47 Group3 f({0, 1, 2, 3, 4}) >= f({0, 1, 4})
Step=74 ###################........... Axiom63 Group3 f({0, 1, 2, 3, 4}) >= f({0, 2, 3})
Step=74 ###################........... Axiom71 Group3 f({0, 1, 2, 3, 4}) >= f({0, 1, 3})
Step=74 ####################.......... Axiom1 Group1 f({0, 2}) + f({1, 2}) >= f({2}) + f({0, 1, 2})
Step=74 ####################.......... Axiom9 Group1 f({0, 1}) + f({1, 2}) >= f({1}) + f({0, 1, 2})
Step=74 #####################......... Axiom25 Group1 f({0, 1}) + f({1, 3}) >= f({1}) + f({0, 1, 3})
Step=74 #####################......... Axiom26 Group1 f({0, 2}) + f({2, 3}) >= f({2}) + f({0, 2, 3})
Step=74 #####################......... Axiom49 Group1 f({0, 1}) + f({1, 4}) >= f({1}) + f({0, 1, 4})
Step=74 #####################......... Axiom50 Group1 f({0, 2}) + f({2, 4}) >= f({2}) + f({0, 2, 4})
Step=74 ######################........ Axiom28 Group1 f({0, 4}) + f({3, 4}) >= f({4}) + f({0, 3, 4})
Step=74 ######################........ Axiom52 Group1 f({0, 3}) + f({3, 4}) >= f({3}) + f({0, 3, 4})
Step=74 ######################........ Axiom2 Group1 f({0, 3}) + f({1, 3}) >= f({3}) + f({0, 1, 3})
Step=74 ######################........ Axiom4 Group1 f({0, 4}) + f({1, 4}) >= f({4}) + f({0, 1, 4})
Step=74 ######################........ Axiom10 Group1 f({0, 3}) + f({2, 3}) >= f({3}) + f({0, 2, 3})
Step=74 ######################........ Axiom12 Group1 f({0, 4}) + f({2, 4}) >= f({4}) + f({0, 2, 4})
Step=74 ########################...... Axiom18 Group1 f({1, 3}) + f({2, 3}) >= f({3}) + f({1, 2, 3})
Step=74 ########################...... Axiom20 Group1 f({1, 4}) + f({2, 4}) >= f({4}) + f({1, 2, 4})
Step=74 #########################..... Axiom29 Group2 f({0, 1, 4}) + f({1, 3, 4}) >= f({0, 1, 2, 3, 4}) + f({1, 4})
Step=74 #########################..... Axiom30 Group2 f({0, 2, 4}) + f({2, 3, 4}) >= f({0, 1, 2, 3, 4}) + f({2, 4})
Step=74 #########################..... Axiom53 Group2 f({0, 1, 3}) + f({1, 3, 4}) >= f({1, 3}) + f({0, 1, 2, 3, 4})
Step=74 #########################..... Axiom54 Group2 f({0, 2, 3}) + f({2, 3, 4}) >= f({2, 3}) + f({0, 1, 2, 3, 4})
Step=74 #########################..... Axiom34 Group1 f({1, 2}) + f({2, 3}) >= f({2}) + f({1, 2, 3})
Step=74 #########################..... Axiom42 Group1 f({1, 2}) + f({1, 3}) >= f({1}) + f({1, 2, 3})
Step=74 #########################..... Axiom58 Group1 f({1, 2}) + f({2, 4}) >= f({2}) + f({1, 2, 4})
Step=74 #########################..... Axiom66 Group1 f({1, 2}) + f({1, 4}) >= f({1}) + f({1, 2, 4})
Step=74 ##########################.... Axiom78 Group2 f({1, 2, 3}) + f({1, 2, 4}) >= f({1, 2}) + f({0, 1, 2, 3, 4})
Step=74 ##########################.... Axiom38 Group2 f({1, 2, 4}) + f({2, 3, 4}) >= f({0, 1, 2, 3, 4}) + f({2, 4})
Step=74 ##########################.... Axiom46 Group2 f({1, 2, 4}) + f({1, 3, 4}) >= f({0, 1, 2, 3, 4}) + f({1, 4})
Step=74 ##########################.... Axiom62 Group2 f({1, 2, 3}) + f({2, 3, 4}) >= f({2, 3}) + f({0, 1, 2, 3, 4})
Step=74 ##########################.... Axiom70 Group2 f({1, 2, 3}) + f({1, 3, 4}) >= f({1, 3}) + f({0, 1, 2, 3, 4})
Step=74 ##########################.... Axiom27 Group2 f({0, 1, 2}) + f({1, 2, 3}) >= f({1, 2}) + f({0, 1, 2, 3, 4})
Step=74 ##########################.... Axiom51 Group2 f({0, 1, 2}) + f({1, 2, 4}) >= f({1, 2}) + f({0, 1, 2, 3, 4})
Step=74 ##########################.... Axiom22 Group2 f({1, 3, 4}) + f({2, 3, 4}) >= f({0, 1, 2, 3, 4}) + f({3, 4})
Step=74 ############################.. Axiom73 Group1 f({0, 3}) + f({0, 4}) >= f({0}) + f({0, 3, 4})
Step=74 #############################. Axiom33 Group1 f({0, 1}) + f({0, 3}) >= f({0}) + f({0, 1, 3})
Step=74 #############################. Axiom41 Group1 f({0, 2}) + f({0, 3}) >= f({0}) + f({0, 2, 3})
Step=74 #############################. Axiom57 Group1 f({0, 1}) + f({0, 4}) >= f({0}) + f({0, 1, 4})
Step=74 #############################. Axiom65 Group1 f({0, 2}) + f({0, 4}) >= f({0}) + f({0, 2, 4})
Step=74 ############################## Axiom17 Group1 f({0, 1}) + f({0, 2}) >= f({0}) + f({0, 1, 2})
