Step=69 ResultRays= 44320 RayPairs= 226419200 NewAxiom=1 PrevAxioms=2,3,4,5,6,9,10,12,14,16,17,19,20,22,23,25,26,28,32,36,40,44,49,56,64,72,11,13,21,60,68,74,27,76,29,30,58,77,53,62,75,45,47,61,52,66,51,67,65,37,39,63,69,71,78,43,41,73,59,35,79,33,54,50,46,57,38,70,+1 MissingAxioms=0,7,8,15,18,24,31,34,42,48,55 TotalTime=34.6
Step=69 ResultRays= 44320 RayPairs= 226419200 NewAxiom=2 PrevAxioms=1,3,4,5,6,9,10,11,12,14,16,17,19,20,22,23,25,28,32,36,40,44,49,56,64,72,13,21,27,60,68,74,26,69,29,71,58,51,76,37,53,66,38,67,59,70,46,47,75,79,50,45,57,62,35,43,39,77,63,30,41,61,73,33,65,54,52,78,+2 MissingAxioms=0,7,8,15,18,24,31,34,42,48,55 TotalTime=27.4
Step=69 ResultRays= 44320 RayPairs= 205228845 NewAxiom=3 PrevAxioms=1,2,4,5,6,9,10,11,12,14,16,17,19,20,22,23,25,28,32,36,40,44,49,56,64,72,13,21,27,60,68,74,61,69,63,76,30,66,51,50,58,59,45,47,67,29,37,39,53,65,75,46,35,33,38,41,43,71,79,77,78,62,73,54,26,52,70,57,+3 MissingAxioms=0,7,8,15,18,24,31,34,42,48,55 TotalTime=23.6
Step=69 ResultRays= 44320 RayPairs= 207542225 NewAxiom=4 PrevAxioms=1,2,3,5,6,9,10,12,13,14,16,17,19,20,22,23,25,28,32,36,40,44,49,56,64,72,11,21,60,68,74,27,76,30,26,45,58,47,61,63,51,50,66,54,38,67,77,62,65,52,69,71,73,39,37,53,75,59,43,79,35,29,46,70,33,57,41,78,+4 MissingAxioms=0,7,8,15,18,24,31,34,42,48,55 TotalTime=25.0
Step=69 ResultRays= 44320 RayPairs= 198377660 NewAxiom=5 PrevAxioms=1,2,3,4,6,9,10,12,13,14,16,17,19,20,22,23,25,28,32,36,40,44,49,56,64,72,11,21,29,37,68,76,27,58,60,26,66,45,53,74,47,62,52,46,75,30,39,59,65,67,61,57,63,77,51,69,71,79,43,35,73,54,38,41,78,50,33,70,+5 MissingAxioms=0,7,8,15,18,24,31,34,42,48,55 TotalTime=30.9
Step=69 ResultRays= 44320 RayPairs= 198377660 NewAxiom=6 PrevAxioms=1,2,3,4,5,9,10,12,14,16,17,19,20,22,23,25,28,29,32,36,40,44,49,56,64,72,11,13,21,37,68,76,27,58,60,26,66,45,53,74,47,62,50,75,46,39,65,59,67,52,61,63,57,73,33,51,54,69,71,43,77,79,35,30,38,70,41,78,+6 MissingAxioms=0,7,8,15,18,24,31,34,42,48,55 TotalTime=26.6
Step=69 ResultRays= 44320 RayPairs= 226419200 NewAxiom=9 PrevAxioms=1,2,3,4,5,6,10,12,14,16,17,19,20,22,23,25,26,28,32,36,40,44,49,56,64,72,11,13,21,60,68,74,27,76,29,53,75,58,69,71,37,39,30,77,66,52,61,63,70,50,45,47,51,59,57,35,67,79,54,33,78,43,41,65,38,73,46,62,+9 MissingAxioms=0,7,8,15,18,24,31,34,42,48,55 TotalTime=29.0
Step=69 ResultRays= 44320 RayPairs= 226419200 NewAxiom=10 PrevAxioms=1,2,3,4,5,6,9,11,12,14,16,17,19,20,22,23,25,28,32,36,40,44,49,56,64,72,13,21,27,60,68,74,26,61,76,30,63,45,66,51,50,58,59,67,62,54,38,47,57,37,77,39,29,53,75,65,52,69,71,46,79,43,35,33,41,78,73,70,+10 MissingAxioms=0,7,8,15,18,24,31,34,42,48,55 TotalTime=25.3
Step=69 ResultRays= 44320 RayPairs= 205228845 NewAxiom=11 PrevAxioms=1,2,3,4,5,6,9,10,12,14,16,17,19,20,22,23,25,28,32,36,40,44,49,56,64,72,13,21,60,68,74,51,61,69,63,76,50,66,67,62,30,45,47,58,59,29,75,53,37,39,35,33,57,70,78,38,71,43,79,77,41,73,52,54,26,27,65,46,+11 MissingAxioms=0,7,8,15,18,24,31,34,42,48,55 TotalTime=28.1
Step=69 ResultRays= 44320 RayPairs= 207542225 NewAxiom=12 PrevAxioms=1,2,3,4,5,6,9,10,13,14,16,17,19,20,22,23,25,28,32,36,40,44,49,56,64,72,11,21,51,60,68,74,76,29,53,58,69,71,59,75,27,57,50,70,66,37,38,26,46,47,61,63,52,45,39,73,35,67,79,43,77,54,30,62,41,65,33,78,+12 MissingAxioms=0,7,8,15,18,24,31,34,42,48,55 TotalTime=27.6
Step=69 ResultRays= 44320 RayPairs= 198377660 NewAxiom=13 PrevAxioms=1,2,3,4,5,6,9,10,12,14,16,17,19,20,22,23,25,28,32,36,40,44,49,56,64,72,11,21,30,45,60,74,27,66,58,68,26,37,76,39,70,77,38,29,47,50,53,54,75,69,51,52,61,63,71,78,59,35,57,67,79,33,43,41,65,73,62,46,+13 MissingAxioms=0,7,8,15,18,24,31,34,42,48,55 TotalTime=28.5
Step=69 ResultRays= 44320 RayPairs= 198377660 NewAxiom=14 PrevAxioms=1,2,3,4,5,6,9,10,12,16,17,19,20,22,23,25,28,30,32,36,40,44,49,56,64,72,11,13,21,45,60,74,27,66,58,68,26,37,51,76,38,77,67,39,70,65,46,59,50,47,29,53,75,52,61,63,35,79,71,43,33,69,54,62,73,41,57,78,+14 MissingAxioms=0,7,8,15,18,24,31,34,42,48,55 TotalTime=32.8
Step=69 ResultRays= 44320 RayPairs= 167531708 NewAxiom=16 PrevAxioms=1,2,3,4,5,6,9,10,12,14,17,19,20,22,23,25,28,32,33,36,40,44,49,56,64,72,11,13,21,35,60,68,74,27,76,29,26,30,37,39,69,71,53,75,70,73,45,61,63,47,59,77,79,67,62,43,51,66,46,58,50,78,52,54,38,57,41,65,+16 MissingAxioms=0,7,8,15,18,24,31,34,42,48,55 TotalTime=29.9
Step=69 ResultRays= 44320 RayPairs= 263125458 NewAxiom=17 PrevAxioms=1,2,3,4,5,6,9,10,12,14,16,19,20,22,23,25,28,32,33,36,40,44,49,56,64,72,11,13,21,60,68,74,27,76,29,26,30,58,70,37,39,50,66,54,77,38,51,59,53,75,69,45,47,52,61,63,79,35,43,41,67,71,73,57,65,78,62,46,+17 MissingAxioms=0,7,8,15,18,24,31,34,42,48,55 TotalTime=25.9
Step=69 ResultRays= 44320 RayPairs= 199626390 NewAxiom=19 PrevAxioms=1,2,3,4,5,6,9,10,12,14,16,17,20,22,23,25,28,32,35,36,40,44,49,56,64,72,11,13,21,60,68,74,27,76,29,26,30,58,37,39,69,53,66,75,59,63,45,47,52,61,46,71,51,57,77,79,67,43,38,78,65,73,54,62,50,33,41,70,+19 MissingAxioms=0,7,8,15,18,24,31,34,42,48,55 TotalTime=27.9
Step=69 ResultRays= 44320 RayPairs= 162916156 NewAxiom=20 PrevAxioms=1,2,3,4,5,6,9,10,12,14,16,17,19,21,22,23,25,28,32,36,40,44,49,56,64,72,11,13,60,68,74,27,76,29,26,30,37,39,70,51,77,38,45,47,66,67,58,50,59,53,65,75,69,71,73,41,43,79,35,63,61,54,62,52,78,33,57,46,+20 MissingAxioms=0,7,8,15,18,24,31,34,42,48,55 TotalTime=32.0
Step=69 ResultRays= 44320 RayPairs= 161736198 NewAxiom=21 PrevAxioms=1,2,3,4,5,6,9,10,12,14,16,17,19,20,22,23,25,28,32,36,40,44,49,56,64,72,11,13,38,46,27,58,66,29,74,60,26,30,68,51,76,37,53,70,54,75,47,59,69,52,61,63,50,77,79,43,45,41,71,67,73,65,62,35,39,33,57,78,+21 MissingAxioms=0,7,8,15,18,24,31,34,42,48,55 TotalTime=30.7
Step=69 ResultRays= 44320 RayPairs= 261772677 NewAxiom=22 PrevAxioms=1,2,3,4,5,6,9,10,12,14,16,17,19,20,23,25,28,32,36,38,40,44,49,56,64,72,11,13,21,46,27,58,66,74,60,26,29,68,30,53,76,75,59,69,71,57,45,47,52,37,39,61,63,51,77,67,79,65,35,33,43,78,62,54,50,41,70,73,+22 MissingAxioms=0,7,8,15,18,24,31,34,42,48,55 TotalTime=24.7
Step=69 ResultRays= 44320 RayPairs= 188251560 NewAxiom=23 PrevAxioms=1,2,3,4,5,6,9,10,12,14,16,17,19,20,22,25,28,32,36,39,40,44,49,56,64,72,11,13,21,60,68,74,27,76,29,26,30,58,70,37,53,66,75,69,59,57,45,47,52,61,71,63,35,67,79,77,51,43,78,50,54,41,73,33,65,38,62,46,+23 MissingAxioms=0,7,8,15,18,24,31,34,42,48,55 TotalTime=29.1
Step=69 ResultRays= 44320 RayPairs= 226419200 NewAxiom=25 PrevAxioms=1,2,3,4,5,6,9,10,12,14,16,17,19,20,22,23,26,28,32,36,40,44,49,56,64,72,11,13,21,60,68,74,27,51,76,29,37,69,71,58,38,53,66,67,70,50,59,46,47,61,63,52,43,41,75,79,77,54,57,45,30,65,39,35,78,33,73,62,+25 MissingAxioms=0,7,8,15,18,24,31,34,42,48,55 TotalTime=31.1
Step=69 ResultRays= 44320 RayPairs= 226419200 NewAxiom=26 PrevAxioms=1,2,3,4,5,6,9,10,12,14,16,17,19,20,22,23,25,28,32,36,40,44,49,56,64,72,11,13,21,60,68,74,27,76,29,30,58,53,59,70,75,57,69,66,37,39,71,52,61,63,35,45,47,73,51,67,43,79,77,38,50,54,41,78,33,65,62,46,+26 MissingAxioms=0,7,8,15,18,24,31,34,42,48,55 TotalTime=31.4
Step=69 ResultRays= 44320 RayPairs= 205228845 NewAxiom=27 PrevAxioms=1,2,3,4,5,6,9,10,12,14,16,17,19,20,22,23,25,28,32,36,40,44,49,56,64,72,11,13,21,60,68,74,51,76,29,53,58,69,71,59,75,70,37,52,66,57,54,61,63,39,30,35,45,47,78,67,33,43,79,77,41,65,50,26,38,73,62,46,+27 MissingAxioms=0,7,8,15,18,24,31,34,42,48,55 TotalTime=30.1
Step=69 ResultRays= 44320 RayPairs= 207542225 NewAxiom=28 PrevAxioms=1,2,3,4,5,6,9,10,12,14,16,17,19,20,22,23,25,29,32,36,40,44,49,56,64,72,11,13,21,53,60,68,74,75,52,58,27,59,76,45,61,63,47,54,66,30,51,38,37,69,71,39,35,57,67,79,43,77,26,50,46,78,65,73,33,62,41,70,+28 MissingAxioms=0,7,8,15,18,24,31,34,42,48,55 TotalTime=21.5
Step=69 ResultRays= 44320 RayPairs= 198377660 NewAxiom=29 PrevAxioms=1,2,3,4,5,6,9,10,12,14,16,17,19,20,22,23,25,28,32,36,40,44,49,56,64,72,11,13,21,60,68,74,27,76,30,26,45,58,47,61,63,50,54,62,77,37,66,39,69,71,67,43,41,73,59,79,35,75,70,51,46,38,52,53,57,33,65,78,+29 MissingAxioms=0,7,8,15,18,24,31,34,42,48,55 TotalTime=32.1
Step=69 ResultRays= 44320 RayPairs= 198377660 NewAxiom=30 PrevAxioms=1,2,3,4,5,6,9,10,12,14,16,17,19,20,22,23,25,28,32,36,40,44,49,56,64,72,11,13,21,60,68,74,27,76,29,26,37,58,51,66,70,53,75,38,69,71,59,46,47,57,52,61,63,45,73,50,67,79,43,77,54,65,35,39,41,78,33,62,+30 MissingAxioms=0,7,8,15,18,24,31,34,42,48,55 TotalTime=28.0
Step=69 ResultRays= 44320 RayPairs= 167531708 NewAxiom=32 PrevAxioms=1,2,3,4,5,6,9,10,12,14,16,17,19,20,22,23,25,28,33,36,40,44,49,56,64,72,11,13,21,35,68,76,27,58,66,59,30,45,26,29,53,47,38,69,71,52,67,43,41,65,37,77,39,79,75,63,74,61,60,62,54,46,57,51,70,50,78,73,+32 MissingAxioms=0,7,8,15,18,24,31,34,42,48,55 TotalTime=21.8
Step=69 ResultRays= 44320 RayPairs= 263125458 NewAxiom=33 PrevAxioms=1,2,3,4,5,6,9,10,12,14,16,17,19,20,22,23,25,28,32,36,40,44,49,56,64,72,11,13,21,60,68,74,27,76,29,26,30,58,70,37,39,50,66,54,77,38,51,59,53,75,69,45,47,52,61,63,79,35,43,57,71,67,73,41,78,65,62,46,+33 MissingAxioms=0,7,8,15,18,24,31,34,42,48,55 TotalTime=26.5
Step=69 ResultRays= 44320 RayPairs= 199626390 NewAxiom=35 PrevAxioms=1,2,3,4,5,6,9,10,12,14,16,17,19,20,22,23,25,28,32,36,40,44,49,56,64,72,11,13,21,60,68,74,27,76,29,26,30,58,70,37,39,50,66,54,77,38,51,59,53,75,69,45,47,52,61,63,79,43,41,71,67,65,73,46,62,33,57,78,+35 MissingAxioms=0,7,8,15,18,24,31,34,42,48,55 TotalTime=28.1
Step=69 ResultRays= 44320 RayPairs= 162916156 NewAxiom=36 PrevAxioms=1,2,3,4,5,6,9,10,12,14,16,17,19,20,22,23,25,28,32,37,40,44,49,56,64,72,11,13,21,68,76,27,58,66,59,30,39,45,29,53,47,70,26,69,74,75,60,71,52,61,63,35,57,73,67,43,79,51,77,50,54,46,78,33,41,62,65,38,+36 MissingAxioms=0,7,8,15,18,24,31,34,42,48,55 TotalTime=28.6
Step=69 ResultRays= 44320 RayPairs= 161736198 NewAxiom=37 PrevAxioms=1,2,3,4,5,6,9,10,12,14,16,17,19,20,22,23,25,28,32,36,40,44,49,56,64,72,11,13,21,60,68,74,27,76,29,26,30,58,70,53,66,75,45,47,59,69,38,52,71,61,63,50,57,73,77,54,67,79,43,35,51,65,39,41,46,62,33,78,+37 MissingAxioms=0,7,8,15,18,24,31,34,42,48,55 TotalTime=32.7
Step=69 ResultRays= 44320 RayPairs= 261772677 NewAxiom=38 PrevAxioms=1,2,3,4,5,6,9,10,12,14,16,17,19,20,22,23,25,28,32,36,40,44,49,56,64,72,11,13,21,60,68,74,27,76,29,26,30,58,70,37,39,50,66,54,77,78,67,46,62,75,45,47,61,63,65,69,71,43,79,59,35,57,51,33,73,53,52,41,+38 MissingAxioms=0,7,8,15,18,24,31,34,42,48,55 TotalTime=28.7
Step=69 ResultRays= 44320 RayPairs= 188251560 NewAxiom=39 PrevAxioms=1,2,3,4,5,6,9,10,12,14,16,17,19,20,22,23,25,28,32,36,40,44,49,56,64,72,11,13,21,60,68,74,27,76,29,26,30,58,70,37,53,66,75,69,71,59,57,62,52,61,45,47,78,63,33,35,73,67,43,79,65,77,51,50,54,41,38,46,+39 MissingAxioms=0,7,8,15,18,24,31,34,42,48,55 TotalTime=24.1
Step=69 ResultRays= 44320 RayPairs= 167531708 NewAxiom=40 PrevAxioms=1,2,3,4,5,6,9,10,12,14,16,17,19,20,22,23,25,28,32,36,41,44,49,56,64,72,11,13,21,43,60,74,27,66,58,26,29,30,45,47,53,75,79,59,57,37,39,52,54,61,46,67,71,69,63,77,68,35,76,38,65,78,62,33,51,50,70,73,+40 MissingAxioms=0,7,8,15,18,24,31,34,42,48,55 TotalTime=23.2
Step=69 ResultRays= 44320 RayPairs= 263125458 NewAxiom=41 PrevAxioms=1,2,3,4,5,6,9,10,12,14,16,17,19,20,22,23,25,28,32,36,40,44,49,56,64,72,11,13,21,60,68,74,27,76,29,26,30,58,70,37,39,50,66,54,77,38,51,59,53,75,69,45,47,52,61,63,79,35,43,33,57,67,71,73,78,65,62,46,+41 MissingAxioms=0,7,8,15,18,24,31,34,42,48,55 TotalTime=27.5
Step=69 ResultRays= 44320 RayPairs= 199626390 NewAxiom=43 PrevAxioms=1,2,3,4,5,6,9,10,12,14,16,17,19,20,22,23,25,28,32,36,40,44,49,56,64,72,11,13,21,60,68,74,27,76,29,26,30,58,70,37,39,50,66,54,77,38,51,59,53,75,69,45,47,52,61,63,79,35,33,67,71,57,73,78,41,65,62,46,+43 MissingAxioms=0,7,8,15,18,24,31,34,42,48,55 TotalTime=28.0
Step=69 ResultRays= 44320 RayPairs= 162916156 NewAxiom=44 PrevAxioms=1,2,3,4,5,6,9,10,12,14,16,17,19,20,22,23,25,28,32,36,40,45,49,56,64,72,11,13,21,60,74,27,66,58,26,29,47,30,37,39,50,62,54,53,75,46,76,68,77,51,59,67,65,57,52,61,63,69,71,79,43,35,73,33,78,41,70,38,+44 MissingAxioms=0,7,8,15,18,24,31,34,42,48,55 TotalTime=27.5
Step=69 ResultRays= 44320 RayPairs= 161736198 NewAxiom=45 PrevAxioms=1,2,3,4,5,6,9,10,12,14,16,17,19,20,22,23,25,28,32,36,40,44,49,56,64,72,11,13,21,60,68,74,27,76,29,26,30,58,70,37,39,50,66,54,77,38,51,59,53,75,69,46,57,52,61,63,71,67,79,35,47,43,41,78,33,65,73,62,+45 MissingAxioms=0,7,8,15,18,24,31,34,42,48,55 TotalTime=25.3
Step=69 ResultRays= 44320 RayPairs= 261772677 NewAxiom=46 PrevAxioms=1,2,3,4,5,6,9,10,12,14,16,17,19,20,22,23,25,28,32,36,40,44,49,56,64,72,11,13,21,60,68,74,27,76,29,26,30,58,70,37,39,50,66,54,77,38,51,59,53,75,69,45,47,52,61,63,79,35,43,33,41,73,67,71,62,65,78,57,+46 MissingAxioms=0,7,8,15,18,24,31,34,42,48,55 TotalTime=25.1
Step=69 ResultRays= 44320 RayPairs= 188251560 NewAxiom=47 PrevAxioms=1,2,3,4,5,6,9,10,12,14,16,17,19,20,22,23,25,28,32,36,40,44,49,56,64,72,11,13,21,60,68,74,27,76,29,26,30,58,70,37,39,50,66,54,77,38,51,59,53,75,69,45,52,61,63,79,35,57,67,71,73,46,62,33,43,41,65,78,+47 MissingAxioms=0,7,8,15,18,24,31,34,42,48,55 TotalTime=25.0
Step=69 ResultRays= 44320 RayPairs= 208488516 NewAxiom=49 PrevAxioms=1,2,3,4,5,6,9,10,12,14,16,17,19,20,22,23,25,28,32,36,40,44,50,56,64,72,11,13,21,60,68,74,27,51,76,30,45,61,63,66,26,46,54,58,77,62,67,38,39,65,52,69,71,37,73,53,59,79,35,75,57,43,47,33,29,70,41,78,+49 MissingAxioms=0,7,8,15,18,24,31,34,42,48,55 TotalTime=28.1
Step=69 ResultRays= 44320 RayPairs= 208488516 NewAxiom=50 PrevAxioms=1,2,3,4,5,6,9,10,12,14,16,17,19,20,22,23,25,28,32,36,40,44,49,56,64,72,11,13,21,60,68,74,27,76,29,26,30,58,70,37,39,66,53,69,75,71,59,45,47,52,61,63,35,57,73,67,43,79,51,77,38,41,54,78,65,33,62,46,+50 MissingAxioms=0,7,8,15,18,24,31,34,42,48,55 TotalTime=29.3
Step=69 ResultRays= 44320 RayPairs= 200247318 NewAxiom=51 PrevAxioms=1,2,3,4,5,6,9,10,12,14,16,17,19,20,22,23,25,28,32,36,40,44,49,56,64,72,11,13,21,60,68,74,27,76,29,26,30,58,70,37,39,50,66,54,77,38,45,47,67,52,65,59,57,69,71,61,63,35,79,75,43,53,41,73,46,78,33,62,+51 MissingAxioms=0,7,8,15,18,24,31,34,42,48,55 TotalTime=24.9
Step=69 ResultRays= 44320 RayPairs= 208488516 NewAxiom=52 PrevAxioms=1,2,3,4,5,6,9,10,12,14,16,17,19,20,22,23,25,28,32,36,40,44,49,56,64,72,11,13,21,60,68,74,27,76,29,26,30,58,70,37,39,50,66,54,77,38,51,59,53,75,69,45,47,71,57,61,63,67,79,35,43,41,73,62,46,33,65,78,+52 MissingAxioms=0,7,8,15,18,24,31,34,42,48,55 TotalTime=27.7
Step=69 ResultRays= 44320 RayPairs= 200247318 NewAxiom=53 PrevAxioms=1,2,3,4,5,6,9,10,12,14,16,17,19,20,22,23,25,28,32,36,40,44,49,56,64,72,11,13,21,60,68,74,27,76,29,26,30,58,70,37,39,50,66,54,77,38,51,59,67,57,46,52,45,65,69,71,61,63,35,79,75,33,62,47,43,73,41,78,+53 MissingAxioms=0,7,8,15,18,24,31,34,42,48,55 TotalTime=24.4
Step=69 ResultRays= 44320 RayPairs= 200247318 NewAxiom=54 PrevAxioms=1,2,3,4,5,6,9,10,12,14,16,17,19,20,22,23,25,28,32,36,40,44,49,56,64,72,11,13,21,60,68,74,27,76,29,26,30,58,70,37,39,50,66,45,47,53,75,69,71,61,63,77,51,59,35,79,67,33,43,73,62,38,52,41,65,46,57,78,+54 MissingAxioms=0,7,8,15,18,24,31,34,42,48,55 TotalTime=26.6
Step=69 ResultRays= 44320 RayPairs= 195092458 NewAxiom=56 PrevAxioms=1,2,3,4,5,6,9,10,12,14,16,17,19,20,22,23,25,28,32,36,40,44,49,57,64,72,11,13,21,68,74,27,59,76,29,26,30,66,37,70,53,75,69,39,71,45,47,52,77,50,51,58,54,78,67,43,41,79,63,61,35,33,73,60,46,62,38,65,+56 MissingAxioms=0,7,8,15,18,24,31,34,42,48,55 TotalTime=29.1
Step=69 ResultRays= 44320 RayPairs= 255892650 NewAxiom=57 PrevAxioms=1,2,3,4,5,6,9,10,12,14,16,17,19,20,22,23,25,28,32,36,40,44,49,56,64,72,11,13,21,60,68,74,27,76,29,26,30,58,70,37,39,50,66,54,77,38,51,59,53,75,69,45,47,52,61,63,79,35,43,33,41,73,67,71,62,65,46,78,+57 MissingAxioms=0,7,8,15,18,24,31,34,42,48,55 TotalTime=25.3
Step=69 ResultRays= 44320 RayPairs= 158705166 NewAxiom=58 PrevAxioms=1,2,3,4,5,6,9,10,12,14,16,17,19,20,22,23,25,28,32,36,40,44,49,56,64,72,11,13,21,60,68,74,27,76,29,26,30,66,62,45,47,53,75,52,37,39,59,61,63,69,71,57,54,50,77,51,67,79,43,65,35,33,46,73,38,70,41,78,+58 MissingAxioms=0,7,8,15,18,24,31,34,42,48,55 TotalTime=28.0
Step=69 ResultRays= 44320 RayPairs= 170609994 NewAxiom=59 PrevAxioms=1,2,3,4,5,6,9,10,12,14,16,17,19,20,22,23,25,28,32,36,40,44,49,56,64,72,11,13,21,60,68,74,27,76,29,26,30,58,70,37,39,50,66,54,77,38,51,67,45,47,53,52,61,63,65,75,69,71,79,35,43,41,73,62,78,33,57,46,+59 MissingAxioms=0,7,8,15,18,24,31,34,42,48,55 TotalTime=30.3
Step=69 ResultRays= 44320 RayPairs= 158705166 NewAxiom=60 PrevAxioms=1,2,3,4,5,6,9,10,12,14,16,17,19,20,22,23,25,28,32,36,40,44,49,56,64,72,11,13,21,68,74,27,58,76,59,66,30,45,26,70,29,53,75,47,69,37,39,71,52,61,63,35,57,67,79,77,51,33,43,73,50,46,38,54,41,78,65,62,+60 MissingAxioms=0,7,8,15,18,24,31,34,42,48,55 TotalTime=26.6
Step=69 ResultRays= 44320 RayPairs= 170609994 NewAxiom=61 PrevAxioms=1,2,3,4,5,6,9,10,12,14,16,17,19,20,22,23,25,28,32,36,40,44,49,56,64,72,11,13,21,60,68,74,27,76,29,26,30,58,70,37,39,50,66,54,77,38,51,59,53,75,69,45,47,52,71,57,78,67,62,79,63,35,43,41,65,33,73,46,+61 MissingAxioms=0,7,8,15,18,24,31,34,42,48,55 TotalTime=27.6
Step=69 ResultRays= 44320 RayPairs= 252240877 NewAxiom=62 PrevAxioms=1,2,3,4,5,6,9,10,12,14,16,17,19,20,22,23,25,28,32,36,40,44,49,56,64,72,11,13,21,60,68,74,27,76,29,26,30,58,70,37,39,50,66,54,77,38,51,59,53,75,69,45,47,52,61,63,79,35,43,33,41,73,67,71,57,78,65,46,+62 MissingAxioms=0,7,8,15,18,24,31,34,42,48,55 TotalTime=26.2
Step=69 ResultRays= 44320 RayPairs= 192096788 NewAxiom=63 PrevAxioms=1,2,3,4,5,6,9,10,12,14,16,17,19,20,22,23,25,28,32,36,40,44,49,56,64,72,11,13,21,60,68,74,27,76,29,26,30,58,70,37,39,50,66,54,77,38,51,59,53,75,69,45,47,52,61,71,57,67,79,43,41,35,73,62,46,33,65,78,+63 MissingAxioms=0,7,8,15,18,24,31,34,42,48,55 TotalTime=24.3
Step=69 ResultRays= 44320 RayPairs= 195092458 NewAxiom=64 PrevAxioms=1,2,3,4,5,6,9,10,12,14,16,17,19,20,22,23,25,28,32,36,40,44,49,56,65,72,11,13,21,60,74,27,67,76,29,26,30,58,37,53,62,39,45,47,75,59,54,38,66,57,61,63,51,78,35,33,52,50,77,69,71,43,79,68,41,70,73,46,+64 MissingAxioms=0,7,8,15,18,24,31,34,42,48,55 TotalTime=26.8
Step=69 ResultRays= 44320 RayPairs= 255892650 NewAxiom=65 PrevAxioms=1,2,3,4,5,6,9,10,12,14,16,17,19,20,22,23,25,28,32,36,40,44,49,56,64,72,11,13,21,60,68,74,27,76,29,26,30,58,70,37,39,50,66,54,77,38,51,59,53,75,69,45,47,52,61,63,79,35,43,33,41,73,67,71,62,57,46,78,+65 MissingAxioms=0,7,8,15,18,24,31,34,42,48,55 TotalTime=25.4
Step=69 ResultRays= 44320 RayPairs= 158705166 NewAxiom=66 PrevAxioms=1,2,3,4,5,6,9,10,12,14,16,17,19,20,22,23,25,28,32,36,40,44,49,56,64,72,11,13,21,60,68,74,27,76,29,26,30,58,70,37,39,50,54,62,53,75,71,77,51,59,69,61,52,45,47,57,63,67,79,43,41,35,38,73,46,33,65,78,+66 MissingAxioms=0,7,8,15,18,24,31,34,42,48,55 TotalTime=27.4
Step=69 ResultRays= 44320 RayPairs= 170609994 NewAxiom=67 PrevAxioms=1,2,3,4,5,6,9,10,12,14,16,17,19,20,22,23,25,28,32,36,40,44,49,56,64,72,11,13,21,60,68,74,27,76,29,26,30,58,70,37,39,50,66,54,77,38,51,59,53,75,69,45,47,52,61,63,79,35,43,33,41,73,71,65,62,46,78,57,+67 MissingAxioms=0,7,8,15,18,24,31,34,42,48,55 TotalTime=26.8
Step=69 ResultRays= 44320 RayPairs= 158705166 NewAxiom=68 PrevAxioms=1,2,3,4,5,6,9,10,12,14,16,17,19,20,22,23,25,28,32,36,40,44,49,56,64,72,11,13,21,60,74,27,66,76,58,26,29,30,37,39,77,51,67,62,61,45,47,63,65,69,71,43,73,59,50,54,35,79,75,38,46,53,52,33,78,70,41,57,+68 MissingAxioms=0,7,8,15,18,24,31,34,42,48,55 TotalTime=30.9
Step=69 ResultRays= 44320 RayPairs= 170609994 NewAxiom=69 PrevAxioms=1,2,3,4,5,6,9,10,12,14,16,17,19,20,22,23,25,28,32,36,40,44,49,56,64,72,11,13,21,60,68,74,27,76,29,26,30,58,70,37,39,50,66,54,77,38,51,59,53,75,46,67,57,45,52,61,63,65,35,79,33,71,62,43,47,41,78,73,+69 MissingAxioms=0,7,8,15,18,24,31,34,42,48,55 TotalTime=28.0
Step=69 ResultRays= 44320 RayPairs= 252240877 NewAxiom=70 PrevAxioms=1,2,3,4,5,6,9,10,12,14,16,17,19,20,22,23,25,28,32,36,40,44,49,56,64,72,11,13,21,60,68,74,27,76,29,26,30,58,37,39,69,71,53,66,75,59,45,47,52,38,61,63,54,50,35,33,46,62,78,77,43,79,57,67,65,51,41,73,+70 MissingAxioms=0,7,8,15,18,24,31,34,42,48,55 TotalTime=24.3
Step=69 ResultRays= 44320 RayPairs= 192096788 NewAxiom=71 PrevAxioms=1,2,3,4,5,6,9,10,12,14,16,17,19,20,22,23,25,28,32,36,40,44,49,56,64,72,11,13,21,60,68,74,27,76,29,26,30,58,70,37,39,50,66,54,77,38,51,59,53,75,69,45,47,52,61,63,79,35,43,33,41,73,67,65,46,62,57,78,+71 MissingAxioms=0,7,8,15,18,24,31,34,42,48,55 TotalTime=25.6
Step=69 ResultRays= 44320 RayPairs= 195092458 NewAxiom=72 PrevAxioms=1,2,3,4,5,6,9,10,12,14,16,17,19,20,22,23,25,28,32,36,40,44,49,56,64,73,11,13,21,60,68,27,29,58,26,30,66,37,39,70,50,54,62,53,71,45,47,69,59,57,67,43,77,76,51,52,61,75,79,35,63,46,74,78,65,33,41,38,+72 MissingAxioms=0,7,8,15,18,24,31,34,42,48,55 TotalTime=29.4
Step=69 ResultRays= 44320 RayPairs= 255892650 NewAxiom=73 PrevAxioms=1,2,3,4,5,6,9,10,12,14,16,17,19,20,22,23,25,28,32,36,40,44,49,56,64,72,11,13,21,60,68,74,27,76,29,26,30,58,70,37,39,50,66,54,77,38,51,59,53,75,69,45,47,52,61,63,79,35,43,33,41,57,67,71,78,65,62,46,+73 MissingAxioms=0,7,8,15,18,24,31,34,42,48,55 TotalTime=26.8
Step=69 ResultRays= 44320 RayPairs= 158705166 NewAxiom=74 PrevAxioms=1,2,3,4,5,6,9,10,12,14,16,17,19,20,22,23,25,28,32,36,40,44,49,56,64,72,11,13,21,60,68,76,27,29,58,26,30,66,37,39,70,77,51,67,65,45,47,46,50,59,53,69,71,73,75,38,41,43,79,35,63,61,54,52,33,62,57,78,+74 MissingAxioms=0,7,8,15,18,24,31,34,42,48,55 TotalTime=26.4
Step=69 ResultRays= 44320 RayPairs= 170609994 NewAxiom=75 PrevAxioms=1,2,3,4,5,6,9,10,12,14,16,17,19,20,22,23,25,28,32,36,40,44,49,56,64,72,11,13,21,60,68,74,27,76,29,26,30,58,70,37,39,50,66,54,77,38,51,59,53,67,46,57,45,52,61,63,35,79,65,33,69,43,47,71,78,41,73,62,+75 MissingAxioms=0,7,8,15,18,24,31,34,42,48,55 TotalTime=26.3
Step=69 ResultRays= 44320 RayPairs= 158705166 NewAxiom=76 PrevAxioms=1,2,3,4,5,6,9,10,12,14,16,17,19,20,22,23,25,28,32,36,40,44,49,56,64,72,11,13,21,60,68,74,27,29,58,26,30,66,37,39,70,50,54,62,53,75,71,77,51,59,69,52,61,45,47,67,43,41,79,63,35,33,38,65,73,46,57,78,+76 MissingAxioms=0,7,8,15,18,24,31,34,42,48,55 TotalTime=21.6
Step=69 ResultRays= 44320 RayPairs= 170609994 NewAxiom=77 PrevAxioms=1,2,3,4,5,6,9,10,12,14,16,17,19,20,22,23,25,28,32,36,40,44,49,56,64,72,11,13,21,60,68,74,27,76,29,26,30,58,70,37,39,50,66,54,62,53,75,71,69,61,63,52,59,45,47,78,35,33,57,73,67,43,79,51,38,41,65,46,+77 MissingAxioms=0,7,8,15,18,24,31,34,42,48,55 TotalTime=29.3
Step=69 ResultRays= 44320 RayPairs= 252240877 NewAxiom=78 PrevAxioms=1,2,3,4,5,6,9,10,12,14,16,17,19,20,22,23,25,28,32,36,40,44,49,56,64,72,11,13,21,60,68,74,27,76,29,26,30,58,70,37,39,50,66,54,77,38,51,59,53,75,69,45,47,52,61,63,79,35,43,33,41,73,67,71,62,65,46,57,+78 MissingAxioms=0,7,8,15,18,24,31,34,42,48,55 TotalTime=25.6
Step=69 ResultRays= 44320 RayPairs= 192096788 NewAxiom=79 PrevAxioms=1,2,3,4,5,6,9,10,12,14,16,17,19,20,22,23,25,28,32,36,40,44,49,56,64,72,11,13,21,60,68,74,27,76,29,26,30,58,70,37,39,50,66,54,77,38,51,59,53,75,69,45,47,52,61,63,35,33,67,71,43,41,73,57,78,65,62,46,+79 MissingAxioms=0,7,8,15,18,24,31,34,42,48,55 TotalTime=23.3
Step=69 ##################............ Axiom58 Group1 f({1, 2}) + f({2, 4}) >= f({2}) + f({1, 2, 4})
Step=69 ##################............ Axiom60 Group1 f({1, 3}) + f({3, 4}) >= f({3}) + f({1, 3, 4})
Step=69 ##################............ Axiom66 Group1 f({1, 2}) + f({1, 4}) >= f({1}) + f({1, 2, 4})
Step=69 ##################............ Axiom68 Group1 f({2, 3}) + f({3, 4}) >= f({3}) + f({2, 3, 4})
Step=69 ##################............ Axiom74 Group1 f({1, 3}) + f({1, 4}) >= f({1}) + f({1, 3, 4})
Step=69 ##################............ Axiom76 Group1 f({2, 3}) + f({2, 4}) >= f({2}) + f({2, 3, 4})
Step=69 ##################............ Axiom21 Group2 f({0, 1, 4}) + f({0, 2, 4}) >= f({0, 1, 2, 3, 4}) + f({0, 4})
Step=69 ##################............ Axiom37 Group2 f({0, 1, 4}) + f({0, 3, 4}) >= f({0, 1, 2, 3, 4}) + f({0, 4})
Step=69 ##################............ Axiom45 Group2 f({0, 2, 4}) + f({0, 3, 4}) >= f({0, 1, 2, 3, 4}) + f({0, 4})
Step=69 ###################........... Axiom20 Group1 f({1, 4}) + f({2, 4}) >= f({4}) + f({1, 2, 4})
Step=69 ###################........... Axiom36 Group1 f({1, 4}) + f({3, 4}) >= f({4}) + f({1, 3, 4})
Step=69 ###################........... Axiom44 Group1 f({2, 4}) + f({3, 4}) >= f({4}) + f({2, 3, 4})
Step=69 ###################........... Axiom16 Group0 f({1}) + f({2}) >= f({1, 2})
Step=69 ###################........... Axiom32 Group0 f({1}) + f({3}) >= f({1, 3})
Step=69 ###################........... Axiom40 Group0 f({2}) + f({3}) >= f({2, 3})
Step=69 ###################........... Axiom59 Group2 f({0, 1, 2}) + f({0, 2, 4}) >= f({0, 2}) + f({0, 1, 2, 3, 4})
Step=69 ###################........... Axiom61 Group2 f({0, 1, 3}) + f({0, 3, 4}) >= f({0, 3}) + f({0, 1, 2, 3, 4})
Step=69 ###################........... Axiom67 Group2 f({0, 1, 2}) + f({0, 1, 4}) >= f({0, 1}) + f({0, 1, 2, 3, 4})
Step=69 ###################........... Axiom69 Group2 f({0, 2, 3}) + f({0, 3, 4}) >= f({0, 3}) + f({0, 1, 2, 3, 4})
Step=69 ###################........... Axiom75 Group2 f({0, 1, 3}) + f({0, 1, 4}) >= f({0, 1}) + f({0, 1, 2, 3, 4})
Step=69 ###################........... Axiom77 Group2 f({0, 2, 3}) + f({0, 2, 4}) >= f({0, 2}) + f({0, 1, 2, 3, 4})
Step=69 #####################......... Axiom23 Group3 f({0, 1, 2, 3, 4}) >= f({0, 3, 4})
Step=69 #####################......... Axiom39 Group3 f({0, 1, 2, 3, 4}) >= f({0, 2, 4})
Step=69 #####################......... Axiom47 Group3 f({0, 1, 2, 3, 4}) >= f({0, 1, 4})
Step=69 ######################........ Axiom63 Group3 f({0, 1, 2, 3, 4}) >= f({0, 2, 3})
Step=69 ######################........ Axiom71 Group3 f({0, 1, 2, 3, 4}) >= f({0, 1, 3})
Step=69 ######################........ Axiom79 Group3 f({0, 1, 2, 3, 4}) >= f({0, 1, 2})
Step=69 ######################........ Axiom56 Group0 f({1}) + f({4}) >= f({1, 4})
Step=69 ######################........ Axiom64 Group0 f({2}) + f({4}) >= f({2, 4})
Step=69 ######################........ Axiom72 Group0 f({3}) + f({4}) >= f({3, 4})
Step=69 #######################....... Axiom5 Group2 f({0, 2, 4}) + f({1, 2, 4}) >= f({0, 1, 2, 3, 4}) + f({2, 4})
Step=69 #######################....... Axiom6 Group2 f({0, 3, 4}) + f({1, 3, 4}) >= f({0, 1, 2, 3, 4}) + f({3, 4})
Step=69 #######################....... Axiom13 Group2 f({0, 1, 4}) + f({1, 2, 4}) >= f({0, 1, 2, 3, 4}) + f({1, 4})
Step=69 #######################....... Axiom14 Group2 f({0, 3, 4}) + f({2, 3, 4}) >= f({0, 1, 2, 3, 4}) + f({3, 4})
Step=69 #######################....... Axiom29 Group2 f({0, 1, 4}) + f({1, 3, 4}) >= f({0, 1, 2, 3, 4}) + f({1, 4})
Step=69 #######################....... Axiom30 Group2 f({0, 2, 4}) + f({2, 3, 4}) >= f({0, 1, 2, 3, 4}) + f({2, 4})
Step=69 #######################....... Axiom19 Group2 f({0, 1, 3}) + f({0, 2, 3}) >= f({0, 3}) + f({0, 1, 2, 3, 4})
Step=69 #######################....... Axiom35 Group2 f({0, 1, 2}) + f({0, 2, 3}) >= f({0, 2}) + f({0, 1, 2, 3, 4})
Step=69 #######################....... Axiom43 Group2 f({0, 1, 2}) + f({0, 1, 3}) >= f({0, 1}) + f({0, 1, 2, 3, 4})
Step=69 #######################....... Axiom51 Group2 f({0, 1, 2}) + f({1, 2, 4}) >= f({1, 2}) + f({0, 1, 2, 3, 4})
Step=69 #######################....... Axiom53 Group2 f({0, 1, 3}) + f({1, 3, 4}) >= f({1, 3}) + f({0, 1, 2, 3, 4})
Step=69 #######################....... Axiom54 Group2 f({0, 2, 3}) + f({2, 3, 4}) >= f({2, 3}) + f({0, 1, 2, 3, 4})
Step=69 #######################....... Axiom3 Group2 f({0, 2, 3}) + f({1, 2, 3}) >= f({2, 3}) + f({0, 1, 2, 3, 4})
Step=69 #######################....... Axiom11 Group2 f({0, 1, 3}) + f({1, 2, 3}) >= f({1, 3}) + f({0, 1, 2, 3, 4})
Step=69 #######################....... Axiom27 Group2 f({0, 1, 2}) + f({1, 2, 3}) >= f({1, 2}) + f({0, 1, 2, 3, 4})
Step=69 ########################...... Axiom4 Group1 f({0, 4}) + f({1, 4}) >= f({4}) + f({0, 1, 4})
Step=69 ########################...... Axiom12 Group1 f({0, 4}) + f({2, 4}) >= f({4}) + f({0, 2, 4})
Step=69 ########################...... Axiom28 Group1 f({0, 4}) + f({3, 4}) >= f({4}) + f({0, 3, 4})
Step=69 ########################...... Axiom49 Group1 f({0, 1}) + f({1, 4}) >= f({1}) + f({0, 1, 4})
Step=69 ########################...... Axiom50 Group1 f({0, 2}) + f({2, 4}) >= f({2}) + f({0, 2, 4})
Step=69 ########################...... Axiom52 Group1 f({0, 3}) + f({3, 4}) >= f({3}) + f({0, 3, 4})
Step=69 ##########################.... Axiom1 Group1 f({0, 2}) + f({1, 2}) >= f({2}) + f({0, 1, 2})
Step=69 ##########################.... Axiom2 Group1 f({0, 3}) + f({1, 3}) >= f({3}) + f({0, 1, 3})
Step=69 ##########################.... Axiom9 Group1 f({0, 1}) + f({1, 2}) >= f({1}) + f({0, 1, 2})
Step=69 ##########################.... Axiom10 Group1 f({0, 3}) + f({2, 3}) >= f({3}) + f({0, 2, 3})
Step=69 ##########################.... Axiom25 Group1 f({0, 1}) + f({1, 3}) >= f({1}) + f({0, 1, 3})
Step=69 ##########################.... Axiom26 Group1 f({0, 2}) + f({2, 3}) >= f({2}) + f({0, 2, 3})
Step=69 #############################. Axiom62 Group2 f({1, 2, 3}) + f({2, 3, 4}) >= f({2, 3}) + f({0, 1, 2, 3, 4})
Step=69 #############################. Axiom70 Group2 f({1, 2, 3}) + f({1, 3, 4}) >= f({1, 3}) + f({0, 1, 2, 3, 4})
Step=69 #############################. Axiom78 Group2 f({1, 2, 3}) + f({1, 2, 4}) >= f({1, 2}) + f({0, 1, 2, 3, 4})
Step=69 #############################. Axiom57 Group1 f({0, 1}) + f({0, 4}) >= f({0}) + f({0, 1, 4})
Step=69 #############################. Axiom65 Group1 f({0, 2}) + f({0, 4}) >= f({0}) + f({0, 2, 4})
Step=69 #############################. Axiom73 Group1 f({0, 3}) + f({0, 4}) >= f({0}) + f({0, 3, 4})
Step=69 ############################## Axiom22 Group2 f({1, 3, 4}) + f({2, 3, 4}) >= f({0, 1, 2, 3, 4}) + f({3, 4})
Step=69 ############################## Axiom38 Group2 f({1, 2, 4}) + f({2, 3, 4}) >= f({0, 1, 2, 3, 4}) + f({2, 4})
Step=69 ############################## Axiom46 Group2 f({1, 2, 4}) + f({1, 3, 4}) >= f({0, 1, 2, 3, 4}) + f({1, 4})
Step=69 ############################## Axiom17 Group1 f({0, 1}) + f({0, 2}) >= f({0}) + f({0, 1, 2})
Step=69 ############################## Axiom33 Group1 f({0, 1}) + f({0, 3}) >= f({0}) + f({0, 1, 3})
Step=69 ############################## Axiom41 Group1 f({0, 2}) + f({0, 3}) >= f({0}) + f({0, 2, 3})
