Step=67 ResultRays= 41171 RayPairs= 149710424 NewAxiom=1 PrevAxioms=2,3,4,5,6,9,10,12,14,16,17,19,20,22,23,25,26,28,32,36,40,44,49,56,64,72,11,13,21,60,68,74,27,76,29,30,77,38,53,70,75,54,62,50,51,46,61,45,52,67,47,65,37,63,69,73,41,59,79,43,71,39,35,33,57,78,+1 MissingAxioms=0,7,8,15,18,24,31,34,42,48,55,58,66 TotalTime=19.9
Step=67 ResultRays= 41171 RayPairs= 203574137 NewAxiom=2 PrevAxioms=1,3,4,5,6,9,10,11,12,14,16,17,19,20,22,23,25,28,32,36,40,44,49,56,64,72,13,21,27,60,68,74,26,69,29,71,76,37,51,38,53,70,75,57,59,62,54,52,46,47,45,67,65,79,43,41,61,35,63,77,39,30,33,50,73,78,+2 MissingAxioms=0,7,8,15,18,24,31,34,42,48,55,58,66 TotalTime=28.7
Step=67 ResultRays= 41171 RayPairs= 179713834 NewAxiom=3 PrevAxioms=1,2,4,5,6,9,10,11,12,14,16,17,19,20,22,23,25,28,32,36,40,44,49,56,64,72,13,21,27,60,68,74,61,69,63,76,30,45,33,47,35,51,29,57,53,75,37,39,59,52,54,71,70,50,26,77,79,67,43,41,38,73,62,46,65,78,+3 MissingAxioms=0,7,8,15,18,24,31,34,42,48,55,58,66 TotalTime=21.1
Step=67 ResultRays= 41171 RayPairs= 183291390 NewAxiom=4 PrevAxioms=1,2,3,5,6,9,10,12,13,14,16,17,19,20,22,23,25,28,32,36,40,44,49,56,64,72,11,21,60,68,74,27,76,30,26,45,47,61,63,29,33,35,73,69,71,70,53,75,37,39,52,50,59,54,77,79,67,43,62,51,38,46,57,41,65,78,+4 MissingAxioms=0,7,8,15,18,24,31,34,42,48,55,58,66 TotalTime=25.8
Step=67 ResultRays= 41171 RayPairs= 174567246 NewAxiom=5 PrevAxioms=1,2,3,4,6,9,10,12,13,14,16,17,19,20,22,23,25,28,32,36,40,44,49,56,64,72,11,21,29,37,68,76,27,60,74,26,45,39,52,47,53,61,63,65,67,33,75,54,46,35,59,57,69,30,71,43,79,77,70,38,62,51,41,50,73,78,+5 MissingAxioms=0,7,8,15,18,24,31,34,42,48,55,58,66 TotalTime=23.3
Step=67 ResultRays= 41171 RayPairs= 162250984 NewAxiom=6 PrevAxioms=1,2,3,4,5,9,10,12,14,16,17,19,20,22,23,25,28,29,32,36,40,44,49,56,64,72,11,13,21,37,68,76,27,60,74,26,45,39,70,53,75,69,57,59,30,47,71,52,61,63,35,73,50,54,77,43,79,67,51,62,46,38,33,41,65,78,+6 MissingAxioms=0,7,8,15,18,24,31,34,42,48,55,58,66 TotalTime=26.8
Step=67 ResultRays= 41171 RayPairs= 149710424 NewAxiom=9 PrevAxioms=1,2,3,4,5,6,10,12,14,16,17,19,20,22,23,25,26,28,32,36,40,44,49,56,64,72,11,13,21,60,68,74,27,76,29,53,75,69,71,37,38,70,51,50,46,59,47,52,61,63,57,73,45,54,77,79,67,43,30,62,65,39,35,41,33,78,+9 MissingAxioms=0,7,8,15,18,24,31,34,42,48,55,58,66 TotalTime=22.6
Step=67 ResultRays= 41171 RayPairs= 203574137 NewAxiom=10 PrevAxioms=1,2,3,4,5,6,9,11,12,14,16,17,19,20,22,23,25,28,32,36,40,44,49,56,64,72,13,21,27,60,68,74,26,61,76,30,63,45,46,51,33,35,50,67,54,62,77,70,47,37,39,59,79,29,53,52,75,69,71,43,73,38,41,65,57,78,+10 MissingAxioms=0,7,8,15,18,24,31,34,42,48,55,58,66 TotalTime=27.9
Step=67 ResultRays= 41171 RayPairs= 179713834 NewAxiom=11 PrevAxioms=1,2,3,4,5,6,9,10,12,14,16,17,19,20,22,23,25,28,32,36,40,44,49,56,64,72,13,21,60,68,74,51,61,69,63,76,50,46,62,30,33,35,73,70,29,53,45,47,38,59,75,37,39,67,71,43,79,77,52,54,26,27,57,41,65,78,+11 MissingAxioms=0,7,8,15,18,24,31,34,42,48,55,58,66 TotalTime=26.3
Step=67 ResultRays= 41171 RayPairs= 183291390 NewAxiom=12 PrevAxioms=1,2,3,4,5,6,9,10,13,14,16,17,19,20,22,23,25,28,32,36,40,44,49,56,64,72,11,21,51,60,68,74,76,29,53,69,71,37,38,27,50,70,75,59,26,46,47,57,61,63,52,39,45,73,35,54,77,79,43,30,67,62,33,65,41,78,+12 MissingAxioms=0,7,8,15,18,24,31,34,42,48,55,58,66 TotalTime=24.6
Step=67 ResultRays= 41171 RayPairs= 174567246 NewAxiom=13 PrevAxioms=1,2,3,4,5,6,9,10,12,14,16,17,19,20,22,23,25,28,32,36,40,44,49,56,64,72,11,21,30,45,60,74,27,68,76,26,37,39,70,38,77,29,47,65,67,46,61,63,53,75,52,54,50,69,71,43,79,59,57,35,41,51,62,33,73,78,+13 MissingAxioms=0,7,8,15,18,24,31,34,42,48,55,58,66 TotalTime=23.7
Step=67 ResultRays= 41171 RayPairs= 162250984 NewAxiom=14 PrevAxioms=1,2,3,4,5,6,9,10,12,16,17,19,20,22,23,25,28,30,32,36,40,44,49,56,64,72,11,13,21,45,60,74,27,68,76,26,37,39,70,50,54,77,38,47,57,59,67,52,69,71,65,41,73,43,33,61,63,79,35,51,75,29,53,62,46,78,+14 MissingAxioms=0,7,8,15,18,24,31,34,42,48,55,58,66 TotalTime=21.5
Step=67 ResultRays= 41171 RayPairs= 137005302 NewAxiom=16 PrevAxioms=1,2,3,4,5,6,9,10,12,14,17,19,20,22,23,25,28,32,33,36,40,44,49,56,64,72,11,13,21,35,60,68,74,27,76,29,26,30,37,39,69,71,53,75,70,73,45,61,63,47,59,77,79,67,62,43,51,46,52,65,54,50,38,78,41,57,+16 MissingAxioms=0,7,8,15,18,24,31,34,42,48,55,58,66 TotalTime=24.4
Step=67 ResultRays= 41171 RayPairs= 225940422 NewAxiom=17 PrevAxioms=1,2,3,4,5,6,9,10,12,14,16,19,20,22,23,25,28,32,33,36,40,44,49,56,64,72,11,13,21,60,68,74,27,76,29,26,30,37,39,70,53,69,75,71,35,73,61,63,45,47,59,52,50,54,77,79,67,51,62,38,57,43,41,46,65,78,+17 MissingAxioms=0,7,8,15,18,24,31,34,42,48,55,58,66 TotalTime=22.4
Step=67 ResultRays= 41171 RayPairs= 166874312 NewAxiom=19 PrevAxioms=1,2,3,4,5,6,9,10,12,14,16,17,20,22,23,25,28,32,35,36,40,44,49,56,64,72,11,13,21,60,68,74,27,76,29,26,30,37,39,69,53,75,33,71,46,47,52,61,63,57,45,50,59,54,77,79,67,43,73,38,70,51,62,41,65,78,+19 MissingAxioms=0,7,8,15,18,24,31,34,42,48,55,58,66 TotalTime=23.1
Step=67 ResultRays= 41171 RayPairs=  45166884 NewAxiom=20 PrevAxioms=1,2,3,4,5,6,9,10,12,14,16,17,19,21,22,23,25,28,32,36,40,44,49,56,64,72,11,13,60,68,74,27,76,29,26,30,37,39,70,51,77,38,45,47,67,65,46,61,63,53,52,75,54,50,69,73,71,79,59,35,43,62,41,33,57,78,+20 MissingAxioms=0,7,8,15,18,24,31,34,42,48,55,58,66 TotalTime=20.5
Step=67 ResultRays= 41171 RayPairs= 158885343 NewAxiom=21 PrevAxioms=1,2,3,4,5,6,9,10,12,14,16,17,19,20,22,23,25,28,32,36,40,44,49,56,64,72,11,13,38,46,27,60,74,29,68,76,26,30,51,37,70,53,75,47,54,35,33,69,61,52,63,57,45,50,73,39,59,77,79,43,62,71,67,41,65,78,+21 MissingAxioms=0,7,8,15,18,24,31,34,42,48,55,58,66 TotalTime=25.4
Step=67 ResultRays= 41171 RayPairs= 248677296 NewAxiom=22 PrevAxioms=1,2,3,4,5,6,9,10,12,14,16,17,19,20,23,25,28,32,36,38,40,44,49,56,64,72,11,13,21,46,27,60,74,29,68,76,26,30,53,69,71,75,57,59,45,47,52,37,39,61,63,35,54,50,77,79,67,33,43,41,78,51,65,62,70,73,+22 MissingAxioms=0,7,8,15,18,24,31,34,42,48,55,58,66 TotalTime=19.9
Step=67 ResultRays= 41171 RayPairs= 156489696 NewAxiom=23 PrevAxioms=1,2,3,4,5,6,9,10,12,14,16,17,19,20,22,25,28,32,36,39,40,44,49,56,64,72,11,13,21,60,68,74,27,76,29,26,30,37,70,53,69,75,35,71,52,61,63,59,57,54,50,45,47,77,79,43,67,73,51,46,38,62,33,41,65,78,+23 MissingAxioms=0,7,8,15,18,24,31,34,42,48,55,58,66 TotalTime=22.5
Step=67 ResultRays= 41171 RayPairs= 205859376 NewAxiom=25 PrevAxioms=1,2,3,4,5,6,9,10,12,14,16,17,19,20,22,23,26,28,32,36,40,44,49,56,64,72,11,13,21,60,68,74,27,51,76,29,37,69,71,38,70,50,67,53,46,59,47,61,63,52,57,43,75,79,77,65,41,54,45,30,62,39,35,33,73,78,+25 MissingAxioms=0,7,8,15,18,24,31,34,42,48,55,58,66 TotalTime=29.7
Step=67 ResultRays= 41171 RayPairs= 205859376 NewAxiom=26 PrevAxioms=1,2,3,4,5,6,9,10,12,14,16,17,19,20,22,23,25,28,32,36,40,44,49,56,64,72,11,13,21,60,68,74,27,76,29,30,53,38,70,75,33,54,35,62,51,37,39,46,52,61,45,47,59,63,69,57,50,73,77,79,43,71,67,41,65,78,+26 MissingAxioms=0,7,8,15,18,24,31,34,42,48,55,58,66 TotalTime=21.3
Step=67 ResultRays= 41171 RayPairs= 181607694 NewAxiom=27 PrevAxioms=1,2,3,4,5,6,9,10,12,14,16,17,19,20,22,23,25,28,32,36,40,44,49,56,64,72,11,13,21,60,68,74,51,76,29,53,69,71,37,38,75,70,33,35,26,73,61,63,41,43,57,62,50,39,45,47,67,79,59,77,30,52,54,46,65,78,+27 MissingAxioms=0,7,8,15,18,24,31,34,42,48,55,58,66 TotalTime=22.6
Step=67 ResultRays= 41171 RayPairs= 177498456 NewAxiom=28 PrevAxioms=1,2,3,4,5,6,9,10,12,14,16,17,19,20,22,23,25,29,32,36,40,44,49,56,64,72,11,13,21,53,60,68,74,75,52,76,27,45,47,61,63,57,59,54,73,26,46,69,71,37,39,50,35,30,77,79,43,70,38,67,62,51,33,41,65,78,+28 MissingAxioms=0,7,8,15,18,24,31,34,42,48,55,58,66 TotalTime=25.4
Step=67 ResultRays= 41171 RayPairs= 162655048 NewAxiom=29 PrevAxioms=1,2,3,4,5,6,9,10,12,14,16,17,19,20,22,23,25,28,32,36,40,44,49,56,64,72,11,13,21,60,68,74,27,76,30,26,45,47,61,63,50,46,33,35,57,37,39,59,67,54,77,79,52,65,69,41,38,62,71,43,75,53,51,70,78,73,+29 MissingAxioms=0,7,8,15,18,24,31,34,42,48,55,58,66 TotalTime=23.1
Step=67 ResultRays= 41171 RayPairs= 162655048 NewAxiom=30 PrevAxioms=1,2,3,4,5,6,9,10,12,14,16,17,19,20,22,23,25,28,32,36,40,44,49,56,64,72,11,13,21,60,68,74,27,76,29,26,37,39,69,71,53,75,70,52,35,61,63,54,45,47,59,57,51,73,77,79,43,67,62,50,46,41,38,65,33,78,+30 MissingAxioms=0,7,8,15,18,24,31,34,42,48,55,58,66 TotalTime=26.2
Step=67 ResultRays= 41171 RayPairs= 152784784 NewAxiom=32 PrevAxioms=1,2,3,4,5,6,9,10,12,14,16,17,19,20,22,23,25,28,33,36,40,44,49,56,64,72,11,13,21,35,68,76,27,29,37,26,30,39,45,47,50,70,54,77,79,43,69,46,75,41,53,52,74,60,61,71,67,63,59,57,38,62,51,65,78,73,+32 MissingAxioms=0,7,8,15,18,24,31,34,42,48,55,58,66 TotalTime=20.5
Step=67 ResultRays= 41171 RayPairs= 230306769 NewAxiom=33 PrevAxioms=1,2,3,4,5,6,9,10,12,14,16,17,19,20,22,23,25,28,32,36,40,44,49,56,64,72,11,13,21,60,68,74,27,76,29,26,30,37,39,70,53,69,75,71,35,52,61,63,54,50,59,57,43,77,79,67,47,45,73,62,51,46,38,41,65,78,+33 MissingAxioms=0,7,8,15,18,24,31,34,42,48,55,58,66 TotalTime=24.9
Step=67 ResultRays= 41171 RayPairs= 197017525 NewAxiom=35 PrevAxioms=1,2,3,4,5,6,9,10,12,14,16,17,19,20,22,23,25,28,32,36,40,44,49,56,64,72,11,13,21,60,68,74,27,76,29,26,30,37,39,70,53,69,75,71,33,52,61,63,54,50,59,57,45,47,77,79,67,43,65,51,62,46,73,38,41,78,+35 MissingAxioms=0,7,8,15,18,24,31,34,42,48,55,58,66 TotalTime=25.1
Step=67 ResultRays= 41171 RayPairs= 134363724 NewAxiom=36 PrevAxioms=1,2,3,4,5,6,9,10,12,14,16,17,19,20,22,23,25,28,32,37,40,44,49,56,64,72,11,13,21,68,76,27,29,39,26,30,45,47,33,35,53,38,69,71,60,74,75,52,61,63,54,59,50,62,77,79,43,67,70,51,41,73,57,46,65,78,+36 MissingAxioms=0,7,8,15,18,24,31,34,42,48,55,58,66 TotalTime=23.2
Step=67 ResultRays= 41171 RayPairs= 145643744 NewAxiom=37 PrevAxioms=1,2,3,4,5,6,9,10,12,14,16,17,19,20,22,23,25,28,32,36,40,44,49,56,64,72,11,13,21,60,68,74,27,76,29,26,30,38,53,70,75,45,47,54,33,35,39,52,69,61,63,59,50,77,79,43,71,41,65,67,51,62,46,57,78,73,+37 MissingAxioms=0,7,8,15,18,24,31,34,42,48,55,58,66 TotalTime=29.9
Step=67 ResultRays= 41171 RayPairs= 231480252 NewAxiom=38 PrevAxioms=1,2,3,4,5,6,9,10,12,14,16,17,19,20,22,23,25,28,32,36,40,44,49,56,64,72,11,13,21,60,68,74,27,76,29,26,30,37,39,70,53,69,75,71,35,52,61,63,54,50,59,57,43,77,79,67,47,45,33,73,62,51,46,41,78,65,+38 MissingAxioms=0,7,8,15,18,24,31,34,42,48,55,58,66 TotalTime=22.2
Step=67 ResultRays= 41171 RayPairs= 167091432 NewAxiom=39 PrevAxioms=1,2,3,4,5,6,9,10,12,14,16,17,19,20,22,23,25,28,32,36,40,44,49,56,64,72,11,13,21,60,68,74,27,76,29,26,30,37,70,53,69,75,71,35,52,61,63,54,51,46,50,47,38,33,57,45,73,77,65,79,67,59,43,62,41,78,+39 MissingAxioms=0,7,8,15,18,24,31,34,42,48,55,58,66 TotalTime=21.3
Step=67 ResultRays= 41171 RayPairs= 152784784 NewAxiom=40 PrevAxioms=1,2,3,4,5,6,9,10,12,14,16,17,19,20,22,23,25,28,32,36,41,44,49,56,64,72,11,13,21,43,60,74,27,29,26,30,45,47,37,53,62,39,50,75,79,35,61,38,77,33,54,52,76,68,69,63,59,71,67,65,46,70,51,57,78,73,+40 MissingAxioms=0,7,8,15,18,24,31,34,42,48,55,58,66 TotalTime=19.7
Step=67 ResultRays= 41171 RayPairs= 230306769 NewAxiom=41 PrevAxioms=1,2,3,4,5,6,9,10,12,14,16,17,19,20,22,23,25,28,32,36,40,44,49,56,64,72,11,13,21,60,68,74,27,76,29,26,30,37,39,70,53,69,75,71,35,52,61,63,54,50,59,57,43,77,79,67,47,45,33,73,62,51,46,38,65,78,+41 MissingAxioms=0,7,8,15,18,24,31,34,42,48,55,58,66 TotalTime=22.0
Step=67 ResultRays= 41171 RayPairs= 197017525 NewAxiom=43 PrevAxioms=1,2,3,4,5,6,9,10,12,14,16,17,19,20,22,23,25,28,32,36,40,44,49,56,64,72,11,13,21,60,68,74,27,76,29,26,30,37,39,70,53,69,75,71,35,52,61,63,54,50,59,57,45,47,77,79,67,33,65,51,62,38,46,41,73,78,+43 MissingAxioms=0,7,8,15,18,24,31,34,42,48,55,58,66 TotalTime=24.0
Step=67 ResultRays= 41171 RayPairs= 134363724 NewAxiom=44 PrevAxioms=1,2,3,4,5,6,9,10,12,14,16,17,19,20,22,23,25,28,32,36,40,45,49,56,64,72,11,13,21,60,74,27,29,47,26,30,37,39,41,43,46,50,54,68,76,77,70,69,71,61,63,67,38,73,62,59,79,35,75,53,52,51,33,65,57,78,+44 MissingAxioms=0,7,8,15,18,24,31,34,42,48,55,58,66 TotalTime=29.8
Step=67 ResultRays= 41171 RayPairs= 145643744 NewAxiom=45 PrevAxioms=1,2,3,4,5,6,9,10,12,14,16,17,19,20,22,23,25,28,32,36,40,44,49,56,64,72,11,13,21,60,68,74,27,76,29,26,30,37,39,70,53,69,75,71,35,52,61,63,54,50,59,57,43,77,79,67,47,33,41,62,51,38,46,65,78,73,+45 MissingAxioms=0,7,8,15,18,24,31,34,42,48,55,58,66 TotalTime=24.4
Step=67 ResultRays= 41171 RayPairs= 231480252 NewAxiom=46 PrevAxioms=1,2,3,4,5,6,9,10,12,14,16,17,19,20,22,23,25,28,32,36,40,44,49,56,64,72,11,13,21,60,68,74,27,76,29,26,30,37,39,70,53,69,75,71,35,52,61,63,54,50,59,57,43,77,79,67,47,45,33,73,62,51,38,41,65,78,+46 MissingAxioms=0,7,8,15,18,24,31,34,42,48,55,58,66 TotalTime=21.7
Step=67 ResultRays= 41171 RayPairs= 167091432 NewAxiom=47 PrevAxioms=1,2,3,4,5,6,9,10,12,14,16,17,19,20,22,23,25,28,32,36,40,44,49,56,64,72,11,13,21,60,68,74,27,76,29,26,30,37,39,70,53,69,75,71,35,52,61,63,54,50,59,57,43,77,79,67,41,45,33,62,51,38,46,65,73,78,+47 MissingAxioms=0,7,8,15,18,24,31,34,42,48,55,58,66 TotalTime=22.4
Step=67 ResultRays= 41171 RayPairs= 189455040 NewAxiom=49 PrevAxioms=1,2,3,4,5,6,9,10,12,14,16,17,19,20,22,23,25,28,32,36,40,44,50,56,64,72,11,13,21,60,68,74,27,51,76,30,45,61,63,46,26,54,77,62,43,69,71,52,53,47,37,39,41,73,67,29,75,79,59,35,70,33,57,38,65,78,+49 MissingAxioms=0,7,8,15,18,24,31,34,42,48,55,58,66 TotalTime=27.3
Step=67 ResultRays= 41171 RayPairs= 189455040 NewAxiom=50 PrevAxioms=1,2,3,4,5,6,9,10,12,14,16,17,19,20,22,23,25,28,32,36,40,44,49,56,64,72,11,13,21,60,68,74,27,76,29,26,30,37,39,70,53,69,75,71,35,52,61,63,54,59,57,51,45,47,73,38,77,79,43,67,62,46,33,41,65,78,+50 MissingAxioms=0,7,8,15,18,24,31,34,42,48,55,58,66 TotalTime=25.4
Step=67 ResultRays= 41171 RayPairs= 175666224 NewAxiom=51 PrevAxioms=1,2,3,4,5,6,9,10,12,14,16,17,19,20,22,23,25,28,32,36,40,44,49,56,64,72,11,13,21,60,68,74,27,76,29,26,30,37,39,70,53,69,75,71,35,52,61,63,54,50,59,57,43,77,79,67,47,45,33,73,62,46,38,41,65,78,+51 MissingAxioms=0,7,8,15,18,24,31,34,42,48,55,58,66 TotalTime=21.6
Step=67 ResultRays= 41171 RayPairs= 176813819 NewAxiom=52 PrevAxioms=1,2,3,4,5,6,9,10,12,14,16,17,19,20,22,23,25,28,32,36,40,44,49,56,64,72,11,13,21,60,68,74,27,76,29,26,30,37,39,70,53,69,75,71,35,61,63,59,57,45,47,73,62,43,67,79,77,46,33,54,50,38,51,41,65,78,+52 MissingAxioms=0,7,8,15,18,24,31,34,42,48,55,58,66 TotalTime=24.7
Step=67 ResultRays= 41171 RayPairs= 179607288 NewAxiom=53 PrevAxioms=1,2,3,4,5,6,9,10,12,14,16,17,19,20,22,23,25,28,32,36,40,44,49,56,64,72,11,13,21,60,68,74,27,76,29,26,30,37,39,70,50,45,47,54,77,67,46,52,65,69,71,41,61,63,73,75,57,59,35,79,43,38,51,62,33,78,+53 MissingAxioms=0,7,8,15,18,24,31,34,42,48,55,58,66 TotalTime=21.2
Step=67 ResultRays= 41171 RayPairs= 179607288 NewAxiom=54 PrevAxioms=1,2,3,4,5,6,9,10,12,14,16,17,19,20,22,23,25,28,32,36,40,44,49,56,64,72,11,13,21,60,68,74,27,76,29,26,30,37,39,70,53,69,75,71,35,52,61,63,59,57,45,47,50,73,77,79,43,67,51,46,38,62,41,33,65,78,+54 MissingAxioms=0,7,8,15,18,24,31,34,42,48,55,58,66 TotalTime=25.6
Step=67 ResultRays= 41171 RayPairs= 159934320 NewAxiom=56 PrevAxioms=1,2,3,4,5,6,9,10,12,14,16,17,19,20,22,23,25,28,32,36,40,44,49,57,64,72,11,13,21,68,74,27,59,76,29,26,30,37,70,53,39,69,75,71,35,52,45,47,63,61,60,50,54,77,79,67,33,51,62,43,41,46,38,65,73,78,+56 MissingAxioms=0,7,8,15,18,24,31,34,42,48,55,58,66 TotalTime=23.6
Step=67 ResultRays= 41171 RayPairs= 238614100 NewAxiom=57 PrevAxioms=1,2,3,4,5,6,9,10,12,14,16,17,19,20,22,23,25,28,32,36,40,44,49,56,64,72,11,13,21,60,68,74,27,76,29,26,30,37,39,70,53,69,75,71,35,52,61,63,54,50,59,77,79,45,47,43,33,67,51,62,41,73,38,65,46,78,+57 MissingAxioms=0,7,8,15,18,24,31,34,42,48,55,58,66 TotalTime=19.7
Step=67 ResultRays= 41171 RayPairs= 175180588 NewAxiom=59 PrevAxioms=1,2,3,4,5,6,9,10,12,14,16,17,19,20,22,23,25,28,32,36,40,44,49,56,64,72,11,13,21,60,68,74,27,76,29,26,30,37,39,70,53,69,75,71,35,52,61,63,54,50,45,47,33,57,77,79,43,67,41,62,46,51,38,73,65,78,+59 MissingAxioms=0,7,8,15,18,24,31,34,42,48,55,58,66 TotalTime=26.3
Step=67 ResultRays= 41171 RayPairs= 141152928 NewAxiom=60 PrevAxioms=1,2,3,4,5,6,9,10,12,14,16,17,19,20,22,23,25,28,32,36,40,44,49,56,64,72,11,13,21,68,74,27,76,29,26,30,37,39,70,53,69,75,71,35,52,61,63,54,50,59,57,77,79,67,45,47,33,73,43,51,46,38,62,41,65,78,+60 MissingAxioms=0,7,8,15,18,24,31,34,42,48,55,58,66 TotalTime=22.9
Step=67 ResultRays= 41171 RayPairs= 149913072 NewAxiom=61 PrevAxioms=1,2,3,4,5,6,9,10,12,14,16,17,19,20,22,23,25,28,32,36,40,44,49,56,64,72,11,13,21,60,68,74,27,76,29,26,30,37,39,70,53,69,75,71,35,52,63,54,50,59,57,45,47,77,79,43,67,41,51,62,46,38,65,33,78,73,+61 MissingAxioms=0,7,8,15,18,24,31,34,42,48,55,58,66 TotalTime=27.6
Step=67 ResultRays= 41171 RayPairs= 202834464 NewAxiom=62 PrevAxioms=1,2,3,4,5,6,9,10,12,14,16,17,19,20,22,23,25,28,32,36,40,44,49,56,64,72,11,13,21,60,68,74,27,76,29,26,30,37,39,70,53,69,75,71,35,52,61,63,54,50,59,57,43,77,79,67,47,45,33,73,51,38,41,46,78,65,+62 MissingAxioms=0,7,8,15,18,24,31,34,42,48,55,58,66 TotalTime=22.2
Step=67 ResultRays= 41171 RayPairs= 175316562 NewAxiom=63 PrevAxioms=1,2,3,4,5,6,9,10,12,14,16,17,19,20,22,23,25,28,32,36,40,44,49,56,64,72,11,13,21,60,68,74,27,76,29,26,30,37,39,70,53,69,75,71,35,52,61,33,45,47,59,50,73,62,38,77,65,79,67,43,41,54,51,46,57,78,+63 MissingAxioms=0,7,8,15,18,24,31,34,42,48,55,58,66 TotalTime=22.8
Step=67 ResultRays= 41171 RayPairs= 159934320 NewAxiom=64 PrevAxioms=1,2,3,4,5,6,9,10,12,14,16,17,19,20,22,23,25,28,32,36,40,44,49,56,65,72,11,13,21,60,74,27,67,76,29,26,30,37,53,62,39,45,47,75,35,54,61,63,59,51,57,33,77,79,43,71,69,68,70,52,38,41,46,50,73,78,+64 MissingAxioms=0,7,8,15,18,24,31,34,42,48,55,58,66 TotalTime=22.4
Step=67 ResultRays= 41171 RayPairs= 238614100 NewAxiom=65 PrevAxioms=1,2,3,4,5,6,9,10,12,14,16,17,19,20,22,23,25,28,32,36,40,44,49,56,64,72,11,13,21,60,68,74,27,76,29,26,30,37,39,70,53,69,75,71,35,52,61,63,54,50,59,57,43,77,79,67,47,45,33,73,62,51,46,38,41,78,+65 MissingAxioms=0,7,8,15,18,24,31,34,42,48,55,58,66 TotalTime=22.0
Step=67 ResultRays= 41171 RayPairs= 175180588 NewAxiom=67 PrevAxioms=1,2,3,4,5,6,9,10,12,14,16,17,19,20,22,23,25,28,32,36,40,44,49,56,64,72,11,13,21,60,68,74,27,76,29,26,30,37,39,70,53,69,75,71,35,52,61,63,54,50,59,57,43,77,79,47,45,33,62,41,38,51,46,65,73,78,+67 MissingAxioms=0,7,8,15,18,24,31,34,42,48,55,58,66 TotalTime=24.6
Step=67 ResultRays= 41171 RayPairs= 141152928 NewAxiom=68 PrevAxioms=1,2,3,4,5,6,9,10,12,14,16,17,19,20,22,23,25,28,32,36,40,44,49,56,64,72,11,13,21,60,74,27,76,29,26,30,37,39,41,43,77,38,45,47,61,63,50,54,62,73,69,71,67,59,79,35,75,46,53,65,70,51,52,33,57,78,+68 MissingAxioms=0,7,8,15,18,24,31,34,42,48,55,58,66 TotalTime=30.1
Step=67 ResultRays= 41171 RayPairs= 149913072 NewAxiom=69 PrevAxioms=1,2,3,4,5,6,9,10,12,14,16,17,19,20,22,23,25,28,32,36,40,44,49,56,64,72,11,13,21,60,68,74,27,76,29,26,30,37,39,70,53,62,71,75,35,54,63,61,52,51,59,57,45,47,33,50,77,79,67,43,46,65,38,41,78,73,+69 MissingAxioms=0,7,8,15,18,24,31,34,42,48,55,58,66 TotalTime=23.3
Step=67 ResultRays= 41171 RayPairs= 202834464 NewAxiom=70 PrevAxioms=1,2,3,4,5,6,9,10,12,14,16,17,19,20,22,23,25,28,32,36,40,44,49,56,64,72,11,13,21,60,68,74,27,76,29,26,30,37,39,69,71,53,75,33,35,46,47,52,61,63,54,50,59,45,38,62,77,79,43,57,67,65,51,41,78,73,+70 MissingAxioms=0,7,8,15,18,24,31,34,42,48,55,58,66 TotalTime=21.8
Step=67 ResultRays= 41171 RayPairs= 175316562 NewAxiom=71 PrevAxioms=1,2,3,4,5,6,9,10,12,14,16,17,19,20,22,23,25,28,32,36,40,44,49,56,64,72,11,13,21,60,68,74,27,76,29,26,30,37,39,70,53,69,75,35,52,61,63,59,45,47,33,54,50,57,77,79,43,38,73,51,46,62,41,67,65,78,+71 MissingAxioms=0,7,8,15,18,24,31,34,42,48,55,58,66 TotalTime=27.6
Step=67 ResultRays= 41171 RayPairs= 176344294 NewAxiom=72 PrevAxioms=1,2,3,4,5,6,9,10,12,14,16,17,19,20,22,23,25,28,32,36,40,44,49,56,64,73,11,13,21,60,68,27,29,26,30,37,39,70,53,69,71,35,52,61,63,59,57,75,43,74,62,76,45,47,67,79,77,46,51,65,54,38,41,78,50,33,+72 MissingAxioms=0,7,8,15,18,24,31,34,42,48,55,58,66 TotalTime=26.6
Step=67 ResultRays= 41171 RayPairs= 212013171 NewAxiom=73 PrevAxioms=1,2,3,4,5,6,9,10,12,14,16,17,19,20,22,23,25,28,32,36,40,44,49,56,64,72,11,13,21,60,68,74,27,76,29,26,30,37,39,70,53,69,75,71,35,52,61,63,54,50,59,57,43,77,79,67,47,45,33,41,62,51,46,38,65,78,+73 MissingAxioms=0,7,8,15,18,24,31,34,42,48,55,58,66 TotalTime=22.1
Step=67 ResultRays= 41171 RayPairs= 136961340 NewAxiom=74 PrevAxioms=1,2,3,4,5,6,9,10,12,14,16,17,19,20,22,23,25,28,32,36,40,44,49,56,64,72,11,13,21,60,68,76,27,29,26,30,37,39,70,53,69,71,75,35,52,61,63,54,59,57,50,77,79,67,45,47,33,73,43,51,38,62,41,46,65,78,+74 MissingAxioms=0,7,8,15,18,24,31,34,42,48,55,58,66 TotalTime=23.4
Step=67 ResultRays= 41171 RayPairs= 159761043 NewAxiom=75 PrevAxioms=1,2,3,4,5,6,9,10,12,14,16,17,19,20,22,23,25,28,32,36,40,44,49,56,64,72,11,13,21,60,68,74,27,76,29,26,30,37,39,70,53,69,71,35,52,61,63,59,57,43,73,45,47,67,77,79,54,50,51,38,41,62,46,33,65,78,+75 MissingAxioms=0,7,8,15,18,24,31,34,42,48,55,58,66 TotalTime=28.0
Step=67 ResultRays= 41171 RayPairs= 136961340 NewAxiom=76 PrevAxioms=1,2,3,4,5,6,9,10,12,14,16,17,19,20,22,23,25,28,32,36,40,44,49,56,64,72,11,13,21,60,68,74,27,29,26,30,37,39,70,53,69,75,71,35,52,61,63,54,50,59,57,43,33,41,45,47,77,79,67,51,38,73,62,46,65,78,+76 MissingAxioms=0,7,8,15,18,24,31,34,42,48,55,58,66 TotalTime=22.0
Step=67 ResultRays= 41171 RayPairs= 159761043 NewAxiom=77 PrevAxioms=1,2,3,4,5,6,9,10,12,14,16,17,19,20,22,23,25,28,32,36,40,44,49,56,64,72,11,13,21,60,68,74,27,76,29,26,30,37,39,70,53,69,75,71,35,52,61,63,54,50,59,57,43,33,41,45,47,67,79,73,62,51,46,38,65,78,+77 MissingAxioms=0,7,8,15,18,24,31,34,42,48,55,58,66 TotalTime=21.4
Step=67 ResultRays= 41171 RayPairs= 208781528 NewAxiom=78 PrevAxioms=1,2,3,4,5,6,9,10,12,14,16,17,19,20,22,23,25,28,32,36,40,44,49,56,64,72,11,13,21,60,68,74,27,76,29,26,30,37,39,70,53,69,75,71,35,52,61,63,54,50,59,57,43,77,79,67,47,45,33,73,62,51,46,38,41,65,+78 MissingAxioms=0,7,8,15,18,24,31,34,42,48,55,58,66 TotalTime=21.8
Step=67 ResultRays= 41171 RayPairs= 173975372 NewAxiom=79 PrevAxioms=1,2,3,4,5,6,9,10,12,14,16,17,19,20,22,23,25,28,32,36,40,44,49,56,64,72,11,13,21,60,68,74,27,76,29,26,30,37,39,70,53,69,75,71,35,52,61,63,54,50,59,57,43,77,33,41,45,47,67,62,51,46,73,38,65,78,+79 MissingAxioms=0,7,8,15,18,24,31,34,42,48,55,58,66 TotalTime=18.5
Step=67 #####......................... Axiom20 Group1 f({1, 4}) + f({2, 4}) >= f({4}) + f({1, 2, 4})
Step=67 ################.............. Axiom36 Group1 f({1, 4}) + f({3, 4}) >= f({4}) + f({1, 3, 4})
Step=67 ################.............. Axiom44 Group1 f({2, 4}) + f({3, 4}) >= f({4}) + f({2, 3, 4})
Step=67 #################............. Axiom74 Group1 f({1, 3}) + f({1, 4}) >= f({1}) + f({1, 3, 4})
Step=67 #################............. Axiom76 Group1 f({2, 3}) + f({2, 4}) >= f({2}) + f({2, 3, 4})
Step=67 #################............. Axiom16 Group0 f({1}) + f({2}) >= f({1, 2})
Step=67 #################............. Axiom60 Group1 f({1, 3}) + f({3, 4}) >= f({3}) + f({1, 3, 4})
Step=67 #################............. Axiom68 Group1 f({2, 3}) + f({3, 4}) >= f({3}) + f({2, 3, 4})
Step=67 ##################............ Axiom37 Group2 f({0, 1, 4}) + f({0, 3, 4}) >= f({0, 1, 2, 3, 4}) + f({0, 4})
Step=67 ##################............ Axiom45 Group2 f({0, 2, 4}) + f({0, 3, 4}) >= f({0, 1, 2, 3, 4}) + f({0, 4})
Step=67 ##################............ Axiom1 Group1 f({0, 2}) + f({1, 2}) >= f({2}) + f({0, 1, 2})
Step=67 ##################............ Axiom9 Group1 f({0, 1}) + f({1, 2}) >= f({1}) + f({0, 1, 2})
Step=67 ##################............ Axiom61 Group2 f({0, 1, 3}) + f({0, 3, 4}) >= f({0, 3}) + f({0, 1, 2, 3, 4})
Step=67 ##################............ Axiom69 Group2 f({0, 2, 3}) + f({0, 3, 4}) >= f({0, 3}) + f({0, 1, 2, 3, 4})
Step=67 ##################............ Axiom32 Group0 f({1}) + f({3}) >= f({1, 3})
Step=67 ##################............ Axiom40 Group0 f({2}) + f({3}) >= f({2, 3})
Step=67 ###################........... Axiom23 Group3 f({0, 1, 2, 3, 4}) >= f({0, 3, 4})
Step=67 ###################........... Axiom21 Group2 f({0, 1, 4}) + f({0, 2, 4}) >= f({0, 1, 2, 3, 4}) + f({0, 4})
Step=67 ###################........... Axiom75 Group2 f({0, 1, 3}) + f({0, 1, 4}) >= f({0, 1}) + f({0, 1, 2, 3, 4})
Step=67 ###################........... Axiom77 Group2 f({0, 2, 3}) + f({0, 2, 4}) >= f({0, 2}) + f({0, 1, 2, 3, 4})
Step=67 ###################........... Axiom56 Group0 f({1}) + f({4}) >= f({1, 4})
Step=67 ###################........... Axiom64 Group0 f({2}) + f({4}) >= f({2, 4})
Step=67 ####################.......... Axiom6 Group2 f({0, 3, 4}) + f({1, 3, 4}) >= f({0, 1, 2, 3, 4}) + f({3, 4})
Step=67 ####################.......... Axiom14 Group2 f({0, 3, 4}) + f({2, 3, 4}) >= f({0, 1, 2, 3, 4}) + f({3, 4})
Step=67 ####################.......... Axiom29 Group2 f({0, 1, 4}) + f({1, 3, 4}) >= f({0, 1, 2, 3, 4}) + f({1, 4})
Step=67 ####################.......... Axiom30 Group2 f({0, 2, 4}) + f({2, 3, 4}) >= f({0, 1, 2, 3, 4}) + f({2, 4})
Step=67 ####################.......... Axiom19 Group2 f({0, 1, 3}) + f({0, 2, 3}) >= f({0, 3}) + f({0, 1, 2, 3, 4})
Step=67 ####################.......... Axiom39 Group3 f({0, 1, 2, 3, 4}) >= f({0, 2, 4})
Step=67 ####################.......... Axiom47 Group3 f({0, 1, 2, 3, 4}) >= f({0, 1, 4})
Step=67 #####################......... Axiom79 Group3 f({0, 1, 2, 3, 4}) >= f({0, 1, 2})
Step=67 #####################......... Axiom5 Group2 f({0, 2, 4}) + f({1, 2, 4}) >= f({0, 1, 2, 3, 4}) + f({2, 4})
Step=67 #####################......... Axiom13 Group2 f({0, 1, 4}) + f({1, 2, 4}) >= f({0, 1, 2, 3, 4}) + f({1, 4})
Step=67 #####################......... Axiom59 Group2 f({0, 1, 2}) + f({0, 2, 4}) >= f({0, 2}) + f({0, 1, 2, 3, 4})
Step=67 #####################......... Axiom67 Group2 f({0, 1, 2}) + f({0, 1, 4}) >= f({0, 1}) + f({0, 1, 2, 3, 4})
Step=67 #####################......... Axiom63 Group3 f({0, 1, 2, 3, 4}) >= f({0, 2, 3})
Step=67 #####################......... Axiom71 Group3 f({0, 1, 2, 3, 4}) >= f({0, 1, 3})
Step=67 #####################......... Axiom51 Group2 f({0, 1, 2}) + f({1, 2, 4}) >= f({1, 2}) + f({0, 1, 2, 3, 4})
Step=67 #####################......... Axiom72 Group0 f({3}) + f({4}) >= f({3, 4})
Step=67 #####################......... Axiom52 Group1 f({0, 3}) + f({3, 4}) >= f({3}) + f({0, 3, 4})
Step=67 #####################......... Axiom28 Group1 f({0, 4}) + f({3, 4}) >= f({4}) + f({0, 3, 4})
Step=67 ######################........ Axiom53 Group2 f({0, 1, 3}) + f({1, 3, 4}) >= f({1, 3}) + f({0, 1, 2, 3, 4})
Step=67 ######################........ Axiom54 Group2 f({0, 2, 3}) + f({2, 3, 4}) >= f({2, 3}) + f({0, 1, 2, 3, 4})
Step=67 ######################........ Axiom3 Group2 f({0, 2, 3}) + f({1, 2, 3}) >= f({2, 3}) + f({0, 1, 2, 3, 4})
Step=67 ######################........ Axiom11 Group2 f({0, 1, 3}) + f({1, 2, 3}) >= f({1, 3}) + f({0, 1, 2, 3, 4})
Step=67 ######################........ Axiom27 Group2 f({0, 1, 2}) + f({1, 2, 3}) >= f({1, 2}) + f({0, 1, 2, 3, 4})
Step=67 ######################........ Axiom4 Group1 f({0, 4}) + f({1, 4}) >= f({4}) + f({0, 1, 4})
Step=67 ######################........ Axiom12 Group1 f({0, 4}) + f({2, 4}) >= f({4}) + f({0, 2, 4})
Step=67 #######################....... Axiom49 Group1 f({0, 1}) + f({1, 4}) >= f({1}) + f({0, 1, 4})
Step=67 #######################....... Axiom50 Group1 f({0, 2}) + f({2, 4}) >= f({2}) + f({0, 2, 4})
Step=67 ########################...... Axiom35 Group2 f({0, 1, 2}) + f({0, 2, 3}) >= f({0, 2}) + f({0, 1, 2, 3, 4})
Step=67 ########################...... Axiom43 Group2 f({0, 1, 2}) + f({0, 1, 3}) >= f({0, 1}) + f({0, 1, 2, 3, 4})
Step=67 ########################...... Axiom62 Group2 f({1, 2, 3}) + f({2, 3, 4}) >= f({2, 3}) + f({0, 1, 2, 3, 4})
Step=67 ########################...... Axiom70 Group2 f({1, 2, 3}) + f({1, 3, 4}) >= f({1, 3}) + f({0, 1, 2, 3, 4})
Step=67 #########################..... Axiom2 Group1 f({0, 3}) + f({1, 3}) >= f({3}) + f({0, 1, 3})
Step=67 #########################..... Axiom10 Group1 f({0, 3}) + f({2, 3}) >= f({3}) + f({0, 2, 3})
Step=67 #########################..... Axiom25 Group1 f({0, 1}) + f({1, 3}) >= f({1}) + f({0, 1, 3})
Step=67 #########################..... Axiom26 Group1 f({0, 2}) + f({2, 3}) >= f({2}) + f({0, 2, 3})
Step=67 #########################..... Axiom78 Group2 f({1, 2, 3}) + f({1, 2, 4}) >= f({1, 2}) + f({0, 1, 2, 3, 4})
Step=67 ##########################.... Axiom73 Group1 f({0, 3}) + f({0, 4}) >= f({0}) + f({0, 3, 4})
Step=67 ###########################... Axiom17 Group1 f({0, 1}) + f({0, 2}) >= f({0}) + f({0, 1, 2})
Step=67 ############################.. Axiom33 Group1 f({0, 1}) + f({0, 3}) >= f({0}) + f({0, 1, 3})
Step=67 ############################.. Axiom41 Group1 f({0, 2}) + f({0, 3}) >= f({0}) + f({0, 2, 3})
Step=67 ############################.. Axiom38 Group2 f({1, 2, 4}) + f({2, 3, 4}) >= f({0, 1, 2, 3, 4}) + f({2, 4})
Step=67 ############################.. Axiom46 Group2 f({1, 2, 4}) + f({1, 3, 4}) >= f({0, 1, 2, 3, 4}) + f({1, 4})
Step=67 #############################. Axiom57 Group1 f({0, 1}) + f({0, 4}) >= f({0}) + f({0, 1, 4})
Step=67 #############################. Axiom65 Group1 f({0, 2}) + f({0, 4}) >= f({0}) + f({0, 2, 4})
Step=67 ############################## Axiom22 Group2 f({1, 3, 4}) + f({2, 3, 4}) >= f({0, 1, 2, 3, 4}) + f({3, 4})
