Step=68 ResultRays= 45427 RayPairs= 206805790 NewAxiom=1 PrevAxioms=2,3,4,5,6,9,10,12,14,16,17,19,20,22,23,25,26,28,32,36,40,44,49,56,64,72,11,13,21,60,68,74,27,76,29,30,66,77,53,62,61,45,47,75,63,69,71,37,39,52,51,65,67,43,79,35,59,41,33,46,54,50,73,70,38,57,78,+1 MissingAxioms=0,7,8,15,18,24,31,34,42,48,55,58 TotalTime=27.9
Step=68 ResultRays= 45427 RayPairs= 243422850 NewAxiom=2 PrevAxioms=1,3,4,5,6,9,10,11,12,14,16,17,19,20,22,23,25,28,32,36,40,44,49,56,64,72,13,21,27,60,68,74,26,69,29,71,76,37,51,66,53,38,67,70,50,46,59,47,45,75,79,57,65,52,61,63,43,73,77,54,30,62,39,35,41,33,78,+2 MissingAxioms=0,7,8,15,18,24,31,34,42,48,55,58 TotalTime=27.2
Step=68 ResultRays= 45427 RayPairs= 222561960 NewAxiom=3 PrevAxioms=1,2,4,5,6,9,10,11,12,14,16,17,19,20,22,23,25,28,32,36,40,44,49,56,64,72,13,21,27,60,68,74,61,69,63,76,30,66,51,50,45,47,67,71,33,29,59,53,43,46,37,39,35,75,79,77,41,70,62,65,54,52,38,73,57,78,26,+3 MissingAxioms=0,7,8,15,18,24,31,34,42,48,55,58 TotalTime=28.5
Step=68 ResultRays= 45427 RayPairs= 211788374 NewAxiom=4 PrevAxioms=1,2,3,5,6,9,10,12,13,14,16,17,19,20,22,23,25,28,32,36,40,44,49,56,64,72,11,21,60,68,74,27,76,30,26,45,66,61,63,47,51,50,54,38,67,77,62,65,52,39,69,71,53,43,37,29,75,79,59,41,46,73,35,70,33,57,78,+4 MissingAxioms=0,7,8,15,18,24,31,34,42,48,55,58 TotalTime=23.4
Step=68 ResultRays= 45427 RayPairs= 206674625 NewAxiom=5 PrevAxioms=1,2,3,4,6,9,10,12,13,14,16,17,19,20,22,23,25,28,32,36,40,44,49,56,64,72,11,21,29,37,68,76,27,60,66,74,26,45,53,47,62,52,75,46,30,39,59,65,67,57,61,63,33,69,71,51,43,79,77,35,54,50,73,38,70,41,78,+5 MissingAxioms=0,7,8,15,18,24,31,34,42,48,55,58 TotalTime=32.4
Step=68 ResultRays= 45427 RayPairs= 203962720 NewAxiom=6 PrevAxioms=1,2,3,4,5,9,10,12,14,16,17,19,20,22,23,25,28,29,32,36,40,44,49,56,64,72,11,13,21,37,68,76,27,60,66,74,26,45,53,47,62,50,75,46,51,67,65,59,57,38,39,69,71,43,79,33,61,52,41,35,77,54,30,63,70,73,78,+6 MissingAxioms=0,7,8,15,18,24,31,34,42,48,55,58 TotalTime=33.5
Step=68 ResultRays= 45427 RayPairs= 264145365 NewAxiom=9 PrevAxioms=1,2,3,4,5,6,10,12,14,16,17,19,20,22,23,25,26,28,32,36,40,44,49,56,64,72,11,13,21,60,68,74,27,76,29,53,75,69,71,37,66,39,30,77,52,61,63,70,54,50,45,47,51,78,67,43,41,79,59,35,33,73,65,62,46,57,38,+9 MissingAxioms=0,7,8,15,18,24,31,34,42,48,55,58 TotalTime=29.3
Step=68 ResultRays= 45427 RayPairs= 245465380 NewAxiom=10 PrevAxioms=1,2,3,4,5,6,9,11,12,14,16,17,19,20,22,23,25,28,32,36,40,44,49,56,64,72,13,21,27,60,68,74,26,61,76,30,63,45,66,51,50,62,67,54,70,77,46,59,79,38,52,65,57,69,71,73,75,53,37,43,47,33,29,35,39,41,78,+10 MissingAxioms=0,7,8,15,18,24,31,34,42,48,55,58 TotalTime=28.6
Step=68 ResultRays= 45427 RayPairs= 214716047 NewAxiom=11 PrevAxioms=1,2,3,4,5,6,9,10,12,14,16,17,19,20,22,23,25,28,32,36,40,44,49,56,64,72,13,21,60,68,74,51,61,69,63,76,50,66,67,62,30,45,47,29,75,70,59,46,37,39,35,33,53,78,71,43,79,77,41,65,73,52,54,57,38,26,27,+11 MissingAxioms=0,7,8,15,18,24,31,34,42,48,55,58 TotalTime=27.2
Step=68 ResultRays= 45427 RayPairs= 221729937 NewAxiom=12 PrevAxioms=1,2,3,4,5,6,9,10,13,14,16,17,19,20,22,23,25,28,32,36,40,44,49,56,64,72,11,21,51,60,68,74,76,29,53,66,62,27,50,69,71,75,46,61,70,47,59,57,37,52,39,45,73,67,63,79,43,35,26,77,54,30,33,38,65,41,78,+12 MissingAxioms=0,7,8,15,18,24,31,34,42,48,55,58 TotalTime=32.9
Step=68 ResultRays= 45427 RayPairs= 204840174 NewAxiom=13 PrevAxioms=1,2,3,4,5,6,9,10,12,14,16,17,19,20,22,23,25,28,32,36,40,44,49,56,64,72,11,21,30,45,60,74,27,66,68,26,76,37,39,70,77,38,29,47,50,53,54,75,69,71,61,63,51,52,78,67,65,43,79,59,57,35,41,33,73,62,46,+13 MissingAxioms=0,7,8,15,18,24,31,34,42,48,55,58 TotalTime=26.6
Step=68 ResultRays= 45427 RayPairs= 199219620 NewAxiom=14 PrevAxioms=1,2,3,4,5,6,9,10,12,16,17,19,20,22,23,25,28,30,32,36,40,44,49,56,64,72,11,13,21,45,60,74,27,66,68,26,76,37,51,70,38,77,39,67,50,65,59,57,46,47,29,53,75,54,52,61,63,35,33,79,69,43,71,62,73,41,78,+14 MissingAxioms=0,7,8,15,18,24,31,34,42,48,55,58 TotalTime=28.1
Step=68 ResultRays= 45427 RayPairs= 178262966 NewAxiom=16 PrevAxioms=1,2,3,4,5,6,9,10,12,14,17,19,20,22,23,25,28,32,33,36,40,44,49,56,64,72,11,13,21,35,60,68,74,27,76,29,26,30,37,39,69,71,53,75,70,73,45,61,63,47,59,77,79,67,62,43,51,66,46,52,65,54,50,78,38,57,41,+16 MissingAxioms=0,7,8,15,18,24,31,34,42,48,55,58 TotalTime=28.6
Step=68 ResultRays= 45427 RayPairs= 277483184 NewAxiom=17 PrevAxioms=1,2,3,4,5,6,9,10,12,14,16,19,20,22,23,25,28,32,33,36,40,44,49,56,64,72,11,13,21,60,68,74,27,76,29,26,30,66,62,45,47,53,75,52,37,39,59,61,63,69,71,73,46,51,67,79,43,50,77,65,54,35,41,57,70,38,78,+17 MissingAxioms=0,7,8,15,18,24,31,34,42,48,55,58 TotalTime=33.0
Step=68 ResultRays= 45427 RayPairs= 201688389 NewAxiom=19 PrevAxioms=1,2,3,4,5,6,9,10,12,14,16,17,20,22,23,25,28,32,35,36,40,44,49,56,64,72,11,13,21,60,68,74,27,76,29,26,30,66,37,39,69,53,75,45,47,59,63,52,46,61,71,51,57,77,79,67,43,73,50,38,54,78,65,33,41,70,62,+19 MissingAxioms=0,7,8,15,18,24,31,34,42,48,55,58 TotalTime=25.6
Step=68 ResultRays= 45427 RayPairs= 132917300 NewAxiom=20 PrevAxioms=1,2,3,4,5,6,9,10,12,14,16,17,19,21,22,23,25,28,32,36,40,44,49,56,64,72,11,13,60,68,74,27,76,29,26,30,37,39,70,51,77,38,45,47,66,67,50,65,59,53,75,69,71,73,41,43,79,35,63,61,54,62,52,33,46,57,78,+20 MissingAxioms=0,7,8,15,18,24,31,34,42,48,55,58 TotalTime=30.2
Step=68 ResultRays= 45427 RayPairs= 175086990 NewAxiom=21 PrevAxioms=1,2,3,4,5,6,9,10,12,14,16,17,19,20,22,23,25,28,32,36,40,44,49,56,64,72,11,13,38,46,27,60,74,29,66,26,30,68,51,76,37,53,70,54,75,47,67,77,45,52,61,63,50,59,79,69,71,62,43,41,73,65,39,35,33,57,78,+21 MissingAxioms=0,7,8,15,18,24,31,34,42,48,55,58 TotalTime=28.5
Step=68 ResultRays= 45427 RayPairs= 289531692 NewAxiom=22 PrevAxioms=1,2,3,4,5,6,9,10,12,14,16,17,19,20,23,25,28,32,36,38,40,44,49,56,64,72,11,13,21,46,27,60,66,74,68,26,29,30,76,53,69,71,75,37,39,52,61,63,51,77,45,47,67,79,59,65,35,33,43,78,54,62,50,57,41,70,73,+22 MissingAxioms=0,7,8,15,18,24,31,34,42,48,55,58 TotalTime=27.3
Step=68 ResultRays= 45427 RayPairs= 195068316 NewAxiom=23 PrevAxioms=1,2,3,4,5,6,9,10,12,14,16,17,19,20,22,25,28,32,36,39,40,44,49,56,64,72,11,13,21,60,68,74,27,76,29,26,30,66,62,45,53,75,46,54,70,50,51,67,77,61,52,65,37,47,69,71,43,79,35,41,73,78,33,59,63,57,38,+23 MissingAxioms=0,7,8,15,18,24,31,34,42,48,55,58 TotalTime=22.8
Step=68 ResultRays= 45427 RayPairs= 244634454 NewAxiom=25 PrevAxioms=1,2,3,4,5,6,9,10,12,14,16,17,19,20,22,23,26,28,32,36,40,44,49,56,64,72,11,13,21,60,68,74,27,51,76,29,37,69,71,38,66,67,53,70,50,46,59,47,57,52,61,63,43,75,79,77,65,41,45,30,54,62,39,35,33,73,78,+25 MissingAxioms=0,7,8,15,18,24,31,34,42,48,55,58 TotalTime=32.2
Step=68 ResultRays= 45427 RayPairs= 268977744 NewAxiom=26 PrevAxioms=1,2,3,4,5,6,9,10,12,14,16,17,19,20,22,23,25,28,32,36,40,44,49,56,64,72,11,13,21,60,68,74,27,76,29,30,66,53,62,45,47,61,75,52,59,57,51,67,65,37,39,63,33,69,71,43,79,35,77,54,46,41,50,38,70,73,78,+26 MissingAxioms=0,7,8,15,18,24,31,34,42,48,55,58 TotalTime=32.4
Step=68 ResultRays= 45427 RayPairs= 210662934 NewAxiom=27 PrevAxioms=1,2,3,4,5,6,9,10,12,14,16,17,19,20,22,23,25,28,32,36,40,44,49,56,64,72,11,13,21,60,68,74,51,76,29,53,66,62,50,69,71,26,75,46,70,47,78,59,67,37,57,52,61,63,65,38,43,79,73,77,45,39,35,54,30,33,41,+27 MissingAxioms=0,7,8,15,18,24,31,34,42,48,55,58 TotalTime=27.1
Step=68 ResultRays= 45427 RayPairs= 222497600 NewAxiom=28 PrevAxioms=1,2,3,4,5,6,9,10,12,14,16,17,19,20,22,23,25,29,32,36,40,44,49,56,64,72,11,13,21,53,60,68,74,75,52,66,27,45,47,61,63,76,54,26,46,69,71,51,37,39,59,57,73,38,67,79,43,77,35,50,70,62,30,33,65,41,78,+28 MissingAxioms=0,7,8,15,18,24,31,34,42,48,55,58 TotalTime=28.7
Step=68 ResultRays= 45427 RayPairs= 179565520 NewAxiom=29 PrevAxioms=1,2,3,4,5,6,9,10,12,14,16,17,19,20,22,23,25,28,32,36,40,44,49,56,64,72,11,13,21,60,68,74,27,76,30,26,45,66,61,63,47,50,54,62,77,37,39,69,71,67,43,41,73,59,79,35,75,70,46,51,38,52,53,57,33,65,78,+29 MissingAxioms=0,7,8,15,18,24,31,34,42,48,55,58 TotalTime=31.8
Step=68 ResultRays= 45427 RayPairs= 204677592 NewAxiom=30 PrevAxioms=1,2,3,4,5,6,9,10,12,14,16,17,19,20,22,23,25,28,32,36,40,44,49,56,64,72,11,13,21,60,68,74,27,76,29,26,37,66,51,70,53,75,69,38,71,61,63,50,67,79,59,46,77,65,57,45,52,54,73,62,35,39,41,43,47,33,78,+30 MissingAxioms=0,7,8,15,18,24,31,34,42,48,55,58 TotalTime=27.0
Step=68 ResultRays= 45427 RayPairs= 182027142 NewAxiom=32 PrevAxioms=1,2,3,4,5,6,9,10,12,14,16,17,19,20,22,23,25,28,33,36,40,44,49,56,64,72,11,13,21,35,68,76,27,29,37,66,26,30,39,77,79,51,67,65,45,47,59,63,61,69,71,75,62,43,53,74,46,50,54,73,60,70,52,38,41,57,78,+32 MissingAxioms=0,7,8,15,18,24,31,34,42,48,55,58 TotalTime=32.6
Step=68 ResultRays= 45427 RayPairs= 278887700 NewAxiom=33 PrevAxioms=1,2,3,4,5,6,9,10,12,14,16,17,19,20,22,23,25,28,32,36,40,44,49,56,64,72,11,13,21,60,68,74,27,76,29,26,30,66,62,45,47,53,75,52,37,39,59,61,63,69,71,57,54,50,77,51,67,79,43,65,35,46,73,41,70,38,78,+33 MissingAxioms=0,7,8,15,18,24,31,34,42,48,55,58 TotalTime=26.8
Step=68 ResultRays= 45427 RayPairs= 233748439 NewAxiom=35 PrevAxioms=1,2,3,4,5,6,9,10,12,14,16,17,19,20,22,23,25,28,32,36,40,44,49,56,64,72,11,13,21,60,68,74,27,76,29,26,30,66,62,45,47,53,75,52,37,39,59,61,63,69,71,57,54,50,77,51,67,79,43,65,41,46,38,70,33,73,78,+35 MissingAxioms=0,7,8,15,18,24,31,34,42,48,55,58 TotalTime=29.4
Step=68 ResultRays= 45427 RayPairs= 163731702 NewAxiom=36 PrevAxioms=1,2,3,4,5,6,9,10,12,14,16,17,19,20,22,23,25,28,32,37,40,44,49,56,64,72,11,13,21,68,76,27,29,39,26,30,66,45,47,53,70,50,54,77,38,74,60,75,51,67,59,57,65,69,71,61,63,79,35,43,52,73,41,62,46,33,78,+36 MissingAxioms=0,7,8,15,18,24,31,34,42,48,55,58 TotalTime=27.0
Step=68 ResultRays= 45427 RayPairs= 167693580 NewAxiom=37 PrevAxioms=1,2,3,4,5,6,9,10,12,14,16,17,19,20,22,23,25,28,32,36,40,44,49,56,64,72,11,13,21,60,68,74,27,76,29,26,30,66,62,45,47,53,75,52,61,77,51,63,67,65,39,69,71,59,79,43,41,35,33,46,50,54,73,70,38,57,78,+37 MissingAxioms=0,7,8,15,18,24,31,34,42,48,55,58 TotalTime=31.7
Step=68 ResultRays= 45427 RayPairs= 269273940 NewAxiom=38 PrevAxioms=1,2,3,4,5,6,9,10,12,14,16,17,19,20,22,23,25,28,32,36,40,44,49,56,64,72,11,13,21,60,68,74,27,76,29,26,30,66,62,45,47,53,75,52,37,39,59,61,63,69,71,57,54,50,77,51,67,79,43,65,35,33,46,73,41,70,78,+38 MissingAxioms=0,7,8,15,18,24,31,34,42,48,55,58 TotalTime=25.4
Step=68 ResultRays= 45427 RayPairs= 200730590 NewAxiom=39 PrevAxioms=1,2,3,4,5,6,9,10,12,14,16,17,19,20,22,23,25,28,32,36,40,44,49,56,64,72,11,13,21,60,68,74,27,76,29,26,30,66,62,45,47,53,75,52,37,59,57,67,61,63,65,69,71,43,79,54,77,41,50,51,46,38,70,73,35,33,78,+39 MissingAxioms=0,7,8,15,18,24,31,34,42,48,55,58 TotalTime=25.5
Step=68 ResultRays= 45427 RayPairs= 174414752 NewAxiom=40 PrevAxioms=1,2,3,4,5,6,9,10,12,14,16,17,19,20,22,23,25,28,32,36,41,44,49,56,64,72,11,13,21,43,60,74,27,66,26,29,30,45,47,53,62,75,79,50,46,54,38,61,35,33,67,71,69,63,37,68,76,77,65,59,39,51,70,52,57,73,78,+40 MissingAxioms=0,7,8,15,18,24,31,34,42,48,55,58 TotalTime=25.2
Step=68 ResultRays= 45427 RayPairs= 281138418 NewAxiom=41 PrevAxioms=1,2,3,4,5,6,9,10,12,14,16,17,19,20,22,23,25,28,32,36,40,44,49,56,64,72,11,13,21,60,68,74,27,76,29,26,30,66,62,45,47,53,75,52,37,39,59,61,63,69,71,57,54,50,77,51,67,79,43,65,35,33,46,73,38,70,78,+41 MissingAxioms=0,7,8,15,18,24,31,34,42,48,55,58 TotalTime=25.8
Step=68 ResultRays= 45427 RayPairs= 226478740 NewAxiom=43 PrevAxioms=1,2,3,4,5,6,9,10,12,14,16,17,19,20,22,23,25,28,32,36,40,44,49,56,64,72,11,13,21,60,68,74,27,76,29,26,30,66,62,45,47,53,75,52,37,39,59,61,63,69,71,57,54,50,77,51,67,79,65,35,33,46,73,41,38,70,78,+43 MissingAxioms=0,7,8,15,18,24,31,34,42,48,55,58 TotalTime=27.1
Step=68 ResultRays= 45427 RayPairs= 177507196 NewAxiom=44 PrevAxioms=1,2,3,4,5,6,9,10,12,14,16,17,19,20,22,23,25,28,32,36,40,45,49,56,64,72,11,13,21,60,74,27,66,26,29,47,30,62,53,75,68,76,52,37,39,59,61,63,69,71,57,54,50,77,79,67,43,51,65,35,33,38,70,41,73,46,78,+44 MissingAxioms=0,7,8,15,18,24,31,34,42,48,55,58 TotalTime=28.6
Step=68 ResultRays= 45427 RayPairs= 177130260 NewAxiom=45 PrevAxioms=1,2,3,4,5,6,9,10,12,14,16,17,19,20,22,23,25,28,32,36,40,44,49,56,64,72,11,13,21,60,68,74,27,76,29,26,30,66,62,53,70,75,71,37,39,69,52,61,77,47,51,38,78,63,67,43,41,35,79,59,33,57,65,50,73,54,46,+45 MissingAxioms=0,7,8,15,18,24,31,34,42,48,55,58 TotalTime=31.2
Step=68 ResultRays= 45427 RayPairs= 281087538 NewAxiom=46 PrevAxioms=1,2,3,4,5,6,9,10,12,14,16,17,19,20,22,23,25,28,32,36,40,44,49,56,64,72,11,13,21,60,68,74,27,76,29,26,30,66,62,45,47,53,75,52,37,39,59,61,63,69,71,57,54,50,77,51,67,79,43,65,35,33,38,70,41,73,78,+46 MissingAxioms=0,7,8,15,18,24,31,34,42,48,55,58 TotalTime=25.4
Step=68 ResultRays= 45427 RayPairs= 187761345 NewAxiom=47 PrevAxioms=1,2,3,4,5,6,9,10,12,14,16,17,19,20,22,23,25,28,32,36,40,44,49,56,64,72,11,13,21,60,68,74,27,76,29,26,30,66,62,45,53,75,46,54,70,50,51,67,77,61,63,65,37,52,39,69,71,59,79,35,57,33,73,43,41,38,78,+47 MissingAxioms=0,7,8,15,18,24,31,34,42,48,55,58 TotalTime=23.8
Step=68 ResultRays= 45427 RayPairs= 210876576 NewAxiom=49 PrevAxioms=1,2,3,4,5,6,9,10,12,14,16,17,19,20,22,23,25,28,32,36,40,44,50,56,64,72,11,13,21,60,68,74,27,51,76,30,45,61,63,66,26,46,54,77,62,67,70,52,69,38,39,65,73,71,37,41,47,43,29,75,79,59,35,57,53,33,78,+49 MissingAxioms=0,7,8,15,18,24,31,34,42,48,55,58 TotalTime=22.9
Step=68 ResultRays= 45427 RayPairs= 227729208 NewAxiom=50 PrevAxioms=1,2,3,4,5,6,9,10,12,14,16,17,19,20,22,23,25,28,32,36,40,44,49,56,64,72,11,13,21,60,68,74,27,76,29,26,30,66,62,45,47,53,75,52,37,39,59,61,63,69,71,57,54,51,35,33,67,43,79,77,65,46,73,38,70,41,78,+50 MissingAxioms=0,7,8,15,18,24,31,34,42,48,55,58 TotalTime=27.8
Step=68 ResultRays= 45427 RayPairs= 208888560 NewAxiom=51 PrevAxioms=1,2,3,4,5,6,9,10,12,14,16,17,19,20,22,23,25,28,32,36,40,44,49,56,64,72,11,13,21,60,68,74,27,76,29,26,30,66,62,45,47,53,75,52,37,39,59,61,63,69,71,57,54,50,77,79,67,43,65,41,35,46,33,70,38,73,78,+51 MissingAxioms=0,7,8,15,18,24,31,34,42,48,55,58 TotalTime=26.8
Step=68 ResultRays= 45427 RayPairs= 218539692 NewAxiom=52 PrevAxioms=1,2,3,4,5,6,9,10,12,14,16,17,19,20,22,23,25,28,32,36,40,44,49,56,64,72,11,13,21,60,68,74,27,76,29,26,30,66,62,45,47,53,75,54,70,71,37,39,69,61,77,50,51,78,63,67,43,41,79,59,35,33,73,46,65,57,38,+52 MissingAxioms=0,7,8,15,18,24,31,34,42,48,55,58 TotalTime=23.1
Step=68 ResultRays= 45427 RayPairs= 207675130 NewAxiom=53 PrevAxioms=1,2,3,4,5,6,9,10,12,14,16,17,19,20,22,23,25,28,32,36,40,44,49,56,64,72,11,13,21,60,68,74,27,76,29,26,30,66,62,45,47,50,37,39,54,77,61,63,69,71,67,43,41,73,59,79,75,35,70,46,51,52,33,57,38,65,78,+53 MissingAxioms=0,7,8,15,18,24,31,34,42,48,55,58 TotalTime=32.5
Step=68 ResultRays= 45427 RayPairs= 221432266 NewAxiom=54 PrevAxioms=1,2,3,4,5,6,9,10,12,14,16,17,19,20,22,23,25,28,32,36,40,44,49,56,64,72,11,13,21,60,68,74,27,76,29,26,30,66,62,45,47,53,75,52,37,39,59,61,63,69,71,57,51,73,46,67,43,79,77,35,50,33,41,70,38,65,78,+54 MissingAxioms=0,7,8,15,18,24,31,34,42,48,55,58 TotalTime=34.5
Step=68 ResultRays= 45427 RayPairs= 189792558 NewAxiom=56 PrevAxioms=1,2,3,4,5,6,9,10,12,14,16,17,19,20,22,23,25,28,32,36,40,44,49,57,64,72,11,13,21,68,74,27,59,76,29,26,30,66,37,70,53,75,69,39,71,45,47,52,77,50,51,54,78,67,65,43,41,79,35,63,61,60,33,46,62,73,38,+56 MissingAxioms=0,7,8,15,18,24,31,34,42,48,55,58 TotalTime=22.8
Step=68 ResultRays= 45427 RayPairs= 275304999 NewAxiom=57 PrevAxioms=1,2,3,4,5,6,9,10,12,14,16,17,19,20,22,23,25,28,32,36,40,44,49,56,64,72,11,13,21,60,68,74,27,76,29,26,30,66,62,45,47,53,75,52,37,39,59,61,63,69,71,46,51,67,79,43,65,77,73,35,54,50,33,70,38,41,78,+57 MissingAxioms=0,7,8,15,18,24,31,34,42,48,55,58 TotalTime=34.1
Step=68 ResultRays= 45427 RayPairs= 177604001 NewAxiom=59 PrevAxioms=1,2,3,4,5,6,9,10,12,14,16,17,19,20,22,23,25,28,32,36,40,44,49,56,64,72,11,13,21,60,68,74,27,76,29,26,30,66,62,45,47,53,75,52,37,39,61,51,77,63,69,71,67,43,79,35,65,46,54,50,41,33,73,57,70,38,78,+59 MissingAxioms=0,7,8,15,18,24,31,34,42,48,55,58 TotalTime=26.8
Step=68 ResultRays= 45427 RayPairs= 168625380 NewAxiom=60 PrevAxioms=1,2,3,4,5,6,9,10,12,14,16,17,19,20,22,23,25,28,32,36,40,44,49,56,64,72,11,13,21,68,74,27,76,29,26,30,66,37,39,70,50,54,77,38,53,75,46,51,59,69,57,45,52,61,63,71,67,79,35,73,47,43,33,65,62,41,78,+60 MissingAxioms=0,7,8,15,18,24,31,34,42,48,55,58 TotalTime=24.8
Step=68 ResultRays= 45427 RayPairs= 183889744 NewAxiom=61 PrevAxioms=1,2,3,4,5,6,9,10,12,14,16,17,19,20,22,23,25,28,32,36,40,44,49,56,64,72,11,13,21,60,68,74,27,76,29,26,30,66,62,45,47,53,75,52,37,39,59,46,51,57,67,65,77,63,69,71,79,43,35,41,54,50,33,70,38,73,78,+61 MissingAxioms=0,7,8,15,18,24,31,34,42,48,55,58 TotalTime=34.2
Step=68 ResultRays= 45427 RayPairs= 226275886 NewAxiom=62 PrevAxioms=1,2,3,4,5,6,9,10,12,14,16,17,19,20,22,23,25,28,32,36,40,44,49,56,64,72,11,13,21,60,68,74,27,76,29,26,30,66,37,39,70,50,54,77,38,53,75,46,51,59,69,57,45,52,61,63,71,67,79,35,73,47,43,41,78,33,65,+62 MissingAxioms=0,7,8,15,18,24,31,34,42,48,55,58 TotalTime=23.9
Step=68 ResultRays= 45427 RayPairs= 209393712 NewAxiom=63 PrevAxioms=1,2,3,4,5,6,9,10,12,14,16,17,19,20,22,23,25,28,32,36,40,44,49,56,64,72,11,13,21,60,68,74,27,76,29,26,30,66,62,45,47,53,75,52,37,39,59,61,51,46,57,67,65,77,69,71,43,79,41,35,54,50,33,73,38,70,78,+63 MissingAxioms=0,7,8,15,18,24,31,34,42,48,55,58 TotalTime=33.0
Step=68 ResultRays= 45427 RayPairs= 206368360 NewAxiom=64 PrevAxioms=1,2,3,4,5,6,9,10,12,14,16,17,19,20,22,23,25,28,32,36,40,44,49,56,65,72,11,13,21,60,74,27,67,76,29,26,30,37,53,62,39,45,47,75,35,54,61,63,59,51,57,33,66,77,50,79,43,71,69,46,73,38,68,70,52,41,78,+64 MissingAxioms=0,7,8,15,18,24,31,34,42,48,55,58 TotalTime=26.7
Step=68 ResultRays= 45427 RayPairs= 272872941 NewAxiom=65 PrevAxioms=1,2,3,4,5,6,9,10,12,14,16,17,19,20,22,23,25,28,32,36,40,44,49,56,64,72,11,13,21,60,68,74,27,76,29,26,30,66,62,45,47,53,75,52,37,39,59,61,63,69,71,57,54,50,77,51,67,79,43,46,35,33,73,70,38,41,78,+65 MissingAxioms=0,7,8,15,18,24,31,34,42,48,55,58 TotalTime=28.9
Step=68 ResultRays= 45427 RayPairs=  86026318 NewAxiom=66 PrevAxioms=1,2,3,4,5,6,9,10,12,14,16,17,19,20,22,23,25,28,32,36,40,44,49,56,64,72,11,13,21,60,68,74,27,76,29,26,30,37,39,70,53,69,75,71,35,52,61,63,54,50,59,57,43,77,79,67,47,45,33,73,62,51,46,38,41,65,78,+66 MissingAxioms=0,7,8,15,18,24,31,34,42,48,55,58 TotalTime=23.5
Step=68 ResultRays= 45427 RayPairs= 193340290 NewAxiom=67 PrevAxioms=1,2,3,4,5,6,9,10,12,14,16,17,19,20,22,23,25,28,32,36,40,44,49,56,64,72,11,13,21,60,68,74,27,76,29,26,30,66,62,45,47,53,75,52,37,39,59,61,63,69,71,57,54,50,77,51,79,43,46,35,33,73,70,38,41,65,78,+67 MissingAxioms=0,7,8,15,18,24,31,34,42,48,55,58 TotalTime=30.5
Step=68 ResultRays= 45427 RayPairs= 162900549 NewAxiom=68 PrevAxioms=1,2,3,4,5,6,9,10,12,14,16,17,19,20,22,23,25,28,32,36,40,44,49,56,64,72,11,13,21,60,74,27,66,76,26,29,30,62,45,47,53,75,52,59,57,67,65,37,39,61,63,77,69,71,43,79,54,41,35,73,51,46,50,38,33,70,78,+68 MissingAxioms=0,7,8,15,18,24,31,34,42,48,55,58 TotalTime=27.9
Step=68 ResultRays= 45427 RayPairs= 176670156 NewAxiom=69 PrevAxioms=1,2,3,4,5,6,9,10,12,14,16,17,19,20,22,23,25,28,32,36,40,44,49,56,64,72,11,13,21,60,68,74,27,76,29,26,30,66,62,45,47,53,75,52,37,39,59,61,63,50,57,54,77,67,65,51,35,79,33,43,71,46,73,38,70,41,78,+69 MissingAxioms=0,7,8,15,18,24,31,34,42,48,55,58 TotalTime=24.9
Step=68 ResultRays= 45427 RayPairs= 269943044 NewAxiom=70 PrevAxioms=1,2,3,4,5,6,9,10,12,14,16,17,19,20,22,23,25,28,32,36,40,44,49,56,64,72,11,13,21,60,68,74,27,76,29,26,30,66,62,45,47,53,75,52,37,39,59,61,63,69,71,57,54,50,77,51,67,79,43,65,35,33,46,73,38,41,78,+70 MissingAxioms=0,7,8,15,18,24,31,34,42,48,55,58 TotalTime=25.1
Step=68 ResultRays= 45427 RayPairs= 203242888 NewAxiom=71 PrevAxioms=1,2,3,4,5,6,9,10,12,14,16,17,19,20,22,23,25,28,32,36,40,44,49,56,64,72,11,13,21,60,68,74,27,76,29,26,30,66,62,45,47,53,75,52,37,39,59,61,63,69,46,51,57,73,33,35,67,77,79,43,54,50,65,70,38,41,78,+71 MissingAxioms=0,7,8,15,18,24,31,34,42,48,55,58 TotalTime=26.1
Step=68 ResultRays= 45427 RayPairs= 210296794 NewAxiom=72 PrevAxioms=1,2,3,4,5,6,9,10,12,14,16,17,19,20,22,23,25,28,32,36,40,44,49,56,64,73,11,13,21,60,68,27,29,66,26,30,62,45,47,53,50,70,54,63,37,39,61,67,65,59,35,75,74,46,43,79,77,69,71,76,52,51,33,38,78,57,41,+72 MissingAxioms=0,7,8,15,18,24,31,34,42,48,55,58 TotalTime=33.1
Step=68 ResultRays= 45427 RayPairs= 261763551 NewAxiom=73 PrevAxioms=1,2,3,4,5,6,9,10,12,14,16,17,19,20,22,23,25,28,32,36,40,44,49,56,64,72,11,13,21,60,68,74,27,76,29,26,30,66,62,45,47,53,75,52,37,39,59,61,63,69,71,57,54,50,77,51,67,79,43,65,35,33,46,41,70,38,78,+73 MissingAxioms=0,7,8,15,18,24,31,34,42,48,55,58 TotalTime=26.2
Step=68 ResultRays= 45427 RayPairs= 160320482 NewAxiom=74 PrevAxioms=1,2,3,4,5,6,9,10,12,14,16,17,19,20,22,23,25,28,32,36,40,44,49,56,64,72,11,13,21,60,68,76,27,29,66,26,30,62,45,47,53,75,52,37,39,59,61,63,50,57,54,69,71,77,35,79,67,33,43,51,46,73,41,70,38,65,78,+74 MissingAxioms=0,7,8,15,18,24,31,34,42,48,55,58 TotalTime=27.3
Step=68 ResultRays= 45427 RayPairs= 179111910 NewAxiom=75 PrevAxioms=1,2,3,4,5,6,9,10,12,14,16,17,19,20,22,23,25,28,32,36,40,44,49,56,64,72,11,13,21,60,68,74,27,76,29,26,30,66,62,45,47,53,50,70,54,77,63,61,69,67,71,52,37,39,43,41,51,46,59,79,35,33,73,65,38,57,78,+75 MissingAxioms=0,7,8,15,18,24,31,34,42,48,55,58 TotalTime=23.6
Step=68 ResultRays= 45427 RayPairs= 161745844 NewAxiom=76 PrevAxioms=1,2,3,4,5,6,9,10,12,14,16,17,19,20,22,23,25,28,32,36,40,44,49,56,64,72,11,13,21,60,68,74,27,29,66,26,30,62,45,47,53,75,50,46,54,77,70,51,67,61,52,37,39,63,69,65,71,59,79,35,57,43,33,78,41,73,38,+76 MissingAxioms=0,7,8,15,18,24,31,34,42,48,55,58 TotalTime=24.6
Step=68 ResultRays= 45427 RayPairs= 195358064 NewAxiom=77 PrevAxioms=1,2,3,4,5,6,9,10,12,14,16,17,19,20,22,23,25,28,32,36,40,44,49,56,64,72,11,13,21,60,68,74,27,76,29,26,30,66,62,45,47,53,75,52,37,39,59,61,63,69,71,57,54,50,35,33,73,67,43,79,51,46,70,38,41,65,78,+77 MissingAxioms=0,7,8,15,18,24,31,34,42,48,55,58 TotalTime=28.6
Step=68 ResultRays= 45427 RayPairs= 267518584 NewAxiom=78 PrevAxioms=1,2,3,4,5,6,9,10,12,14,16,17,19,20,22,23,25,28,32,36,40,44,49,56,64,72,11,13,21,60,68,74,27,76,29,26,30,66,62,45,47,53,75,52,37,39,59,61,63,69,71,57,54,50,77,51,67,79,43,65,35,33,46,73,38,70,41,+78 MissingAxioms=0,7,8,15,18,24,31,34,42,48,55,58 TotalTime=26.0
Step=68 ResultRays= 45427 RayPairs= 198556800 NewAxiom=79 PrevAxioms=1,2,3,4,5,6,9,10,12,14,16,17,19,20,22,23,25,28,32,36,40,44,49,56,64,72,11,13,21,60,68,74,27,76,29,26,30,66,62,45,47,53,75,52,37,39,59,61,63,69,71,57,54,50,77,51,67,43,65,41,46,35,73,33,70,38,78,+79 MissingAxioms=0,7,8,15,18,24,31,34,42,48,55,58 TotalTime=24.0
Step=68 #########..................... Axiom66 Group1 f({1, 2}) + f({1, 4}) >= f({1}) + f({1, 2, 4})
Step=68 ##############................ Axiom20 Group1 f({1, 4}) + f({2, 4}) >= f({4}) + f({1, 2, 4})
Step=68 #################............. Axiom74 Group1 f({1, 3}) + f({1, 4}) >= f({1}) + f({1, 3, 4})
Step=68 #################............. Axiom76 Group1 f({2, 3}) + f({2, 4}) >= f({2}) + f({2, 3, 4})
Step=68 #################............. Axiom68 Group1 f({2, 3}) + f({3, 4}) >= f({3}) + f({2, 3, 4})
Step=68 #################............. Axiom36 Group1 f({1, 4}) + f({3, 4}) >= f({4}) + f({1, 3, 4})
Step=68 #################............. Axiom37 Group2 f({0, 1, 4}) + f({0, 3, 4}) >= f({0, 1, 2, 3, 4}) + f({0, 4})
Step=68 #################............. Axiom60 Group1 f({1, 3}) + f({3, 4}) >= f({3}) + f({1, 3, 4})
Step=68 ##################............ Axiom40 Group0 f({2}) + f({3}) >= f({2, 3})
Step=68 ##################............ Axiom21 Group2 f({0, 1, 4}) + f({0, 2, 4}) >= f({0, 1, 2, 3, 4}) + f({0, 4})
Step=68 ##################............ Axiom69 Group2 f({0, 2, 3}) + f({0, 3, 4}) >= f({0, 3}) + f({0, 1, 2, 3, 4})
Step=68 ##################............ Axiom45 Group2 f({0, 2, 4}) + f({0, 3, 4}) >= f({0, 1, 2, 3, 4}) + f({0, 4})
Step=68 ##################............ Axiom44 Group1 f({2, 4}) + f({3, 4}) >= f({4}) + f({2, 3, 4})
Step=68 ##################............ Axiom59 Group2 f({0, 1, 2}) + f({0, 2, 4}) >= f({0, 2}) + f({0, 1, 2, 3, 4})
Step=68 ##################............ Axiom16 Group0 f({1}) + f({2}) >= f({1, 2})
Step=68 ###################........... Axiom75 Group2 f({0, 1, 3}) + f({0, 1, 4}) >= f({0, 1}) + f({0, 1, 2, 3, 4})
Step=68 ###################........... Axiom29 Group2 f({0, 1, 4}) + f({1, 3, 4}) >= f({0, 1, 2, 3, 4}) + f({1, 4})
Step=68 ###################........... Axiom32 Group0 f({1}) + f({3}) >= f({1, 3})
Step=68 ###################........... Axiom61 Group2 f({0, 1, 3}) + f({0, 3, 4}) >= f({0, 3}) + f({0, 1, 2, 3, 4})
Step=68 ###################........... Axiom47 Group3 f({0, 1, 2, 3, 4}) >= f({0, 1, 4})
Step=68 ####################.......... Axiom56 Group0 f({1}) + f({4}) >= f({1, 4})
Step=68 ####################.......... Axiom67 Group2 f({0, 1, 2}) + f({0, 1, 4}) >= f({0, 1}) + f({0, 1, 2, 3, 4})
Step=68 ####################.......... Axiom23 Group3 f({0, 1, 2, 3, 4}) >= f({0, 3, 4})
Step=68 ####################.......... Axiom77 Group2 f({0, 2, 3}) + f({0, 2, 4}) >= f({0, 2}) + f({0, 1, 2, 3, 4})
Step=68 #####################......... Axiom79 Group3 f({0, 1, 2, 3, 4}) >= f({0, 1, 2})
Step=68 #####################......... Axiom14 Group2 f({0, 3, 4}) + f({2, 3, 4}) >= f({0, 1, 2, 3, 4}) + f({3, 4})
Step=68 #####################......... Axiom39 Group3 f({0, 1, 2, 3, 4}) >= f({0, 2, 4})
Step=68 #####################......... Axiom19 Group2 f({0, 1, 3}) + f({0, 2, 3}) >= f({0, 3}) + f({0, 1, 2, 3, 4})
Step=68 #####################......... Axiom71 Group3 f({0, 1, 2, 3, 4}) >= f({0, 1, 3})
Step=68 #####################......... Axiom6 Group2 f({0, 3, 4}) + f({1, 3, 4}) >= f({0, 1, 2, 3, 4}) + f({3, 4})
Step=68 #####################......... Axiom30 Group2 f({0, 2, 4}) + f({2, 3, 4}) >= f({0, 1, 2, 3, 4}) + f({2, 4})
Step=68 #####################......... Axiom13 Group2 f({0, 1, 4}) + f({1, 2, 4}) >= f({0, 1, 2, 3, 4}) + f({1, 4})
Step=68 #####################......... Axiom64 Group0 f({2}) + f({4}) >= f({2, 4})
Step=68 #####################......... Axiom5 Group2 f({0, 2, 4}) + f({1, 2, 4}) >= f({0, 1, 2, 3, 4}) + f({2, 4})
Step=68 #####################......... Axiom1 Group1 f({0, 2}) + f({1, 2}) >= f({2}) + f({0, 1, 2})
Step=68 ######################........ Axiom53 Group2 f({0, 1, 3}) + f({1, 3, 4}) >= f({1, 3}) + f({0, 1, 2, 3, 4})
Step=68 ######################........ Axiom51 Group2 f({0, 1, 2}) + f({1, 2, 4}) >= f({1, 2}) + f({0, 1, 2, 3, 4})
Step=68 ######################........ Axiom63 Group3 f({0, 1, 2, 3, 4}) >= f({0, 2, 3})
Step=68 ######################........ Axiom72 Group0 f({3}) + f({4}) >= f({3, 4})
Step=68 ######################........ Axiom27 Group2 f({0, 1, 2}) + f({1, 2, 3}) >= f({1, 2}) + f({0, 1, 2, 3, 4})
Step=68 ######################........ Axiom49 Group1 f({0, 1}) + f({1, 4}) >= f({1}) + f({0, 1, 4})
Step=68 ######################........ Axiom4 Group1 f({0, 4}) + f({1, 4}) >= f({4}) + f({0, 1, 4})
Step=68 ######################........ Axiom11 Group2 f({0, 1, 3}) + f({1, 2, 3}) >= f({1, 3}) + f({0, 1, 2, 3, 4})
Step=68 #######################....... Axiom52 Group1 f({0, 3}) + f({3, 4}) >= f({3}) + f({0, 3, 4})
Step=68 #######################....... Axiom54 Group2 f({0, 2, 3}) + f({2, 3, 4}) >= f({2, 3}) + f({0, 1, 2, 3, 4})
Step=68 #######################....... Axiom12 Group1 f({0, 4}) + f({2, 4}) >= f({4}) + f({0, 2, 4})
Step=68 #######################....... Axiom28 Group1 f({0, 4}) + f({3, 4}) >= f({4}) + f({0, 3, 4})
Step=68 #######################....... Axiom3 Group2 f({0, 2, 3}) + f({1, 2, 3}) >= f({2, 3}) + f({0, 1, 2, 3, 4})
Step=68 #######################....... Axiom62 Group2 f({1, 2, 3}) + f({2, 3, 4}) >= f({2, 3}) + f({0, 1, 2, 3, 4})
Step=68 #######################....... Axiom43 Group2 f({0, 1, 2}) + f({0, 1, 3}) >= f({0, 1}) + f({0, 1, 2, 3, 4})
Step=68 ########################...... Axiom50 Group1 f({0, 2}) + f({2, 4}) >= f({2}) + f({0, 2, 4})
Step=68 ########################...... Axiom35 Group2 f({0, 1, 2}) + f({0, 2, 3}) >= f({0, 2}) + f({0, 1, 2, 3, 4})
Step=68 #########################..... Axiom2 Group1 f({0, 3}) + f({1, 3}) >= f({3}) + f({0, 1, 3})
Step=68 #########################..... Axiom25 Group1 f({0, 1}) + f({1, 3}) >= f({1}) + f({0, 1, 3})
Step=68 #########################..... Axiom10 Group1 f({0, 3}) + f({2, 3}) >= f({3}) + f({0, 2, 3})
Step=68 ###########################... Axiom73 Group1 f({0, 3}) + f({0, 4}) >= f({0}) + f({0, 3, 4})
Step=68 ###########################... Axiom9 Group1 f({0, 1}) + f({1, 2}) >= f({1}) + f({0, 1, 2})
Step=68 ############################.. Axiom78 Group2 f({1, 2, 3}) + f({1, 2, 4}) >= f({1, 2}) + f({0, 1, 2, 3, 4})
Step=68 ############################.. Axiom26 Group1 f({0, 2}) + f({2, 3}) >= f({2}) + f({0, 2, 3})
Step=68 ############################.. Axiom38 Group2 f({1, 2, 4}) + f({2, 3, 4}) >= f({0, 1, 2, 3, 4}) + f({2, 4})
Step=68 ############################.. Axiom70 Group2 f({1, 2, 3}) + f({1, 3, 4}) >= f({1, 3}) + f({0, 1, 2, 3, 4})
Step=68 ############################.. Axiom65 Group1 f({0, 2}) + f({0, 4}) >= f({0}) + f({0, 2, 4})
Step=68 #############################. Axiom57 Group1 f({0, 1}) + f({0, 4}) >= f({0}) + f({0, 1, 4})
Step=68 #############################. Axiom17 Group1 f({0, 1}) + f({0, 2}) >= f({0}) + f({0, 1, 2})
Step=68 #############################. Axiom33 Group1 f({0, 1}) + f({0, 3}) >= f({0}) + f({0, 1, 3})
Step=68 #############################. Axiom46 Group2 f({1, 2, 4}) + f({1, 3, 4}) >= f({0, 1, 2, 3, 4}) + f({1, 4})
Step=68 #############################. Axiom41 Group1 f({0, 2}) + f({0, 3}) >= f({0}) + f({0, 2, 3})
Step=68 ############################## Axiom22 Group2 f({1, 3, 4}) + f({2, 3, 4}) >= f({0, 1, 2, 3, 4}) + f({3, 4})
