Step=72 ResultRays= 51503 RayPairs= 270856656 NewAxiom=1 PrevAxioms=2,3,4,5,6,9,10,12,14,16,17,18,20,22,23,25,26,28,32,36,40,44,49,56,64,72,11,13,19,21,60,68,74,27,76,29,34,30,77,53,38,75,70,54,42,50,62,51,71,69,37,61,52,45,47,58,66,78,63,67,43,65,79,59,39,35,41,73,57,33,46,+1 MissingAxioms=0,7,8,15,24,31,48,55 TotalTime=27.9
Step=72 ResultRays= 51503 RayPairs= 270856656 NewAxiom=2 PrevAxioms=1,3,4,5,6,9,10,11,12,14,16,17,18,20,22,23,25,28,32,36,40,44,49,56,64,72,13,19,21,60,68,74,27,76,26,29,34,30,35,45,47,53,62,75,42,46,51,70,54,37,39,71,69,66,67,50,77,79,58,59,52,43,57,65,61,63,73,38,33,78,41,+2 MissingAxioms=0,7,8,15,24,31,48,55 TotalTime=28.2
Step=72 ResultRays= 51503 RayPairs= 270856656 NewAxiom=3 PrevAxioms=1,2,4,5,6,9,10,11,12,14,16,17,18,20,22,23,25,28,32,36,40,44,49,56,64,72,13,19,21,60,68,74,27,61,76,30,34,45,47,29,53,75,42,35,33,52,46,51,62,37,39,70,71,69,78,66,58,59,63,50,54,67,79,77,43,41,65,73,38,26,57,+3 MissingAxioms=0,7,8,15,24,31,48,55 TotalTime=32.5
Step=72 ResultRays= 51503 RayPairs= 270856656 NewAxiom=4 PrevAxioms=1,2,3,5,6,9,10,12,13,14,16,17,18,20,22,23,25,28,32,36,40,44,49,56,64,72,11,19,21,60,68,74,27,76,30,34,26,45,35,47,29,62,53,75,42,52,33,37,39,61,51,43,79,77,66,67,71,69,41,58,38,65,50,54,78,59,63,57,46,70,73,+4 MissingAxioms=0,7,8,15,24,31,48,55 TotalTime=34.3
Step=72 ResultRays= 51503 RayPairs= 270856656 NewAxiom=5 PrevAxioms=1,2,3,4,6,9,10,12,13,14,16,17,18,20,22,23,25,28,32,36,40,44,49,56,64,72,11,19,21,29,37,68,76,27,34,42,26,30,35,39,43,38,45,47,33,41,69,71,52,67,60,74,53,75,61,63,54,66,79,77,59,51,65,58,50,62,78,57,46,73,70,+5 MissingAxioms=0,7,8,15,24,31,48,55 TotalTime=35.4
Step=72 ResultRays= 51503 RayPairs= 270856656 NewAxiom=6 PrevAxioms=1,2,3,4,5,9,10,12,14,16,17,18,20,22,23,25,28,29,32,36,40,44,49,56,64,72,11,13,19,21,37,68,76,27,34,42,26,30,35,39,43,38,45,47,33,41,69,71,67,53,50,60,74,75,79,77,66,58,59,63,61,73,62,51,46,70,65,54,52,78,57,+6 MissingAxioms=0,7,8,15,24,31,48,55 TotalTime=38.8
Step=72 ResultRays= 51503 RayPairs= 270856656 NewAxiom=9 PrevAxioms=1,2,3,4,5,6,10,12,14,16,17,18,20,22,23,25,26,28,32,36,40,44,49,56,64,72,11,13,19,21,60,68,74,27,76,29,53,34,75,35,30,46,33,54,42,50,38,45,77,61,63,39,69,71,52,37,59,58,66,78,57,43,79,47,67,65,51,70,41,62,73,+9 MissingAxioms=0,7,8,15,24,31,48,55 TotalTime=36.9
Step=72 ResultRays= 51503 RayPairs= 270856656 NewAxiom=10 PrevAxioms=1,2,3,4,5,6,9,11,12,14,16,17,18,20,22,23,25,28,32,36,40,44,49,56,64,72,13,19,21,27,60,68,74,76,29,34,26,30,35,45,47,62,51,42,33,61,63,70,53,75,37,39,59,52,69,46,73,43,77,79,66,58,71,67,78,50,54,65,41,38,57,+10 MissingAxioms=0,7,8,15,24,31,48,55 TotalTime=44.4
Step=72 ResultRays= 51503 RayPairs= 270856656 NewAxiom=11 PrevAxioms=1,2,3,4,5,6,9,10,12,14,16,17,18,20,22,23,25,28,32,36,40,44,49,56,64,72,13,19,21,60,68,74,51,69,29,34,53,76,35,75,46,33,42,50,45,47,62,38,59,61,63,37,70,73,67,66,39,58,57,30,78,71,43,77,79,41,52,54,26,27,65,+11 MissingAxioms=0,7,8,15,24,31,48,55 TotalTime=32.1
Step=72 ResultRays= 51503 RayPairs= 270856656 NewAxiom=12 PrevAxioms=1,2,3,4,5,6,9,10,13,14,16,17,18,20,22,23,25,28,32,36,40,44,49,56,64,72,11,19,21,51,60,68,74,76,29,53,34,35,46,75,27,42,33,69,50,71,43,66,41,62,61,52,37,39,30,58,59,63,57,45,78,67,47,79,77,54,26,73,65,38,70,+12 MissingAxioms=0,7,8,15,24,31,48,55 TotalTime=46.1
Step=72 ResultRays= 51503 RayPairs= 270856656 NewAxiom=13 PrevAxioms=1,2,3,4,5,6,9,10,12,14,16,17,18,20,22,23,25,28,32,36,40,44,49,56,64,72,11,19,21,30,45,60,74,27,42,34,43,26,29,47,35,37,39,41,52,33,53,61,63,75,54,59,68,76,69,71,58,67,79,77,38,66,62,65,78,50,51,57,46,70,73,+13 MissingAxioms=0,7,8,15,24,31,48,55 TotalTime=31.6
Step=72 ResultRays= 51503 RayPairs= 270856656 NewAxiom=14 PrevAxioms=1,2,3,4,5,6,9,10,12,16,17,18,20,22,23,25,28,30,32,36,40,44,49,56,64,72,11,13,19,21,45,60,74,27,42,34,43,26,29,47,35,37,39,41,52,33,53,61,63,75,59,71,69,58,66,67,79,51,77,62,76,68,65,38,78,50,54,73,46,70,57,+14 MissingAxioms=0,7,8,15,24,31,48,55 TotalTime=34.0
Step=72 ResultRays= 51503 RayPairs= 253423460 NewAxiom=16 PrevAxioms=1,2,3,4,5,6,9,10,12,14,17,18,20,22,23,25,28,32,33,36,40,44,49,56,64,72,11,13,19,21,60,68,74,27,76,29,35,30,53,34,38,46,26,37,69,75,78,42,43,39,54,61,71,63,77,50,59,58,66,52,57,45,47,67,51,79,73,62,41,70,65,+16 MissingAxioms=0,7,8,15,24,31,48,55 TotalTime=39.9
Step=72 ResultRays= 51503 RayPairs= 354888864 NewAxiom=17 PrevAxioms=1,2,3,4,5,6,9,10,12,14,16,18,20,22,23,25,28,32,33,36,40,44,49,56,64,72,11,13,19,21,60,68,74,27,76,29,34,26,30,35,45,47,53,62,75,42,54,70,63,37,39,61,59,51,73,69,38,52,58,43,66,79,50,77,67,71,41,65,46,57,78,+17 MissingAxioms=0,7,8,15,24,31,48,55 TotalTime=32.2
Step=72 ResultRays= 51503 RayPairs= 222215013 NewAxiom=18 PrevAxioms=1,2,3,4,5,6,9,10,12,14,16,17,19,20,22,23,25,28,32,36,40,44,49,56,64,72,11,13,21,60,68,74,27,76,29,26,30,58,70,37,39,50,66,54,77,38,51,59,53,75,69,45,47,52,61,63,34,42,79,43,35,71,67,57,73,78,41,33,65,46,62,+18 MissingAxioms=0,7,8,15,24,31,48,55 TotalTime=38.9
Step=72 ResultRays= 51503 RayPairs= 222215013 NewAxiom=19 PrevAxioms=1,2,3,4,5,6,9,10,12,14,16,17,18,20,22,23,25,28,32,36,40,44,49,56,64,72,11,13,21,34,42,27,29,37,43,26,30,35,39,68,76,69,74,70,60,53,75,71,66,41,58,59,63,61,57,45,52,47,67,79,77,51,78,50,54,73,38,62,46,65,33,+19 MissingAxioms=0,7,8,15,24,31,48,55 TotalTime=45.5
Step=72 ResultRays= 51503 RayPairs= 222215013 NewAxiom=20 PrevAxioms=1,2,3,4,5,6,9,10,12,14,16,17,18,21,22,23,25,28,32,36,40,44,49,56,64,72,11,13,19,60,68,74,27,76,29,34,26,30,45,47,35,51,62,37,39,53,75,42,54,38,58,59,66,63,67,65,61,78,52,69,71,50,43,41,77,79,73,57,70,33,46,+20 MissingAxioms=0,7,8,15,24,31,48,55 TotalTime=38.1
Step=72 ResultRays= 51503 RayPairs= 222215013 NewAxiom=21 PrevAxioms=1,2,3,4,5,6,9,10,12,14,16,17,18,20,22,23,25,28,32,36,40,44,49,56,64,72,11,13,19,38,46,27,34,42,29,43,26,30,37,35,45,58,66,60,51,74,54,67,39,41,52,70,68,76,62,61,50,77,79,69,73,59,63,47,71,75,53,33,57,78,65,+21 MissingAxioms=0,7,8,15,24,31,48,55 TotalTime=43.0
Step=72 ResultRays= 51503 RayPairs= 354888864 NewAxiom=22 PrevAxioms=1,2,3,4,5,6,9,10,12,14,16,17,18,20,23,25,28,32,36,38,40,44,49,56,64,72,11,13,19,21,46,27,34,42,29,43,26,30,60,74,35,45,47,41,53,75,54,37,79,52,58,66,51,67,71,69,68,61,63,65,62,76,59,77,39,50,73,33,70,57,78,+22 MissingAxioms=0,7,8,15,24,31,48,55 TotalTime=38.3
Step=72 ResultRays= 51503 RayPairs= 253423460 NewAxiom=23 PrevAxioms=1,2,3,4,5,6,9,10,12,14,16,17,18,20,22,25,28,32,36,39,40,44,49,56,64,72,11,13,19,21,60,68,74,27,76,29,34,26,30,35,45,53,62,75,46,42,54,70,50,38,58,66,59,63,71,52,78,33,69,61,43,77,41,57,67,79,37,47,73,51,65,+23 MissingAxioms=0,7,8,15,24,31,48,55 TotalTime=29.6
Step=72 ResultRays= 51503 RayPairs= 270856656 NewAxiom=25 PrevAxioms=1,2,3,4,5,6,9,10,12,14,16,17,18,20,22,23,26,28,32,36,40,44,49,56,64,72,11,13,19,21,60,68,74,27,51,76,29,34,35,30,46,33,42,54,62,50,70,53,43,66,67,77,58,69,71,78,59,41,37,39,52,61,63,57,45,47,79,75,73,38,65,+25 MissingAxioms=0,7,8,15,24,31,48,55 TotalTime=33.5
Step=72 ResultRays= 51503 RayPairs= 270856656 NewAxiom=26 PrevAxioms=1,2,3,4,5,6,9,10,12,14,16,17,18,20,22,23,25,28,32,36,40,44,49,56,64,72,11,13,19,21,60,68,74,27,76,29,34,30,35,53,46,75,33,42,54,62,45,47,70,61,37,39,52,51,66,67,59,63,69,78,58,50,71,43,79,77,57,65,41,73,38,+26 MissingAxioms=0,7,8,15,24,31,48,55 TotalTime=31.1
Step=72 ResultRays= 51503 RayPairs= 270856656 NewAxiom=27 PrevAxioms=1,2,3,4,5,6,9,10,12,14,16,17,18,20,22,23,25,28,32,36,40,44,49,56,64,72,11,13,19,21,60,68,74,51,76,29,53,34,35,46,75,33,30,42,54,62,45,47,70,61,71,37,39,52,66,67,43,79,77,58,50,69,26,41,59,63,73,65,78,38,57,+27 MissingAxioms=0,7,8,15,24,31,48,55 TotalTime=33.5
Step=72 ResultRays= 51503 RayPairs= 270856656 NewAxiom=28 PrevAxioms=1,2,3,4,5,6,9,10,12,14,16,17,18,20,22,23,25,29,32,36,40,44,49,56,64,72,11,13,19,21,53,60,68,74,75,34,27,52,45,47,35,76,46,61,42,33,54,63,69,71,37,39,43,59,58,66,67,79,77,26,57,78,65,51,50,30,73,62,41,38,70,+28 MissingAxioms=0,7,8,15,24,31,48,55 TotalTime=39.8
Step=72 ResultRays= 51503 RayPairs= 270856656 NewAxiom=29 PrevAxioms=1,2,3,4,5,6,9,10,12,14,16,17,18,20,22,23,25,28,32,36,40,44,49,56,64,72,11,13,19,21,60,68,74,27,76,30,34,26,45,35,47,61,46,51,42,62,70,77,50,33,58,38,43,63,59,79,66,67,54,75,71,69,39,41,37,73,52,53,57,78,65,+29 MissingAxioms=0,7,8,15,24,31,48,55 TotalTime=37.0
Step=72 ResultRays= 51503 RayPairs= 270856656 NewAxiom=30 PrevAxioms=1,2,3,4,5,6,9,10,12,14,16,17,18,20,22,23,25,28,32,36,40,44,49,56,64,72,11,13,19,21,60,68,74,27,76,29,34,26,35,45,47,53,75,46,42,33,69,43,71,79,37,52,61,67,63,54,39,66,59,77,58,57,78,65,41,51,50,62,38,70,73,+30 MissingAxioms=0,7,8,15,24,31,48,55 TotalTime=40.2
Step=72 ResultRays= 51503 RayPairs= 253423460 NewAxiom=32 PrevAxioms=1,2,3,4,5,6,9,10,12,14,16,17,18,20,22,23,25,28,33,36,40,44,49,56,64,72,11,13,19,21,68,76,27,58,35,66,59,30,45,29,53,47,52,38,51,67,42,43,71,69,37,39,41,34,78,46,50,26,77,74,60,63,61,65,75,79,70,54,73,62,57,+32 MissingAxioms=0,7,8,15,24,31,48,55 TotalTime=30.6
Step=72 ResultRays= 51503 RayPairs= 354888864 NewAxiom=33 PrevAxioms=1,2,3,4,5,6,9,10,12,14,16,17,18,20,22,23,25,28,32,36,40,44,49,56,64,72,11,13,19,21,60,68,74,27,76,29,34,26,30,35,45,47,53,62,75,42,54,70,63,37,39,61,59,51,52,69,58,66,78,50,67,71,43,41,79,77,65,73,46,57,38,+33 MissingAxioms=0,7,8,15,24,31,48,55 TotalTime=31.3
Step=72 ResultRays= 51503 RayPairs= 222215013 NewAxiom=34 PrevAxioms=1,2,3,4,5,6,9,10,12,14,16,17,18,20,22,23,25,28,32,36,40,44,49,56,64,72,11,13,19,21,60,68,74,27,76,29,42,26,30,43,37,39,70,77,38,51,58,54,66,67,41,59,50,53,46,62,61,52,45,47,71,69,63,79,35,75,33,57,65,73,78,+34 MissingAxioms=0,7,8,15,24,31,48,55 TotalTime=29.7
Step=72 ResultRays= 51503 RayPairs= 222215013 NewAxiom=35 PrevAxioms=1,2,3,4,5,6,9,10,12,14,16,17,18,20,22,23,25,28,32,36,40,44,49,56,64,72,11,13,19,21,60,68,74,27,76,29,34,26,30,45,47,62,53,75,42,52,33,37,39,61,51,59,63,70,69,46,66,78,58,43,73,77,71,67,50,79,54,65,38,57,41,+35 MissingAxioms=0,7,8,15,24,31,48,55 TotalTime=46.3
Step=72 ResultRays= 51503 RayPairs= 222215013 NewAxiom=36 PrevAxioms=1,2,3,4,5,6,9,10,12,14,16,17,18,20,22,23,25,28,32,37,40,44,49,56,64,72,11,13,19,21,68,76,27,34,29,39,42,26,30,35,43,38,45,47,33,41,69,71,53,67,77,52,66,58,62,60,61,74,63,54,75,79,59,65,78,50,51,57,70,73,46,+36 MissingAxioms=0,7,8,15,24,31,48,55 TotalTime=37.8
Step=72 ResultRays= 51503 RayPairs= 222215013 NewAxiom=37 PrevAxioms=1,2,3,4,5,6,9,10,12,14,16,17,18,20,22,23,25,28,32,36,40,44,49,56,64,72,11,13,19,21,60,68,74,27,76,29,34,26,30,35,45,47,53,62,75,42,54,33,46,70,51,50,77,71,78,69,43,66,58,59,67,79,52,39,41,65,61,63,57,38,73,+37 MissingAxioms=0,7,8,15,24,31,48,55 TotalTime=31.7
Step=72 ResultRays= 51503 RayPairs= 354888864 NewAxiom=38 PrevAxioms=1,2,3,4,5,6,9,10,12,14,16,17,18,20,22,23,25,28,32,36,40,44,49,56,64,72,11,13,19,21,60,68,74,27,76,29,34,26,30,35,45,47,53,62,75,42,54,33,46,70,51,50,77,37,39,69,52,79,43,66,58,61,41,59,63,67,71,73,65,78,57,+38 MissingAxioms=0,7,8,15,24,31,48,55 TotalTime=30.0
Step=72 ResultRays= 51503 RayPairs= 253423460 NewAxiom=39 PrevAxioms=1,2,3,4,5,6,9,10,12,14,16,17,18,20,22,23,25,28,32,36,40,44,49,56,64,72,11,13,19,21,60,68,74,27,76,29,34,26,30,35,45,47,53,62,75,42,54,33,46,70,51,50,77,37,52,69,61,66,58,43,79,38,41,59,63,57,67,71,65,73,78,+39 MissingAxioms=0,7,8,15,24,31,48,55 TotalTime=27.4
Step=72 ResultRays= 51503 RayPairs= 253423460 NewAxiom=40 PrevAxioms=1,2,3,4,5,6,9,10,12,14,16,17,18,20,22,23,25,28,32,36,41,44,49,56,64,72,11,13,19,21,60,74,27,66,43,58,29,53,59,75,42,45,47,62,30,61,51,79,34,67,71,50,52,38,69,37,65,68,76,39,35,63,77,54,26,78,57,46,70,33,73,+40 MissingAxioms=0,7,8,15,24,31,48,55 TotalTime=36.0
Step=72 ResultRays= 51503 RayPairs= 354888864 NewAxiom=41 PrevAxioms=1,2,3,4,5,6,9,10,12,14,16,17,18,20,22,23,25,28,32,36,40,44,49,56,64,72,11,13,19,21,60,68,74,27,76,29,34,26,30,35,45,47,53,62,75,42,54,33,46,70,51,50,77,37,39,69,52,79,43,66,58,61,38,67,71,63,59,57,73,65,78,+41 MissingAxioms=0,7,8,15,24,31,48,55 TotalTime=28.0
Step=72 ResultRays= 51503 RayPairs= 222215013 NewAxiom=42 PrevAxioms=1,2,3,4,5,6,9,10,12,14,16,17,18,20,22,23,25,28,32,36,40,44,49,56,64,72,11,13,19,21,60,68,74,27,76,29,34,26,30,35,45,47,53,62,75,46,51,54,38,58,66,50,59,67,33,70,69,52,37,39,63,61,71,79,43,77,41,65,57,73,78,+42 MissingAxioms=0,7,8,15,24,31,48,55 TotalTime=29.2
Step=72 ResultRays= 51503 RayPairs= 222215013 NewAxiom=43 PrevAxioms=1,2,3,4,5,6,9,10,12,14,16,17,18,20,22,23,25,28,32,36,40,44,49,56,64,72,11,13,19,21,60,68,74,27,76,29,34,26,30,35,45,47,53,62,75,42,54,33,46,70,51,50,77,37,39,69,52,79,66,58,61,38,67,71,63,59,57,73,78,65,41,+43 MissingAxioms=0,7,8,15,24,31,48,55 TotalTime=30.9
Step=72 ResultRays= 51503 RayPairs= 222215013 NewAxiom=44 PrevAxioms=1,2,3,4,5,6,9,10,12,14,16,17,18,20,22,23,25,28,32,36,40,45,49,56,64,72,11,13,19,21,60,74,27,42,29,34,47,43,26,30,35,37,39,41,46,52,33,53,61,63,54,75,59,50,58,66,70,68,69,76,71,77,79,67,51,62,73,65,78,57,38,+44 MissingAxioms=0,7,8,15,24,31,48,55 TotalTime=33.1
Step=72 ResultRays= 51503 RayPairs= 222215013 NewAxiom=45 PrevAxioms=1,2,3,4,5,6,9,10,12,14,16,17,18,20,22,23,25,28,32,36,40,44,49,56,64,72,11,13,19,21,60,68,74,27,76,29,34,26,30,35,46,53,75,42,33,69,71,43,37,39,73,61,63,59,58,66,77,57,70,62,79,67,51,50,47,38,41,52,54,78,65,+45 MissingAxioms=0,7,8,15,24,31,48,55 TotalTime=40.1
Step=72 ResultRays= 51503 RayPairs= 354888864 NewAxiom=46 PrevAxioms=1,2,3,4,5,6,9,10,12,14,16,17,18,20,22,23,25,28,32,36,40,44,49,56,64,72,11,13,19,21,60,68,74,27,76,29,34,26,30,35,45,47,53,62,75,42,54,33,70,71,37,69,39,43,67,61,79,77,52,66,58,78,41,50,65,63,59,51,38,57,73,+46 MissingAxioms=0,7,8,15,24,31,48,55 TotalTime=36.5
Step=72 ResultRays= 51503 RayPairs= 253423460 NewAxiom=47 PrevAxioms=1,2,3,4,5,6,9,10,12,14,16,17,18,20,22,23,25,28,32,36,40,44,49,56,64,72,11,13,19,21,60,68,74,27,76,29,34,26,30,35,45,53,62,75,46,42,54,70,50,63,61,66,58,38,43,33,69,71,77,52,39,59,79,67,65,37,51,57,41,73,78,+47 MissingAxioms=0,7,8,15,24,31,48,55 TotalTime=34.5
Step=72 ResultRays= 51503 RayPairs= 270856656 NewAxiom=49 PrevAxioms=1,2,3,4,5,6,9,10,12,14,16,17,18,20,22,23,25,28,32,36,40,44,50,56,64,72,11,13,19,21,60,68,74,27,51,76,30,34,45,61,46,63,42,43,26,54,77,62,52,69,71,58,66,35,33,47,67,65,37,39,59,79,75,29,73,53,78,57,41,70,38,+49 MissingAxioms=0,7,8,15,24,31,48,55 TotalTime=42.9
Step=72 ResultRays= 51503 RayPairs= 270856656 NewAxiom=50 PrevAxioms=1,2,3,4,5,6,9,10,12,14,16,17,18,20,22,23,25,28,32,36,40,44,49,56,64,72,11,13,19,21,60,68,74,27,76,29,34,26,30,35,45,47,53,62,75,42,54,33,46,70,51,37,52,69,39,61,66,71,43,77,79,58,67,41,65,59,63,78,57,38,73,+50 MissingAxioms=0,7,8,15,24,31,48,55 TotalTime=34.2
Step=72 ResultRays= 51503 RayPairs= 270856656 NewAxiom=51 PrevAxioms=1,2,3,4,5,6,9,10,12,14,16,17,18,20,22,23,25,28,32,36,40,44,49,56,64,72,11,13,19,21,60,68,74,27,76,29,34,26,30,35,45,47,53,62,75,42,54,33,46,70,50,71,77,43,69,79,61,67,66,58,52,37,39,41,65,63,59,78,57,38,73,+51 MissingAxioms=0,7,8,15,24,31,48,55 TotalTime=34.5
Step=72 ResultRays= 51503 RayPairs= 270856656 NewAxiom=52 PrevAxioms=1,2,3,4,5,6,9,10,12,14,16,17,18,20,22,23,25,28,32,36,40,44,49,56,64,72,11,13,19,21,60,68,74,27,76,29,34,26,30,35,45,47,53,62,75,42,54,33,46,70,51,50,77,37,39,69,79,43,66,58,59,63,61,71,67,73,38,57,65,41,78,+52 MissingAxioms=0,7,8,15,24,31,48,55 TotalTime=33.6
Step=72 ResultRays= 51503 RayPairs= 270856656 NewAxiom=53 PrevAxioms=1,2,3,4,5,6,9,10,12,14,16,17,18,20,22,23,25,28,32,36,40,44,49,56,64,72,11,13,19,21,60,68,74,27,76,29,34,26,30,35,45,47,62,51,42,61,63,70,77,58,43,38,50,33,59,69,79,75,66,54,52,67,71,39,37,57,73,41,78,46,65,+53 MissingAxioms=0,7,8,15,24,31,48,55 TotalTime=38.9
Step=72 ResultRays= 51503 RayPairs= 270856656 NewAxiom=54 PrevAxioms=1,2,3,4,5,6,9,10,12,14,16,17,18,20,22,23,25,28,32,36,40,44,49,56,64,72,11,13,19,21,60,68,74,27,76,29,34,26,30,35,45,47,53,62,75,42,46,51,70,52,37,39,61,71,69,66,58,43,79,77,67,65,41,50,59,63,73,33,78,38,57,+54 MissingAxioms=0,7,8,15,24,31,48,55 TotalTime=35.2
Step=72 ResultRays= 51503 RayPairs= 253423460 NewAxiom=56 PrevAxioms=1,2,3,4,5,6,9,10,12,14,16,17,18,20,22,23,25,28,32,36,40,44,49,57,64,72,11,13,19,21,68,74,27,59,76,29,34,26,30,35,45,53,47,75,42,52,33,37,43,79,54,69,41,71,67,77,65,61,63,60,62,39,66,51,50,58,46,70,38,78,73,+56 MissingAxioms=0,7,8,15,24,31,48,55 TotalTime=30.0
Step=72 ResultRays= 51503 RayPairs= 354888864 NewAxiom=57 PrevAxioms=1,2,3,4,5,6,9,10,12,14,16,17,18,20,22,23,25,28,32,36,40,44,49,56,64,72,11,13,19,21,60,68,74,27,76,29,34,26,30,35,45,47,53,62,75,42,54,33,46,70,51,50,77,37,39,69,52,79,43,66,58,61,38,41,59,63,67,71,65,73,78,+57 MissingAxioms=0,7,8,15,24,31,48,55 TotalTime=28.0
Step=72 ResultRays= 51503 RayPairs= 222215013 NewAxiom=58 PrevAxioms=1,2,3,4,5,6,9,10,12,14,16,17,18,20,22,23,25,28,32,36,40,44,49,56,64,72,11,13,19,21,60,68,74,27,76,29,34,26,30,35,45,47,53,62,75,42,54,33,46,70,51,50,77,37,39,69,52,79,43,66,61,41,67,71,65,63,59,73,38,57,78,+58 MissingAxioms=0,7,8,15,24,31,48,55 TotalTime=34.4
Step=72 ResultRays= 51503 RayPairs= 222215013 NewAxiom=59 PrevAxioms=1,2,3,4,5,6,9,10,12,14,16,17,18,20,22,23,25,28,32,36,40,44,49,56,64,72,11,13,19,21,60,68,74,27,76,29,34,26,30,35,45,47,53,62,75,42,54,33,46,70,51,50,77,37,39,69,52,79,43,66,58,61,38,41,67,71,65,63,73,57,78,+59 MissingAxioms=0,7,8,15,24,31,48,55 TotalTime=30.0
Step=72 ResultRays= 51503 RayPairs= 222215013 NewAxiom=60 PrevAxioms=1,2,3,4,5,6,9,10,12,14,16,17,18,20,22,23,25,28,32,36,40,44,49,56,64,72,11,13,19,21,68,74,27,58,76,59,70,30,66,29,53,75,57,26,69,37,39,71,42,46,34,35,43,52,61,54,63,50,77,79,45,47,67,51,33,73,78,65,38,62,41,+60 MissingAxioms=0,7,8,15,24,31,48,55 TotalTime=35.4
Step=72 ResultRays= 51503 RayPairs= 222215013 NewAxiom=61 PrevAxioms=1,2,3,4,5,6,9,10,12,14,16,17,18,20,22,23,25,28,32,36,40,44,49,56,64,72,11,13,19,21,60,68,74,27,76,29,34,26,30,35,45,47,53,62,75,42,54,33,46,70,51,50,77,37,39,69,52,79,43,66,58,59,41,63,67,71,73,78,65,57,38,+61 MissingAxioms=0,7,8,15,24,31,48,55 TotalTime=31.4
Step=72 ResultRays= 51503 RayPairs= 354888864 NewAxiom=62 PrevAxioms=1,2,3,4,5,6,9,10,12,14,16,17,18,20,22,23,25,28,32,36,40,44,49,56,64,72,11,13,19,21,60,68,74,27,76,29,34,26,30,35,45,47,53,75,42,33,69,71,43,79,52,61,63,50,67,77,66,59,46,37,39,54,58,51,57,73,70,78,38,41,65,+62 MissingAxioms=0,7,8,15,24,31,48,55 TotalTime=30.8
Step=72 ResultRays= 51503 RayPairs= 253423460 NewAxiom=63 PrevAxioms=1,2,3,4,5,6,9,10,12,14,16,17,18,20,22,23,25,28,32,36,40,44,49,56,64,72,11,13,19,21,60,68,74,27,76,29,34,26,30,35,45,47,53,62,75,42,54,33,46,70,51,50,77,37,39,69,52,79,43,66,58,61,38,41,59,57,67,71,65,73,78,+63 MissingAxioms=0,7,8,15,24,31,48,55 TotalTime=28.7
Step=72 ResultRays= 51503 RayPairs= 253423460 NewAxiom=64 PrevAxioms=1,2,3,4,5,6,9,10,12,14,16,17,18,20,22,23,25,28,32,36,40,44,49,56,65,72,11,13,19,21,60,74,27,42,67,29,34,43,26,30,45,35,47,37,53,75,71,58,51,66,79,52,76,62,61,38,69,41,77,39,73,78,63,59,54,68,50,33,70,46,57,+64 MissingAxioms=0,7,8,15,24,31,48,55 TotalTime=40.9
Step=72 ResultRays= 51503 RayPairs= 354888864 NewAxiom=65 PrevAxioms=1,2,3,4,5,6,9,10,12,14,16,17,18,20,22,23,25,28,32,36,40,44,49,56,64,72,11,13,19,21,60,68,74,27,76,29,34,26,30,35,45,47,53,62,75,42,54,33,46,70,51,50,77,37,39,69,52,79,43,66,58,61,38,41,59,63,67,71,57,73,78,+65 MissingAxioms=0,7,8,15,24,31,48,55 TotalTime=28.3
Step=72 ResultRays= 51503 RayPairs= 222215013 NewAxiom=66 PrevAxioms=1,2,3,4,5,6,9,10,12,14,16,17,18,20,22,23,25,28,32,36,40,44,49,56,64,72,11,13,19,21,60,68,74,27,76,29,34,26,30,35,45,47,53,62,75,42,54,33,46,70,51,50,77,37,39,69,52,79,43,61,58,38,41,59,63,57,71,67,65,73,78,+66 MissingAxioms=0,7,8,15,24,31,48,55 TotalTime=33.4
Step=72 ResultRays= 51503 RayPairs= 222215013 NewAxiom=67 PrevAxioms=1,2,3,4,5,6,9,10,12,14,16,17,18,20,22,23,25,28,32,36,40,44,49,56,64,72,11,13,19,21,60,68,74,27,76,29,34,26,30,35,45,47,53,62,75,42,54,33,46,70,51,50,77,37,39,69,52,79,43,66,58,61,38,41,59,63,57,71,73,65,78,+67 MissingAxioms=0,7,8,15,24,31,48,55 TotalTime=29.8
Step=72 ResultRays= 51503 RayPairs= 222215013 NewAxiom=68 PrevAxioms=1,2,3,4,5,6,9,10,12,14,16,17,18,20,22,23,25,28,32,36,40,44,49,56,64,72,11,13,19,21,60,74,27,42,29,34,43,26,30,45,47,35,37,39,41,52,33,53,61,63,75,54,59,76,70,69,71,67,66,58,79,77,51,50,73,46,38,57,78,65,62,+68 MissingAxioms=0,7,8,15,24,31,48,55 TotalTime=34.3
Step=72 ResultRays= 51503 RayPairs= 222215013 NewAxiom=69 PrevAxioms=1,2,3,4,5,6,9,10,12,14,16,17,18,20,22,23,25,28,32,36,40,44,49,56,64,72,11,13,19,21,60,68,74,27,76,29,34,26,30,35,45,47,53,62,75,42,54,33,46,70,51,50,77,37,39,79,43,66,67,71,61,52,58,41,59,63,73,78,57,65,38,+69 MissingAxioms=0,7,8,15,24,31,48,55 TotalTime=32.2
Step=72 ResultRays= 51503 RayPairs= 354888864 NewAxiom=70 PrevAxioms=1,2,3,4,5,6,9,10,12,14,16,17,18,20,22,23,25,28,32,36,40,44,49,56,64,72,11,13,19,21,60,68,74,27,76,29,34,26,30,35,45,47,53,62,75,42,54,33,46,43,38,58,66,59,79,37,39,77,41,61,63,67,71,69,52,65,78,50,51,57,73,+70 MissingAxioms=0,7,8,15,24,31,48,55 TotalTime=32.9
Step=72 ResultRays= 51503 RayPairs= 253423460 NewAxiom=71 PrevAxioms=1,2,3,4,5,6,9,10,12,14,16,17,18,20,22,23,25,28,32,36,40,44,49,56,64,72,11,13,19,21,60,68,74,27,76,29,34,26,30,35,45,47,53,62,75,42,54,33,46,70,51,50,77,37,39,69,52,79,43,66,58,61,38,41,59,63,67,57,65,73,78,+71 MissingAxioms=0,7,8,15,24,31,48,55 TotalTime=29.2
Step=72 ResultRays= 51503 RayPairs= 253423460 NewAxiom=72 PrevAxioms=1,2,3,4,5,6,9,10,12,14,16,17,18,20,22,23,25,28,32,36,40,44,49,56,64,73,11,13,19,21,60,68,27,29,34,26,30,35,45,47,53,62,42,54,33,70,63,37,43,39,61,75,59,69,58,66,74,46,76,77,79,71,67,52,50,51,78,38,41,57,65,+72 MissingAxioms=0,7,8,15,24,31,48,55 TotalTime=39.2
Step=72 ResultRays= 51503 RayPairs= 354888864 NewAxiom=73 PrevAxioms=1,2,3,4,5,6,9,10,12,14,16,17,18,20,22,23,25,28,32,36,40,44,49,56,64,72,11,13,19,21,60,68,74,27,76,29,34,26,30,35,45,47,53,62,75,42,54,33,46,70,51,50,77,37,39,69,52,79,43,66,58,61,38,41,59,63,67,71,57,65,78,+73 MissingAxioms=0,7,8,15,24,31,48,55 TotalTime=29.5
Step=72 ResultRays= 51503 RayPairs= 222215013 NewAxiom=74 PrevAxioms=1,2,3,4,5,6,9,10,12,14,16,17,18,20,22,23,25,28,32,36,40,44,49,56,64,72,11,13,19,21,60,68,76,27,29,34,26,30,35,45,47,53,62,42,54,33,70,63,37,43,39,61,69,59,75,52,58,79,77,66,46,50,73,71,67,51,65,38,78,57,41,+74 MissingAxioms=0,7,8,15,24,31,48,55 TotalTime=41.5
Step=72 ResultRays= 51503 RayPairs= 222215013 NewAxiom=75 PrevAxioms=1,2,3,4,5,6,9,10,12,14,16,17,18,20,22,23,25,28,32,36,40,44,49,56,64,72,11,13,19,21,60,68,74,27,76,29,34,26,30,35,45,47,53,62,42,54,33,70,63,37,43,39,61,69,59,77,58,38,66,79,52,50,51,67,71,41,57,46,65,78,73,+75 MissingAxioms=0,7,8,15,24,31,48,55 TotalTime=36.8
Step=72 ResultRays= 51503 RayPairs= 222215013 NewAxiom=76 PrevAxioms=1,2,3,4,5,6,9,10,12,14,16,17,18,20,22,23,25,28,32,36,40,44,49,56,64,72,11,13,19,21,60,68,74,27,29,34,26,30,35,45,47,53,62,75,42,54,33,46,70,51,50,77,37,39,69,52,43,79,66,61,58,38,41,59,63,67,71,65,73,78,57,+76 MissingAxioms=0,7,8,15,24,31,48,55 TotalTime=30.6
Step=72 ResultRays= 51503 RayPairs= 222215013 NewAxiom=77 PrevAxioms=1,2,3,4,5,6,9,10,12,14,16,17,18,20,22,23,25,28,32,36,40,44,49,56,64,72,11,13,19,21,60,68,74,27,76,29,34,26,30,35,45,47,53,62,75,42,54,33,46,70,51,50,38,69,59,43,79,52,58,66,37,39,41,61,63,67,71,65,57,78,73,+77 MissingAxioms=0,7,8,15,24,31,48,55 TotalTime=32.2
Step=72 ResultRays= 51503 RayPairs= 354888864 NewAxiom=78 PrevAxioms=1,2,3,4,5,6,9,10,12,14,16,17,18,20,22,23,25,28,32,36,40,44,49,56,64,72,11,13,19,21,60,68,74,27,76,29,34,26,30,35,45,47,53,62,75,42,54,33,46,70,51,50,77,37,39,69,52,79,43,66,58,61,38,41,59,63,67,71,57,65,73,+78 MissingAxioms=0,7,8,15,24,31,48,55 TotalTime=28.6
Step=72 ResultRays= 51503 RayPairs= 253423460 NewAxiom=79 PrevAxioms=1,2,3,4,5,6,9,10,12,14,16,17,18,20,22,23,25,28,32,36,40,44,49,56,64,72,11,13,19,21,60,68,74,27,76,29,34,26,30,35,45,47,53,62,75,42,54,33,46,70,51,50,77,37,39,69,52,66,43,58,61,71,67,78,63,59,41,65,73,57,38,+79 MissingAxioms=0,7,8,15,24,31,48,55 TotalTime=25.9
Step=72 ###################........... Axiom18 Group1 f({1, 3}) + f({2, 3}) >= f({3}) + f({1, 2, 3})
Step=72 ###################........... Axiom19 Group2 f({0, 1, 3}) + f({0, 2, 3}) >= f({0, 3}) + f({0, 1, 2, 3, 4})
Step=72 ###################........... Axiom20 Group1 f({1, 4}) + f({2, 4}) >= f({4}) + f({1, 2, 4})
Step=72 ###################........... Axiom21 Group2 f({0, 1, 4}) + f({0, 2, 4}) >= f({0, 1, 2, 3, 4}) + f({0, 4})
Step=72 ###################........... Axiom34 Group1 f({1, 2}) + f({2, 3}) >= f({2}) + f({1, 2, 3})
Step=72 ###################........... Axiom35 Group2 f({0, 1, 2}) + f({0, 2, 3}) >= f({0, 2}) + f({0, 1, 2, 3, 4})
Step=72 ###################........... Axiom36 Group1 f({1, 4}) + f({3, 4}) >= f({4}) + f({1, 3, 4})
Step=72 ###################........... Axiom37 Group2 f({0, 1, 4}) + f({0, 3, 4}) >= f({0, 1, 2, 3, 4}) + f({0, 4})
Step=72 ###################........... Axiom42 Group1 f({1, 2}) + f({1, 3}) >= f({1}) + f({1, 2, 3})
Step=72 ###################........... Axiom43 Group2 f({0, 1, 2}) + f({0, 1, 3}) >= f({0, 1}) + f({0, 1, 2, 3, 4})
Step=72 ###################........... Axiom44 Group1 f({2, 4}) + f({3, 4}) >= f({4}) + f({2, 3, 4})
Step=72 ###################........... Axiom45 Group2 f({0, 2, 4}) + f({0, 3, 4}) >= f({0, 1, 2, 3, 4}) + f({0, 4})
Step=72 ###################........... Axiom58 Group1 f({1, 2}) + f({2, 4}) >= f({2}) + f({1, 2, 4})
Step=72 ###################........... Axiom59 Group2 f({0, 1, 2}) + f({0, 2, 4}) >= f({0, 2}) + f({0, 1, 2, 3, 4})
Step=72 ###################........... Axiom60 Group1 f({1, 3}) + f({3, 4}) >= f({3}) + f({1, 3, 4})
Step=72 ###################........... Axiom61 Group2 f({0, 1, 3}) + f({0, 3, 4}) >= f({0, 3}) + f({0, 1, 2, 3, 4})
Step=72 ###################........... Axiom66 Group1 f({1, 2}) + f({1, 4}) >= f({1}) + f({1, 2, 4})
Step=72 ###################........... Axiom67 Group2 f({0, 1, 2}) + f({0, 1, 4}) >= f({0, 1}) + f({0, 1, 2, 3, 4})
Step=72 ###################........... Axiom68 Group1 f({2, 3}) + f({3, 4}) >= f({3}) + f({2, 3, 4})
Step=72 ###################........... Axiom69 Group2 f({0, 2, 3}) + f({0, 3, 4}) >= f({0, 3}) + f({0, 1, 2, 3, 4})
Step=72 ###################........... Axiom74 Group1 f({1, 3}) + f({1, 4}) >= f({1}) + f({1, 3, 4})
Step=72 ###################........... Axiom75 Group2 f({0, 1, 3}) + f({0, 1, 4}) >= f({0, 1}) + f({0, 1, 2, 3, 4})
Step=72 ###################........... Axiom76 Group1 f({2, 3}) + f({2, 4}) >= f({2}) + f({2, 3, 4})
Step=72 ###################........... Axiom77 Group2 f({0, 2, 3}) + f({0, 2, 4}) >= f({0, 2}) + f({0, 1, 2, 3, 4})
Step=72 #####################......... Axiom16 Group0 f({1}) + f({2}) >= f({1, 2})
Step=72 #####################......... Axiom23 Group3 f({0, 1, 2, 3, 4}) >= f({0, 3, 4})
Step=72 #####################......... Axiom32 Group0 f({1}) + f({3}) >= f({1, 3})
Step=72 #####################......... Axiom39 Group3 f({0, 1, 2, 3, 4}) >= f({0, 2, 4})
Step=72 #####################......... Axiom40 Group0 f({2}) + f({3}) >= f({2, 3})
Step=72 #####################......... Axiom47 Group3 f({0, 1, 2, 3, 4}) >= f({0, 1, 4})
Step=72 #####################......... Axiom56 Group0 f({1}) + f({4}) >= f({1, 4})
Step=72 #####################......... Axiom63 Group3 f({0, 1, 2, 3, 4}) >= f({0, 2, 3})
Step=72 #####################......... Axiom64 Group0 f({2}) + f({4}) >= f({2, 4})
Step=72 #####################......... Axiom71 Group3 f({0, 1, 2, 3, 4}) >= f({0, 1, 3})
Step=72 #####################......... Axiom72 Group0 f({3}) + f({4}) >= f({3, 4})
Step=72 #####################......... Axiom79 Group3 f({0, 1, 2, 3, 4}) >= f({0, 1, 2})
Step=72 #######################....... Axiom1 Group1 f({0, 2}) + f({1, 2}) >= f({2}) + f({0, 1, 2})
Step=72 #######################....... Axiom2 Group1 f({0, 3}) + f({1, 3}) >= f({3}) + f({0, 1, 3})
Step=72 #######################....... Axiom3 Group2 f({0, 2, 3}) + f({1, 2, 3}) >= f({2, 3}) + f({0, 1, 2, 3, 4})
Step=72 #######################....... Axiom4 Group1 f({0, 4}) + f({1, 4}) >= f({4}) + f({0, 1, 4})
Step=72 #######################....... Axiom5 Group2 f({0, 2, 4}) + f({1, 2, 4}) >= f({0, 1, 2, 3, 4}) + f({2, 4})
Step=72 #######################....... Axiom6 Group2 f({0, 3, 4}) + f({1, 3, 4}) >= f({0, 1, 2, 3, 4}) + f({3, 4})
Step=72 #######################....... Axiom9 Group1 f({0, 1}) + f({1, 2}) >= f({1}) + f({0, 1, 2})
Step=72 #######################....... Axiom10 Group1 f({0, 3}) + f({2, 3}) >= f({3}) + f({0, 2, 3})
Step=72 #######################....... Axiom11 Group2 f({0, 1, 3}) + f({1, 2, 3}) >= f({1, 3}) + f({0, 1, 2, 3, 4})
Step=72 #######################....... Axiom12 Group1 f({0, 4}) + f({2, 4}) >= f({4}) + f({0, 2, 4})
Step=72 #######################....... Axiom13 Group2 f({0, 1, 4}) + f({1, 2, 4}) >= f({0, 1, 2, 3, 4}) + f({1, 4})
Step=72 #######################....... Axiom14 Group2 f({0, 3, 4}) + f({2, 3, 4}) >= f({0, 1, 2, 3, 4}) + f({3, 4})
Step=72 #######################....... Axiom25 Group1 f({0, 1}) + f({1, 3}) >= f({1}) + f({0, 1, 3})
Step=72 #######################....... Axiom26 Group1 f({0, 2}) + f({2, 3}) >= f({2}) + f({0, 2, 3})
Step=72 #######################....... Axiom27 Group2 f({0, 1, 2}) + f({1, 2, 3}) >= f({1, 2}) + f({0, 1, 2, 3, 4})
Step=72 #######################....... Axiom28 Group1 f({0, 4}) + f({3, 4}) >= f({4}) + f({0, 3, 4})
Step=72 #######################....... Axiom29 Group2 f({0, 1, 4}) + f({1, 3, 4}) >= f({0, 1, 2, 3, 4}) + f({1, 4})
Step=72 #######################....... Axiom30 Group2 f({0, 2, 4}) + f({2, 3, 4}) >= f({0, 1, 2, 3, 4}) + f({2, 4})
Step=72 #######################....... Axiom49 Group1 f({0, 1}) + f({1, 4}) >= f({1}) + f({0, 1, 4})
Step=72 #######################....... Axiom50 Group1 f({0, 2}) + f({2, 4}) >= f({2}) + f({0, 2, 4})
Step=72 #######################....... Axiom51 Group2 f({0, 1, 2}) + f({1, 2, 4}) >= f({1, 2}) + f({0, 1, 2, 3, 4})
Step=72 #######################....... Axiom52 Group1 f({0, 3}) + f({3, 4}) >= f({3}) + f({0, 3, 4})
Step=72 #######################....... Axiom53 Group2 f({0, 1, 3}) + f({1, 3, 4}) >= f({1, 3}) + f({0, 1, 2, 3, 4})
Step=72 #######################....... Axiom54 Group2 f({0, 2, 3}) + f({2, 3, 4}) >= f({2, 3}) + f({0, 1, 2, 3, 4})
Step=72 ############################## Axiom17 Group1 f({0, 1}) + f({0, 2}) >= f({0}) + f({0, 1, 2})
Step=72 ############################## Axiom22 Group2 f({1, 3, 4}) + f({2, 3, 4}) >= f({0, 1, 2, 3, 4}) + f({3, 4})
Step=72 ############################## Axiom33 Group1 f({0, 1}) + f({0, 3}) >= f({0}) + f({0, 1, 3})
Step=72 ############################## Axiom38 Group2 f({1, 2, 4}) + f({2, 3, 4}) >= f({0, 1, 2, 3, 4}) + f({2, 4})
Step=72 ############################## Axiom41 Group1 f({0, 2}) + f({0, 3}) >= f({0}) + f({0, 2, 3})
Step=72 ############################## Axiom46 Group2 f({1, 2, 4}) + f({1, 3, 4}) >= f({0, 1, 2, 3, 4}) + f({1, 4})
Step=72 ############################## Axiom57 Group1 f({0, 1}) + f({0, 4}) >= f({0}) + f({0, 1, 4})
Step=72 ############################## Axiom62 Group2 f({1, 2, 3}) + f({2, 3, 4}) >= f({2, 3}) + f({0, 1, 2, 3, 4})
Step=72 ############################## Axiom65 Group1 f({0, 2}) + f({0, 4}) >= f({0}) + f({0, 2, 4})
Step=72 ############################## Axiom70 Group2 f({1, 2, 3}) + f({1, 3, 4}) >= f({1, 3}) + f({0, 1, 2, 3, 4})
Step=72 ############################## Axiom73 Group1 f({0, 3}) + f({0, 4}) >= f({0}) + f({0, 3, 4})
Step=72 ############################## Axiom78 Group2 f({1, 2, 3}) + f({1, 2, 4}) >= f({1, 2}) + f({0, 1, 2, 3, 4})
