Step=78 ResultRays=103752 RayPairs=1124326896 NewAxiom=1 PrevAxioms=2,3,4,5,6,7,9,10,12,14,16,17,18,20,22,24,25,28,32,36,40,44,48,56,64,72,11,13,15,19,21,23,33,68,76,58,27,66,35,52,53,60,45,47,74,61,73,54,63,30,29,75,57,31,39,59,46,69,71,62,78,42,43,55,49,51,79,77,41,65,50,67,34,37,26,70,38,+1 MissingAxioms=0,8
Step=78 ResultRays=103752 RayPairs=1135977111 NewAxiom=2 PrevAxioms=1,3,4,5,6,7,9,10,11,12,14,16,17,18,20,22,24,28,32,36,40,44,48,56,64,72,13,15,19,21,23,52,60,68,73,74,42,43,29,31,34,35,41,33,30,38,76,39,69,54,55,71,47,67,77,26,27,66,58,65,51,75,59,79,63,61,62,46,45,57,78,49,25,70,37,53,50,+2 MissingAxioms=0,8
Step=78 ResultRays=103752 RayPairs=1336761998 NewAxiom=3 PrevAxioms=1,2,4,5,6,7,9,10,11,12,14,16,17,18,20,22,24,28,32,36,40,44,48,56,64,72,13,15,19,21,23,52,60,68,73,74,42,53,43,61,30,34,41,31,76,35,29,26,55,27,33,71,46,69,63,77,47,67,70,65,37,57,75,79,54,38,45,39,59,62,50,51,58,66,78,25,49,+3 MissingAxioms=0,8
Step=78 ResultRays=103752 RayPairs=1135977111 NewAxiom=4 PrevAxioms=1,2,3,5,6,7,9,10,12,13,14,16,17,18,20,22,24,28,32,36,40,44,48,56,64,72,11,15,19,21,23,52,60,68,73,74,42,43,30,31,34,35,29,76,38,41,39,33,61,37,47,62,70,71,26,27,67,53,55,75,57,79,46,69,77,63,59,45,54,58,66,65,50,78,51,49,25,+4 MissingAxioms=0,8
Step=78 ResultRays=103752 RayPairs=1336761998 NewAxiom=5 PrevAxioms=1,2,3,4,6,7,9,10,12,13,14,16,17,18,20,22,24,28,32,36,40,44,48,56,64,72,11,15,19,21,23,52,60,68,73,74,29,42,43,37,31,41,76,46,34,35,47,69,45,71,38,77,70,63,67,53,55,54,78,26,62,27,50,51,58,30,79,61,65,39,66,49,59,75,57,25,33,+5 MissingAxioms=0,8
Step=78 ResultRays=103752 RayPairs=1335825106 NewAxiom=6 PrevAxioms=1,2,3,4,5,7,9,10,12,14,15,16,17,18,20,22,24,28,32,36,40,44,48,56,64,72,11,13,19,21,23,52,60,68,73,74,42,43,30,31,34,35,76,29,38,41,33,39,69,37,70,62,63,27,75,54,55,51,66,46,47,79,77,59,67,71,53,25,58,45,61,65,57,50,78,26,49,+6 MissingAxioms=0,8
Step=78 ResultRays=103752 RayPairs= 827497452 NewAxiom=7 PrevAxioms=1,2,3,4,5,6,9,10,12,14,15,16,17,18,20,22,24,28,32,36,40,44,48,56,64,72,11,13,19,21,23,52,60,68,73,74,42,29,43,31,34,35,30,76,38,41,33,39,61,37,47,59,63,69,71,67,75,54,53,79,77,27,70,55,62,46,57,45,58,78,51,26,66,65,49,50,25,+7 MissingAxioms=0,8
Step=78 ResultRays=103752 RayPairs=1124326896 NewAxiom=9 PrevAxioms=1,2,3,4,5,6,7,10,12,14,16,17,18,20,22,24,26,28,32,36,40,44,48,56,64,72,11,13,15,19,21,23,41,60,74,66,27,58,43,52,54,68,37,39,76,69,73,53,71,29,30,77,65,31,47,67,38,61,63,70,78,34,35,55,50,51,79,75,33,57,49,59,42,45,25,62,46,+9 MissingAxioms=0,8
Step=78 ResultRays=103752 RayPairs=1135977111 NewAxiom=10 PrevAxioms=1,2,3,4,5,6,7,9,11,12,14,16,17,18,20,22,24,28,32,36,40,44,48,56,64,72,13,15,19,21,23,52,60,68,73,74,42,43,29,31,34,35,76,30,33,46,41,47,61,53,55,63,39,59,75,25,27,58,66,57,51,77,67,79,71,69,70,38,37,65,78,50,26,62,45,54,49,+10 MissingAxioms=0,8
Step=78 ResultRays=103752 RayPairs=1336761998 NewAxiom=11 PrevAxioms=1,2,3,4,5,6,7,9,10,12,14,16,17,18,20,22,24,28,32,36,40,44,48,56,64,72,13,15,19,21,23,52,60,68,73,74,42,54,69,34,35,29,33,31,76,43,30,25,55,27,41,63,38,61,71,75,39,59,62,57,45,65,77,79,53,46,37,47,67,70,49,51,66,58,78,26,50,+11 MissingAxioms=0,8
Step=78 ResultRays=103752 RayPairs=1135977111 NewAxiom=12 PrevAxioms=1,2,3,4,5,6,7,9,10,13,14,16,17,18,20,22,24,28,32,36,40,44,48,56,64,72,11,15,19,21,23,52,60,68,73,74,42,43,29,31,34,35,30,76,38,39,41,33,61,37,53,55,47,62,71,67,75,27,79,70,69,65,77,46,66,59,63,57,58,54,45,50,51,49,78,26,25,+12 MissingAxioms=0,8
Step=78 ResultRays=103752 RayPairs=1336761998 NewAxiom=13 PrevAxioms=1,2,3,4,5,6,7,9,10,12,14,16,17,18,20,22,24,28,32,36,40,44,48,56,64,72,11,15,19,21,23,52,60,68,73,74,30,42,43,37,39,41,76,45,38,31,46,53,55,34,35,54,33,71,77,70,26,27,61,62,50,78,66,69,51,63,58,65,57,75,79,47,29,67,59,49,25,+13 MissingAxioms=0,8
Step=78 ResultRays=103752 RayPairs=1335825106 NewAxiom=14 PrevAxioms=1,2,3,4,5,6,7,9,10,12,15,16,17,18,20,22,24,28,32,36,40,44,48,56,64,72,11,13,19,21,23,52,60,68,73,74,42,43,29,31,34,35,76,30,38,41,33,39,61,37,62,70,71,26,27,75,53,55,51,66,78,49,79,77,47,67,57,45,65,59,63,69,46,54,58,25,50,+14 MissingAxioms=0,8
Step=78 ResultRays=103752 RayPairs= 827497452 NewAxiom=15 PrevAxioms=1,2,3,4,5,6,7,9,10,12,14,16,17,18,20,22,24,28,32,36,40,44,48,56,64,72,11,13,19,21,23,52,60,68,73,74,42,30,43,31,34,35,29,76,38,41,39,33,61,37,62,70,26,54,55,77,27,63,69,65,45,47,59,79,75,78,51,58,67,57,71,53,66,49,46,25,50,+15 MissingAxioms=0,8
Step=78 ResultRays=103752 RayPairs= 803702445 NewAxiom=16 PrevAxioms=1,2,3,4,5,6,7,9,10,12,14,17,18,20,22,24,25,28,32,36,40,44,48,56,64,72,11,13,15,19,21,23,33,68,76,27,60,29,74,26,35,30,45,47,34,62,70,42,43,46,71,77,61,37,39,67,78,58,52,73,53,55,54,50,66,69,31,51,59,75,79,38,63,65,49,41,57,+16 MissingAxioms=0,8
Step=78 ResultRays=103752 RayPairs=1497822136 NewAxiom=17 PrevAxioms=1,2,3,4,5,6,7,9,10,12,14,16,18,20,22,24,25,28,32,36,40,44,48,56,64,72,11,13,15,19,21,23,33,68,76,58,27,66,59,52,53,74,54,42,43,26,34,35,69,71,60,45,61,63,39,73,62,47,67,30,77,50,29,55,65,79,75,31,51,78,49,46,57,41,37,38,70,+17 MissingAxioms=0,8
Step=78 ResultRays=103752 RayPairs=1486435782 NewAxiom=18 PrevAxioms=1,2,3,4,5,6,7,9,10,12,14,16,17,19,20,22,24,28,32,36,40,44,48,56,64,72,11,13,15,21,23,52,60,68,73,74,66,67,53,55,58,59,76,54,61,63,65,57,62,37,29,31,69,71,38,47,50,77,51,43,75,79,46,41,42,70,26,45,39,35,78,27,49,34,33,30,25,+18 MissingAxioms=0,8
Step=78 ResultRays=103752 RayPairs=1342189610 NewAxiom=19 PrevAxioms=1,2,3,4,5,6,7,9,10,12,14,16,17,18,20,22,24,28,32,36,40,44,48,56,64,72,11,13,15,21,23,34,42,52,73,35,68,37,76,29,43,39,30,33,41,60,74,38,61,53,55,70,71,26,27,62,75,66,57,46,31,47,67,79,77,65,59,63,58,45,69,54,50,51,25,78,49,+19 MissingAxioms=0,8
Step=78 ResultRays=103752 RayPairs=1486435782 NewAxiom=20 PrevAxioms=1,2,3,4,5,6,7,9,10,12,14,16,17,18,21,22,24,28,32,36,40,44,48,56,64,72,11,13,15,19,23,52,60,68,73,74,42,43,29,31,34,35,76,30,37,39,41,33,38,45,47,61,62,71,26,77,27,69,54,55,63,67,79,59,58,75,70,78,51,53,66,57,46,65,49,50,25,+20 MissingAxioms=0,8
Step=78 ResultRays=103752 RayPairs=1342189610 NewAxiom=21 PrevAxioms=1,2,3,4,5,6,7,9,10,12,14,16,17,18,20,22,24,28,32,36,40,44,48,56,64,72,11,13,15,19,23,52,58,66,73,60,76,67,59,53,68,55,57,54,74,70,65,71,45,69,63,43,47,37,39,35,77,29,30,79,75,31,46,51,38,62,41,61,42,34,33,78,27,49,26,50,25,+21 MissingAxioms=0,8
Step=78 ResultRays=103752 RayPairs=1472413696 NewAxiom=22 PrevAxioms=1,2,3,4,5,6,7,9,10,12,14,16,17,18,20,23,24,28,32,36,40,44,48,56,64,72,11,13,15,19,21,52,60,68,73,74,42,43,29,31,34,35,76,30,33,45,47,41,46,69,71,27,61,63,77,53,54,67,65,37,75,79,59,78,39,38,66,55,70,62,51,25,58,50,57,26,49,+22 MissingAxioms=0,8
Step=78 ResultRays=103752 RayPairs= 812156150 NewAxiom=23 PrevAxioms=1,2,3,4,5,6,7,9,10,12,14,16,17,18,20,22,24,28,32,36,40,44,48,56,64,72,11,13,15,19,21,52,60,68,73,74,42,38,43,39,41,76,30,31,34,35,33,61,37,70,71,45,47,26,27,53,55,29,62,67,75,79,77,46,54,63,59,78,51,69,58,57,66,65,49,25,50,+23 MissingAxioms=0,8
Step=78 ResultRays=103752 RayPairs= 690546780 NewAxiom=24 PrevAxioms=1,2,3,4,5,6,7,9,10,12,14,16,17,18,20,22,25,28,32,36,40,44,48,56,64,72,11,13,15,19,21,23,60,68,74,27,76,34,26,29,35,30,45,47,42,43,33,46,41,69,37,39,71,61,63,59,75,58,66,31,65,50,51,67,79,77,54,70,55,62,78,53,38,57,73,49,52,+24 MissingAxioms=0,8
Step=78 ResultRays=103752 RayPairs=1520450256 NewAxiom=25 PrevAxioms=1,2,3,4,5,6,7,9,10,12,14,16,17,18,20,22,24,28,32,36,40,44,48,56,64,72,11,13,15,19,21,23,52,60,68,73,74,42,43,29,31,34,35,76,30,38,41,33,39,61,37,62,70,71,26,27,47,67,75,53,55,79,77,46,57,69,63,59,45,54,78,51,58,66,65,49,50,+25 MissingAxioms=0,8
Step=78 ResultRays=103752 RayPairs=1520450256 NewAxiom=26 PrevAxioms=1,2,3,4,5,6,7,9,10,12,14,16,17,18,20,22,24,28,32,36,40,44,48,56,64,72,11,13,15,19,21,23,52,60,68,73,74,42,43,29,31,34,35,76,30,38,41,33,39,61,37,62,70,71,27,47,67,75,79,53,55,69,77,46,57,63,59,65,66,45,54,58,78,51,25,50,49,+26 MissingAxioms=0,8
Step=78 ResultRays=103752 RayPairs=1348835748 NewAxiom=27 PrevAxioms=1,2,3,4,5,6,7,9,10,12,14,16,17,18,20,22,24,28,32,36,40,44,48,56,64,72,11,13,15,19,21,23,52,60,68,73,74,42,43,29,31,34,35,76,30,38,41,33,39,61,37,62,70,71,26,47,67,75,57,49,79,51,77,63,59,69,55,78,46,54,45,58,53,50,65,66,25,+27 MissingAxioms=0,8
Step=78 ResultRays=103752 RayPairs=1545051456 NewAxiom=28 PrevAxioms=1,2,3,4,5,6,7,9,10,12,14,16,17,18,20,22,24,29,32,36,40,44,48,56,64,72,11,13,15,19,21,23,60,68,74,76,34,30,35,46,31,33,42,43,47,41,45,25,27,69,70,62,63,39,59,75,37,78,66,61,71,65,50,51,79,55,73,67,77,38,53,52,49,57,54,58,26,+28 MissingAxioms=0,8
Step=78 ResultRays=103752 RayPairs=1375347516 NewAxiom=29 PrevAxioms=1,2,3,4,5,6,7,9,10,12,14,16,17,18,20,22,24,28,32,36,40,44,48,56,64,72,11,13,15,19,21,23,52,60,68,73,74,42,43,30,31,34,35,76,38,41,39,33,61,37,62,70,71,26,27,55,51,46,66,47,67,69,75,79,78,77,25,63,59,53,58,45,65,54,57,50,49,+29 MissingAxioms=0,8
Step=78 ResultRays=103752 RayPairs=1375347516 NewAxiom=30 PrevAxioms=1,2,3,4,5,6,7,9,10,12,14,16,17,18,20,22,24,28,32,36,40,44,48,56,64,72,11,13,15,19,21,23,52,60,68,73,74,42,43,29,31,34,35,76,38,41,33,37,69,54,55,71,53,26,27,75,62,63,51,66,61,57,49,39,59,46,47,79,67,45,77,78,58,65,70,50,25,+30 MissingAxioms=0,8
Step=78 ResultRays=103752 RayPairs= 802229376 NewAxiom=31 PrevAxioms=1,2,3,4,5,6,7,9,10,12,14,16,17,18,20,22,24,28,32,36,40,44,48,56,64,72,11,13,15,19,21,23,52,60,68,73,74,42,43,29,30,34,35,76,38,41,33,39,61,37,62,70,71,26,27,53,55,75,57,69,66,46,47,67,79,77,63,58,59,65,50,45,54,78,51,49,25,+31 MissingAxioms=0,8
Step=78 ResultRays=103752 RayPairs= 874480890 NewAxiom=32 PrevAxioms=1,2,3,4,5,6,7,9,10,12,14,16,17,18,20,22,24,28,33,36,40,44,48,56,64,72,11,13,15,19,21,23,52,68,73,35,58,76,59,66,53,67,54,42,55,69,34,74,25,71,60,63,39,45,62,57,30,31,75,65,77,43,27,79,47,70,51,78,50,37,38,46,41,61,29,49,26,+32 MissingAxioms=0,8
Step=78 ResultRays=103752 RayPairs=1457446683 NewAxiom=33 PrevAxioms=1,2,3,4,5,6,7,9,10,12,14,16,17,18,20,22,24,28,32,36,40,44,48,56,64,72,11,13,15,19,21,23,52,60,68,73,74,42,43,29,31,34,35,76,30,38,41,39,61,63,26,69,71,54,53,77,59,27,79,45,62,55,65,57,67,46,47,75,50,70,66,51,37,49,78,25,58,+33 MissingAxioms=0,8
Step=78 ResultRays=103752 RayPairs=1470601542 NewAxiom=34 PrevAxioms=1,2,3,4,5,6,7,9,10,12,14,16,17,18,20,22,24,28,32,36,40,44,48,56,64,72,11,13,15,19,21,23,52,60,68,73,74,42,43,29,31,41,76,38,37,69,35,54,55,70,63,26,53,75,27,51,49,61,71,66,46,47,79,67,62,65,45,77,57,59,39,78,58,30,25,33,50,+34 MissingAxioms=0,8
Step=78 ResultRays=103752 RayPairs=1082342800 NewAxiom=35 PrevAxioms=1,2,3,4,5,6,7,9,10,12,14,16,17,18,20,22,24,28,32,36,40,44,48,56,64,72,11,13,15,19,21,23,52,60,68,73,74,42,43,29,31,34,33,30,76,46,41,47,69,45,70,62,63,25,77,27,39,54,55,66,78,61,58,59,65,71,67,79,75,51,50,57,49,37,53,38,26,+35 MissingAxioms=0,8
Step=78 ResultRays=103752 RayPairs=1408872096 NewAxiom=36 PrevAxioms=1,2,3,4,5,6,7,9,10,12,14,16,17,18,20,22,24,28,32,37,40,44,48,56,64,72,11,13,15,19,21,23,52,68,73,34,76,35,38,42,30,39,43,31,33,41,45,47,29,69,26,27,54,55,70,75,77,58,66,65,79,59,63,62,60,78,53,74,67,71,61,51,57,49,46,25,50,+36 MissingAxioms=0,8
Step=78 ResultRays=103752 RayPairs=1356947910 NewAxiom=37 PrevAxioms=1,2,3,4,5,6,7,9,10,12,14,16,17,18,20,22,24,28,32,36,40,44,48,56,64,72,11,13,15,19,21,23,52,60,68,73,74,42,43,29,31,34,35,76,30,38,41,33,39,61,45,62,70,71,26,27,77,53,55,65,46,58,47,67,79,75,50,69,63,59,66,57,78,51,25,54,49,+37 MissingAxioms=0,8
Step=78 ResultRays=103752 RayPairs=1430212604 NewAxiom=38 PrevAxioms=1,2,3,4,5,6,7,9,10,12,14,16,17,18,20,22,24,28,32,36,40,44,48,56,64,72,11,13,15,19,21,23,52,60,68,73,74,42,43,29,31,34,35,76,30,46,33,41,47,69,45,70,62,63,25,27,39,59,77,54,55,79,75,65,61,71,67,78,51,50,66,53,37,49,57,58,26,+38 MissingAxioms=0,8
Step=78 ResultRays=103752 RayPairs= 911966466 NewAxiom=39 PrevAxioms=1,2,3,4,5,6,7,9,10,12,14,16,17,18,20,22,24,28,32,36,40,44,48,56,64,72,11,13,15,19,21,23,52,60,68,73,74,42,43,29,31,34,35,76,30,38,41,33,37,61,62,70,71,26,27,53,55,75,57,69,66,46,47,67,79,65,59,63,77,58,50,51,78,25,45,54,49,+39 MissingAxioms=0,8
Step=78 ResultRays=103752 RayPairs= 874480890 NewAxiom=40 PrevAxioms=1,2,3,4,5,6,7,9,10,12,14,16,17,18,20,22,24,28,32,36,41,44,48,56,64,72,11,13,15,19,21,23,52,60,73,43,66,74,58,67,53,59,54,34,55,61,42,76,26,63,68,71,47,37,70,65,29,31,77,57,75,35,27,79,39,62,51,78,49,45,46,38,33,69,30,50,25,+40 MissingAxioms=0,8
Step=78 ResultRays=103752 RayPairs=1457446683 NewAxiom=41 PrevAxioms=1,2,3,4,5,6,7,9,10,12,14,16,17,18,20,22,24,28,32,36,40,44,48,56,64,72,11,13,15,19,21,23,52,60,68,73,74,42,43,29,31,34,35,76,30,38,33,39,69,54,55,70,62,63,25,27,59,57,51,46,45,75,66,78,79,77,47,71,58,67,65,37,61,53,50,26,49,+41 MissingAxioms=0,8
Step=78 ResultRays=103752 RayPairs=1470601542 NewAxiom=42 PrevAxioms=1,2,3,4,5,6,7,9,10,12,14,16,17,18,20,22,24,28,32,36,40,44,48,56,64,72,11,13,15,19,21,23,52,60,68,73,74,66,67,53,55,58,59,76,54,62,65,57,63,37,61,38,46,47,50,51,71,43,75,29,31,79,77,70,33,45,39,35,69,30,78,27,34,25,26,41,49,+42 MissingAxioms=0,8
Step=78 ResultRays=103752 RayPairs=1082342800 NewAxiom=43 PrevAxioms=1,2,3,4,5,6,7,9,10,12,14,16,17,18,20,22,24,28,32,36,40,44,48,56,64,72,11,13,15,19,21,23,52,60,68,73,74,42,29,34,35,31,41,30,76,38,33,39,61,37,62,70,71,26,75,27,47,53,55,58,78,69,66,67,57,63,59,79,77,51,49,65,50,45,54,46,25,+43 MissingAxioms=0,8
Step=78 ResultRays=103752 RayPairs=1408872096 NewAxiom=44 PrevAxioms=1,2,3,4,5,6,7,9,10,12,14,16,17,18,20,22,24,28,32,36,40,45,48,56,64,72,11,13,15,19,21,23,52,60,73,42,74,34,43,46,29,35,47,31,41,33,37,39,30,61,25,27,53,55,62,77,75,66,58,57,79,67,71,70,68,78,54,76,59,63,69,51,65,50,38,26,49,+44 MissingAxioms=0,8
Step=78 ResultRays=103752 RayPairs=1356947910 NewAxiom=45 PrevAxioms=1,2,3,4,5,6,7,9,10,12,14,16,17,18,20,22,24,28,32,36,40,44,48,56,64,72,11,13,15,19,21,23,52,60,68,73,74,42,43,29,31,34,35,76,30,38,41,33,39,61,37,62,70,71,26,27,47,67,75,53,55,79,77,46,57,69,63,59,78,51,49,54,58,50,65,66,25,+45 MissingAxioms=0,8
Step=78 ResultRays=103752 RayPairs=1430212604 NewAxiom=46 PrevAxioms=1,2,3,4,5,6,7,9,10,12,14,16,17,18,20,22,24,28,32,36,40,44,48,56,64,72,11,13,15,19,21,23,52,60,68,73,74,42,43,29,31,34,35,76,30,38,41,33,39,61,37,62,70,71,26,27,47,67,75,53,55,79,77,57,69,63,59,78,51,49,58,54,45,50,65,66,25,+46 MissingAxioms=0,8
Step=78 ResultRays=103752 RayPairs= 911966466 NewAxiom=47 PrevAxioms=1,2,3,4,5,6,7,9,10,12,14,16,17,18,20,22,24,28,32,36,40,44,48,56,64,72,11,13,15,19,21,23,52,60,68,73,74,42,43,29,31,34,35,76,30,38,41,33,39,61,37,62,70,71,26,27,53,55,75,57,69,66,46,67,79,77,45,65,63,59,54,58,78,51,49,25,50,+47 MissingAxioms=0,8
Step=78 ResultRays=103752 RayPairs= 690546780 NewAxiom=48 PrevAxioms=1,2,3,4,5,6,7,9,10,12,14,16,17,18,20,22,24,28,32,36,40,44,49,56,64,72,11,13,15,19,21,23,60,68,73,51,74,42,50,38,76,69,71,34,35,46,70,45,67,63,66,58,30,31,59,39,77,61,65,41,54,26,37,43,79,62,55,27,29,47,75,52,78,25,33,53,57,+48 MissingAxioms=0,8
Step=78 ResultRays=103752 RayPairs=1520450256 NewAxiom=49 PrevAxioms=1,2,3,4,5,6,7,9,10,12,14,16,17,18,20,22,24,28,32,36,40,44,48,56,64,72,11,13,15,19,21,23,52,60,68,73,74,42,43,29,31,34,35,76,30,38,41,33,39,61,37,62,70,71,26,27,47,67,75,53,55,79,77,46,57,69,63,59,45,54,78,51,58,66,65,25,50,+49 MissingAxioms=0,8
Step=78 ResultRays=103752 RayPairs=1520450256 NewAxiom=50 PrevAxioms=1,2,3,4,5,6,7,9,10,12,14,16,17,18,20,22,24,28,32,36,40,44,48,56,64,72,11,13,15,19,21,23,52,60,68,73,74,42,43,29,31,34,35,76,30,38,41,33,39,61,37,62,70,71,26,27,47,67,75,53,55,79,77,46,57,69,63,59,45,54,78,51,58,66,65,49,25,+50 MissingAxioms=0,8
Step=78 ResultRays=103752 RayPairs=1348835748 NewAxiom=51 PrevAxioms=1,2,3,4,5,6,7,9,10,12,14,16,17,18,20,22,24,28,32,36,40,44,48,56,64,72,11,13,15,19,21,23,52,60,68,73,74,42,43,29,31,34,35,76,30,38,41,33,39,61,37,62,70,71,26,27,47,67,75,53,55,79,77,46,57,69,63,59,45,54,78,58,66,65,50,49,25,+51 MissingAxioms=0,8
Step=78 ResultRays=103752 RayPairs=1545051456 NewAxiom=52 PrevAxioms=1,2,3,4,5,6,7,9,10,12,14,16,17,18,20,22,24,28,32,36,40,44,48,56,64,72,11,13,15,19,21,23,60,68,73,74,42,43,29,31,34,35,76,30,38,41,33,39,61,37,62,70,71,26,27,47,67,75,79,69,63,59,45,46,53,55,77,54,78,58,57,51,66,65,49,25,50,+52 MissingAxioms=0,8
Step=78 ResultRays=103752 RayPairs=1375347516 NewAxiom=53 PrevAxioms=1,2,3,4,5,6,7,9,10,12,14,16,17,18,20,22,24,28,32,36,40,44,48,56,64,72,11,13,15,19,21,23,52,60,68,73,74,42,43,29,31,34,35,76,30,38,41,33,39,61,37,62,70,71,26,27,47,67,75,79,77,57,49,51,55,78,69,63,59,58,54,45,46,50,65,66,25,+53 MissingAxioms=0,8
Step=78 ResultRays=103752 RayPairs=1375347516 NewAxiom=54 PrevAxioms=1,2,3,4,5,6,7,9,10,12,14,16,17,18,20,22,24,28,32,36,40,44,48,56,64,72,11,13,15,19,21,23,52,60,68,73,74,42,43,29,31,34,35,76,30,38,41,33,39,61,37,62,70,71,26,27,47,67,75,53,55,79,77,46,57,69,63,59,45,78,51,58,66,65,50,25,49,+54 MissingAxioms=0,8
Step=78 ResultRays=103752 RayPairs= 802229376 NewAxiom=55 PrevAxioms=1,2,3,4,5,6,7,9,10,12,14,16,17,18,20,22,24,28,32,36,40,44,48,56,64,72,11,13,15,19,21,23,52,60,68,73,74,42,43,29,31,34,35,76,30,38,41,33,39,61,37,62,70,71,26,27,47,67,75,53,79,77,46,57,69,63,54,45,59,78,58,66,65,50,51,25,49,+55 MissingAxioms=0,8
Step=78 ResultRays=103752 RayPairs= 874480890 NewAxiom=56 PrevAxioms=1,2,3,4,5,6,7,9,10,12,14,16,17,18,20,22,24,28,32,36,40,44,48,57,64,72,11,13,15,19,21,23,52,68,73,34,59,76,35,37,42,29,43,30,39,74,69,71,45,47,67,38,54,53,41,77,26,27,55,66,65,50,63,79,62,31,75,46,33,60,70,58,78,51,61,25,49,+56 MissingAxioms=0,8
Step=78 ResultRays=103752 RayPairs=1457446683 NewAxiom=57 PrevAxioms=1,2,3,4,5,6,7,9,10,12,14,16,17,18,20,22,24,28,32,36,40,44,48,56,64,72,11,13,15,19,21,23,52,60,68,73,74,42,43,29,31,34,35,76,30,38,41,33,39,61,37,62,70,71,26,27,47,67,75,53,55,79,77,46,65,50,66,63,59,78,69,51,25,58,45,54,49,+57 MissingAxioms=0,8
Step=78 ResultRays=103752 RayPairs=1470601542 NewAxiom=58 PrevAxioms=1,2,3,4,5,6,7,9,10,12,14,16,17,18,20,22,24,28,32,36,40,44,48,56,64,72,11,13,15,19,21,23,52,60,68,73,74,42,43,29,31,34,35,76,30,38,41,33,39,61,37,62,70,71,26,27,47,67,75,53,55,79,77,46,57,69,63,59,45,54,78,51,49,50,66,65,25,+58 MissingAxioms=0,8
Step=78 ResultRays=103752 RayPairs=1082342800 NewAxiom=59 PrevAxioms=1,2,3,4,5,6,7,9,10,12,14,16,17,18,20,22,24,28,32,36,40,44,48,56,64,72,11,13,15,19,21,23,52,60,68,73,74,42,43,29,31,34,35,76,30,38,41,33,39,61,37,62,70,71,26,27,47,67,75,53,55,79,77,46,57,69,63,45,54,58,78,51,66,65,49,25,50,+59 MissingAxioms=0,8
Step=78 ResultRays=103752 RayPairs=1408872096 NewAxiom=60 PrevAxioms=1,2,3,4,5,6,7,9,10,12,14,16,17,18,20,22,24,28,32,36,40,44,48,56,64,72,11,13,15,19,21,23,52,68,73,34,76,35,37,42,29,39,43,30,33,41,25,27,69,54,55,70,74,63,53,75,49,59,57,62,66,46,47,61,71,67,79,77,58,31,51,38,65,45,50,78,26,+60 MissingAxioms=0,8
Step=78 ResultRays=103752 RayPairs=1356947910 NewAxiom=61 PrevAxioms=1,2,3,4,5,6,7,9,10,12,14,16,17,18,20,22,24,28,32,36,40,44,48,56,64,72,11,13,15,19,21,23,52,60,68,73,74,42,43,29,31,34,35,76,30,38,41,33,39,37,70,62,63,69,27,54,55,51,75,66,46,47,79,77,59,53,25,71,67,78,45,65,58,57,50,26,49,+61 MissingAxioms=0,8
Step=78 ResultRays=103752 RayPairs=1430212604 NewAxiom=62 PrevAxioms=1,2,3,4,5,6,7,9,10,12,14,16,17,18,20,22,24,28,32,36,40,44,48,56,64,72,11,13,15,19,21,23,52,60,68,73,74,42,43,29,31,34,35,76,30,38,41,33,39,61,37,47,59,63,69,71,67,75,54,53,79,77,27,70,55,57,46,78,51,45,65,66,49,58,26,25,50,+62 MissingAxioms=0,8
Step=78 ResultRays=103752 RayPairs= 911966466 NewAxiom=63 PrevAxioms=1,2,3,4,5,6,7,9,10,12,14,16,17,18,20,22,24,28,32,36,40,44,48,56,64,72,11,13,15,19,21,23,52,60,68,73,74,42,43,29,31,34,35,76,30,38,41,33,39,61,37,62,70,71,26,27,47,67,75,53,55,79,77,46,57,69,45,78,51,54,58,59,66,65,49,50,25,+63 MissingAxioms=0,8
Step=78 ResultRays=103752 RayPairs= 874480890 NewAxiom=64 PrevAxioms=1,2,3,4,5,6,7,9,10,12,14,16,17,18,20,22,24,28,32,36,40,44,48,56,65,72,11,13,15,19,21,23,52,60,73,42,67,74,34,43,45,30,35,29,47,76,61,63,37,39,59,46,53,54,33,75,25,27,55,58,57,49,71,79,70,31,77,38,41,68,62,66,78,51,69,26,50,+64 MissingAxioms=0,8
Step=78 ResultRays=103752 RayPairs=1457446683 NewAxiom=65 PrevAxioms=1,2,3,4,5,6,7,9,10,12,14,16,17,18,20,22,24,28,32,36,40,44,48,56,64,72,11,13,15,19,21,23,52,60,68,73,74,42,43,29,31,34,35,76,30,38,41,33,39,61,37,62,70,71,26,27,47,67,75,53,55,79,77,46,57,69,63,59,45,54,78,51,58,66,49,50,25,+65 MissingAxioms=0,8
Step=78 ResultRays=103752 RayPairs=1470601542 NewAxiom=66 PrevAxioms=1,2,3,4,5,6,7,9,10,12,14,16,17,18,20,22,24,28,32,36,40,44,48,56,64,72,11,13,15,19,21,23,52,60,68,73,74,42,43,29,31,34,35,76,30,38,41,33,39,61,37,62,70,71,26,27,47,67,75,53,55,79,77,46,57,69,63,59,45,54,78,51,58,49,50,65,25,+66 MissingAxioms=0,8
Step=78 ResultRays=103752 RayPairs=1082342800 NewAxiom=67 PrevAxioms=1,2,3,4,5,6,7,9,10,12,14,16,17,18,20,22,24,28,32,36,40,44,48,56,64,72,11,13,15,19,21,23,52,60,68,73,74,42,43,29,31,34,35,76,30,38,41,33,39,61,37,62,70,71,26,27,47,75,53,55,57,69,66,63,59,79,77,46,65,45,58,54,50,51,25,78,49,+67 MissingAxioms=0,8
Step=78 ResultRays=103752 RayPairs=1408872096 NewAxiom=68 PrevAxioms=1,2,3,4,5,6,7,9,10,12,14,16,17,18,20,22,24,28,32,36,40,44,48,56,64,72,11,13,15,19,21,23,52,60,73,42,74,34,43,45,30,35,47,29,41,33,26,27,61,53,55,62,76,71,54,77,50,67,65,70,58,38,39,69,63,59,79,75,66,31,51,46,57,37,49,78,25,+68 MissingAxioms=0,8
Step=78 ResultRays=103752 RayPairs=1356947910 NewAxiom=69 PrevAxioms=1,2,3,4,5,6,7,9,10,12,14,16,17,18,20,22,24,28,32,36,40,44,48,56,64,72,11,13,15,19,21,23,52,60,68,73,74,42,43,29,31,34,35,76,30,38,41,33,39,61,37,62,70,71,26,27,47,67,75,53,55,79,77,46,57,63,54,45,59,65,50,58,51,66,25,78,49,+69 MissingAxioms=0,8
Step=78 ResultRays=103752 RayPairs=1430212604 NewAxiom=70 PrevAxioms=1,2,3,4,5,6,7,9,10,12,14,16,17,18,20,22,24,28,32,36,40,44,48,56,64,72,11,13,15,19,21,23,52,60,68,73,74,42,43,29,31,34,35,76,30,38,41,33,39,61,37,62,26,71,27,47,67,53,55,75,79,46,77,57,69,63,59,45,54,58,78,51,66,25,49,50,65,+70 MissingAxioms=0,8
Step=78 ResultRays=103752 RayPairs= 911966466 NewAxiom=71 PrevAxioms=1,2,3,4,5,6,7,9,10,12,14,16,17,18,20,22,24,28,32,36,40,44,48,56,64,72,11,13,15,19,21,23,52,60,68,73,74,42,43,29,31,34,35,76,30,38,41,33,39,61,37,62,70,26,27,54,55,63,69,75,57,59,77,65,79,45,47,67,46,50,53,58,51,66,25,78,49,+71 MissingAxioms=0,8
Step=78 ResultRays=103752 RayPairs= 835859368 NewAxiom=72 PrevAxioms=1,2,3,4,5,6,7,9,10,12,14,16,17,18,20,22,24,28,32,36,40,44,48,56,64,73,11,13,15,19,21,23,52,60,68,34,35,76,29,31,42,43,33,30,41,38,39,61,37,62,26,70,71,27,47,67,75,57,49,79,51,77,55,78,69,63,59,45,54,58,46,74,53,50,65,66,25,+72 MissingAxioms=0,8
Step=78 ResultRays=103752 RayPairs=1429532346 NewAxiom=73 PrevAxioms=1,2,3,4,5,6,7,9,10,12,14,16,17,18,20,22,24,28,32,36,40,44,48,56,64,72,11,13,15,19,21,23,52,60,68,74,76,34,35,29,31,42,43,30,33,46,41,47,69,45,70,62,63,25,27,39,59,54,55,77,79,75,38,57,49,58,51,26,71,67,78,61,37,66,65,53,50,+73 MissingAxioms=0,8
Step=78 ResultRays=103752 RayPairs=1332341220 NewAxiom=74 PrevAxioms=1,2,3,4,5,6,7,9,10,12,14,16,17,18,20,22,24,28,32,36,40,44,48,56,64,72,11,13,15,19,21,23,52,60,68,73,76,34,35,29,31,42,43,33,30,46,41,47,69,45,70,62,63,25,27,39,59,77,79,54,55,38,61,71,67,65,78,51,75,66,58,37,53,50,57,49,26,+74 MissingAxioms=0,8
Step=78 ResultRays=103752 RayPairs=1005027037 NewAxiom=75 PrevAxioms=1,2,3,4,5,6,7,9,10,12,14,16,17,18,20,22,24,28,32,36,40,44,48,56,64,72,11,13,15,19,21,23,52,60,68,73,74,42,43,29,31,34,35,76,30,38,41,33,39,61,37,62,70,71,26,27,47,67,53,55,77,57,79,46,69,63,59,45,58,54,78,51,66,65,50,25,49,+75 MissingAxioms=0,8
Step=78 ResultRays=103752 RayPairs=1332341220 NewAxiom=76 PrevAxioms=1,2,3,4,5,6,7,9,10,12,14,16,17,18,20,22,24,28,32,36,40,44,48,56,64,72,11,13,15,19,21,23,52,60,68,73,74,42,43,29,31,34,35,41,30,38,33,39,61,37,62,70,71,26,27,47,67,75,79,53,55,46,69,63,59,57,78,51,77,58,66,45,54,49,65,50,25,+76 MissingAxioms=0,8
Step=78 ResultRays=103752 RayPairs=1005027037 NewAxiom=77 PrevAxioms=1,2,3,4,5,6,7,9,10,12,14,16,17,18,20,22,24,28,32,36,40,44,48,56,64,72,11,13,15,19,21,23,52,60,68,73,74,42,43,29,31,34,35,76,30,38,41,33,39,61,37,62,70,71,26,27,47,67,75,53,55,79,46,69,63,59,57,45,54,58,66,65,50,51,25,78,49,+77 MissingAxioms=0,8
Step=78 ResultRays=103752 RayPairs=1390527648 NewAxiom=78 PrevAxioms=1,2,3,4,5,6,7,9,10,12,14,16,17,18,20,22,24,28,32,36,40,44,48,56,64,72,11,13,15,19,21,23,52,60,68,73,74,42,43,29,31,34,35,76,30,38,41,33,39,61,37,62,70,71,26,27,47,67,75,53,55,79,77,46,57,69,63,59,45,54,58,65,50,51,66,25,49,+78 MissingAxioms=0,8
Step=78 ResultRays=103752 RayPairs=1009766808 NewAxiom=79 PrevAxioms=1,2,3,4,5,6,7,9,10,12,14,16,17,18,20,22,24,28,32,36,40,44,48,56,64,72,11,13,15,19,21,23,52,60,68,73,74,42,43,29,31,34,35,76,30,38,41,33,39,61,37,62,70,71,26,27,47,67,75,53,55,57,69,63,59,77,65,50,51,49,46,78,66,25,58,45,54,+79 MissingAxioms=0,8
Step=78 #############................. Axiom24 Group0 f({0}) + f({3}) >= f({0, 3})
Step=78 #############................. Axiom48 Group0 f({0}) + f({4}) >= f({0, 4})
Step=78 ################.............. Axiom31 Group3 f({0, 1, 2, 3, 4}) >= f({1, 2, 4})
Step=78 ################.............. Axiom55 Group3 f({0, 1, 2, 3, 4}) >= f({1, 2, 3})
Step=78 ################.............. Axiom16 Group0 f({1}) + f({2}) >= f({1, 2})
Step=78 ################.............. Axiom23 Group3 f({0, 1, 2, 3, 4}) >= f({0, 3, 4})
Step=78 ################.............. Axiom7 Group3 f({0, 1, 2, 3, 4}) >= f({2, 3, 4})
Step=78 ################.............. Axiom15 Group3 f({0, 1, 2, 3, 4}) >= f({1, 3, 4})
Step=78 ################.............. Axiom72 Group0 f({3}) + f({4}) >= f({3, 4})
Step=78 #################............. Axiom32 Group0 f({1}) + f({3}) >= f({1, 3})
Step=78 #################............. Axiom40 Group0 f({2}) + f({3}) >= f({2, 3})
Step=78 #################............. Axiom56 Group0 f({1}) + f({4}) >= f({1, 4})
Step=78 #################............. Axiom64 Group0 f({2}) + f({4}) >= f({2, 4})
Step=78 ##################............ Axiom39 Group3 f({0, 1, 2, 3, 4}) >= f({0, 2, 4})
Step=78 ##################............ Axiom47 Group3 f({0, 1, 2, 3, 4}) >= f({0, 1, 4})
Step=78 ##################............ Axiom63 Group3 f({0, 1, 2, 3, 4}) >= f({0, 2, 3})
Step=78 ##################............ Axiom71 Group3 f({0, 1, 2, 3, 4}) >= f({0, 1, 3})
Step=78 ####################.......... Axiom75 Group2 f({0, 1, 3}) + f({0, 1, 4}) >= f({0, 1}) + f({0, 1, 2, 3, 4})
Step=78 ####################.......... Axiom77 Group2 f({0, 2, 3}) + f({0, 2, 4}) >= f({0, 2}) + f({0, 1, 2, 3, 4})
Step=78 ####################.......... Axiom79 Group3 f({0, 1, 2, 3, 4}) >= f({0, 1, 2})
Step=78 #####################......... Axiom35 Group2 f({0, 1, 2}) + f({0, 2, 3}) >= f({0, 2}) + f({0, 1, 2, 3, 4})
Step=78 #####################......... Axiom43 Group2 f({0, 1, 2}) + f({0, 1, 3}) >= f({0, 1}) + f({0, 1, 2, 3, 4})
Step=78 #####################......... Axiom59 Group2 f({0, 1, 2}) + f({0, 2, 4}) >= f({0, 2}) + f({0, 1, 2, 3, 4})
Step=78 #####################......... Axiom67 Group2 f({0, 1, 2}) + f({0, 1, 4}) >= f({0, 1}) + f({0, 1, 2, 3, 4})
Step=78 ######################........ Axiom1 Group1 f({0, 2}) + f({1, 2}) >= f({2}) + f({0, 1, 2})
Step=78 ######################........ Axiom9 Group1 f({0, 1}) + f({1, 2}) >= f({1}) + f({0, 1, 2})
Step=78 ######################........ Axiom2 Group1 f({0, 3}) + f({1, 3}) >= f({3}) + f({0, 1, 3})
Step=78 ######################........ Axiom4 Group1 f({0, 4}) + f({1, 4}) >= f({4}) + f({0, 1, 4})
Step=78 ######################........ Axiom10 Group1 f({0, 3}) + f({2, 3}) >= f({3}) + f({0, 2, 3})
Step=78 ######################........ Axiom12 Group1 f({0, 4}) + f({2, 4}) >= f({4}) + f({0, 2, 4})
Step=78 ##########################.... Axiom74 Group1 f({1, 3}) + f({1, 4}) >= f({1}) + f({1, 3, 4})
Step=78 ##########################.... Axiom76 Group1 f({2, 3}) + f({2, 4}) >= f({2}) + f({2, 3, 4})
Step=78 ##########################.... Axiom6 Group2 f({0, 3, 4}) + f({1, 3, 4}) >= f({0, 1, 2, 3, 4}) + f({3, 4})
Step=78 ##########################.... Axiom14 Group2 f({0, 3, 4}) + f({2, 3, 4}) >= f({0, 1, 2, 3, 4}) + f({3, 4})
Step=78 ##########################.... Axiom3 Group2 f({0, 2, 3}) + f({1, 2, 3}) >= f({2, 3}) + f({0, 1, 2, 3, 4})
Step=78 ##########################.... Axiom5 Group2 f({0, 2, 4}) + f({1, 2, 4}) >= f({0, 1, 2, 3, 4}) + f({2, 4})
Step=78 ##########################.... Axiom11 Group2 f({0, 1, 3}) + f({1, 2, 3}) >= f({1, 3}) + f({0, 1, 2, 3, 4})
Step=78 ##########################.... Axiom13 Group2 f({0, 1, 4}) + f({1, 2, 4}) >= f({0, 1, 2, 3, 4}) + f({1, 4})
Step=78 ##########################.... Axiom19 Group2 f({0, 1, 3}) + f({0, 2, 3}) >= f({0, 3}) + f({0, 1, 2, 3, 4})
Step=78 ##########################.... Axiom21 Group2 f({0, 1, 4}) + f({0, 2, 4}) >= f({0, 1, 2, 3, 4}) + f({0, 4})
Step=78 ##########################.... Axiom27 Group2 f({0, 1, 2}) + f({1, 2, 3}) >= f({1, 2}) + f({0, 1, 2, 3, 4})
Step=78 ##########################.... Axiom51 Group2 f({0, 1, 2}) + f({1, 2, 4}) >= f({1, 2}) + f({0, 1, 2, 3, 4})
Step=78 ##########################.... Axiom37 Group2 f({0, 1, 4}) + f({0, 3, 4}) >= f({0, 1, 2, 3, 4}) + f({0, 4})
Step=78 ##########################.... Axiom45 Group2 f({0, 2, 4}) + f({0, 3, 4}) >= f({0, 1, 2, 3, 4}) + f({0, 4})
Step=78 ##########################.... Axiom61 Group2 f({0, 1, 3}) + f({0, 3, 4}) >= f({0, 3}) + f({0, 1, 2, 3, 4})
Step=78 ##########################.... Axiom69 Group2 f({0, 2, 3}) + f({0, 3, 4}) >= f({0, 3}) + f({0, 1, 2, 3, 4})
Step=78 ###########################... Axiom29 Group2 f({0, 1, 4}) + f({1, 3, 4}) >= f({0, 1, 2, 3, 4}) + f({1, 4})
Step=78 ###########################... Axiom30 Group2 f({0, 2, 4}) + f({2, 3, 4}) >= f({0, 1, 2, 3, 4}) + f({2, 4})
Step=78 ###########################... Axiom53 Group2 f({0, 1, 3}) + f({1, 3, 4}) >= f({1, 3}) + f({0, 1, 2, 3, 4})
Step=78 ###########################... Axiom54 Group2 f({0, 2, 3}) + f({2, 3, 4}) >= f({2, 3}) + f({0, 1, 2, 3, 4})
Step=78 ###########################... Axiom78 Group2 f({1, 2, 3}) + f({1, 2, 4}) >= f({1, 2}) + f({0, 1, 2, 3, 4})
Step=78 ###########################... Axiom36 Group1 f({1, 4}) + f({3, 4}) >= f({4}) + f({1, 3, 4})
Step=78 ###########################... Axiom44 Group1 f({2, 4}) + f({3, 4}) >= f({4}) + f({2, 3, 4})
Step=78 ###########################... Axiom60 Group1 f({1, 3}) + f({3, 4}) >= f({3}) + f({1, 3, 4})
Step=78 ###########################... Axiom68 Group1 f({2, 3}) + f({3, 4}) >= f({3}) + f({2, 3, 4})
Step=78 ############################.. Axiom73 Group1 f({0, 3}) + f({0, 4}) >= f({0}) + f({0, 3, 4})
Step=78 ############################.. Axiom38 Group2 f({1, 2, 4}) + f({2, 3, 4}) >= f({0, 1, 2, 3, 4}) + f({2, 4})
Step=78 ############################.. Axiom46 Group2 f({1, 2, 4}) + f({1, 3, 4}) >= f({0, 1, 2, 3, 4}) + f({1, 4})
Step=78 ############################.. Axiom62 Group2 f({1, 2, 3}) + f({2, 3, 4}) >= f({2, 3}) + f({0, 1, 2, 3, 4})
Step=78 ############################.. Axiom70 Group2 f({1, 2, 3}) + f({1, 3, 4}) >= f({1, 3}) + f({0, 1, 2, 3, 4})
Step=78 ############################.. Axiom33 Group1 f({0, 1}) + f({0, 3}) >= f({0}) + f({0, 1, 3})
Step=78 ############################.. Axiom41 Group1 f({0, 2}) + f({0, 3}) >= f({0}) + f({0, 2, 3})
Step=78 ############################.. Axiom57 Group1 f({0, 1}) + f({0, 4}) >= f({0}) + f({0, 1, 4})
Step=78 ############################.. Axiom65 Group1 f({0, 2}) + f({0, 4}) >= f({0}) + f({0, 2, 4})
Step=78 #############################. Axiom34 Group1 f({1, 2}) + f({2, 3}) >= f({2}) + f({1, 2, 3})
Step=78 #############################. Axiom42 Group1 f({1, 2}) + f({1, 3}) >= f({1}) + f({1, 2, 3})
Step=78 #############################. Axiom58 Group1 f({1, 2}) + f({2, 4}) >= f({2}) + f({1, 2, 4})
Step=78 #############################. Axiom66 Group1 f({1, 2}) + f({1, 4}) >= f({1}) + f({1, 2, 4})
Step=78 #############################. Axiom22 Group2 f({1, 3, 4}) + f({2, 3, 4}) >= f({0, 1, 2, 3, 4}) + f({3, 4})
Step=78 #############################. Axiom18 Group1 f({1, 3}) + f({2, 3}) >= f({3}) + f({1, 2, 3})
Step=78 #############################. Axiom20 Group1 f({1, 4}) + f({2, 4}) >= f({4}) + f({1, 2, 4})
Step=78 #############################. Axiom17 Group1 f({0, 1}) + f({0, 2}) >= f({0}) + f({0, 1, 2})
Step=78 ############################## Axiom25 Group1 f({0, 1}) + f({1, 3}) >= f({1}) + f({0, 1, 3})
Step=78 ############################## Axiom26 Group1 f({0, 2}) + f({2, 3}) >= f({2}) + f({0, 2, 3})
Step=78 ############################## Axiom49 Group1 f({0, 1}) + f({1, 4}) >= f({1}) + f({0, 1, 4})
Step=78 ############################## Axiom50 Group1 f({0, 2}) + f({2, 4}) >= f({2}) + f({0, 2, 4})
Step=78 ############################## Axiom28 Group1 f({0, 4}) + f({3, 4}) >= f({4}) + f({0, 3, 4})
Step=78 ############################## Axiom52 Group1 f({0, 3}) + f({3, 4}) >= f({3}) + f({0, 3, 4})

Step=80 ResultRays=117978 RayPairs=1087109287 NewAxiom=0 PrevAxioms=2,3,4,5,6,7,9,10,12,14,16,17,18,20,22,24,25,28,32,36,40,44,48,56,64,72,11,13,15,19,21,23,33,68,76,58,27,66,35,52,53,60,45,47,74,61,73,54,63,30,29,75,57,31,39,59,46,69,71,62,78,42,43,55,49,51,79,77,41,65,50,67,34,37,26,70,38,1,8,+0 MissingAxioms= TotalTime=258.7
Step=80 ResultRays=117978 RayPairs=1087109287 NewAxiom=0 PrevAxioms=1,3,4,5,6,7,9,10,11,12,14,16,17,18,20,22,24,28,32,36,40,44,48,56,64,72,13,15,19,21,23,52,60,68,73,74,42,43,29,31,34,35,41,33,30,38,76,39,69,54,55,71,47,67,77,26,27,66,58,65,51,75,59,79,63,61,62,46,45,57,78,49,25,70,37,53,50,2,8,+0 MissingAxioms= TotalTime=311.1
Step=80 ResultRays=117978 RayPairs=1087109287 NewAxiom=0 PrevAxioms=1,2,4,5,6,7,9,10,11,12,14,16,17,18,20,22,24,28,32,36,40,44,48,56,64,72,13,15,19,21,23,52,60,68,73,74,42,53,43,61,30,34,41,31,76,35,29,26,55,27,33,71,46,69,63,77,47,67,70,65,37,57,75,79,54,38,45,39,59,62,50,51,58,66,78,25,49,3,8,+0 MissingAxioms= TotalTime=350.4
Step=80 ResultRays=117978 RayPairs=1087109287 NewAxiom=0 PrevAxioms=1,2,3,5,6,7,9,10,12,13,14,16,17,18,20,22,24,28,32,36,40,44,48,56,64,72,11,15,19,21,23,52,60,68,73,74,42,43,30,31,34,35,29,76,38,41,39,33,61,37,47,62,70,71,26,27,67,53,55,75,57,79,46,69,77,63,59,45,54,58,66,65,50,78,51,49,25,4,8,+0 MissingAxioms= TotalTime=305.6
Step=80 ResultRays=117978 RayPairs=1087109287 NewAxiom=0 PrevAxioms=1,2,3,4,6,7,9,10,12,13,14,16,17,18,20,22,24,28,32,36,40,44,48,56,64,72,11,15,19,21,23,52,60,68,73,74,29,42,43,37,31,41,76,46,34,35,47,69,45,71,38,77,70,63,67,53,55,54,78,26,62,27,50,51,58,30,79,61,65,39,66,49,59,75,57,25,33,5,8,+0 MissingAxioms= TotalTime=253.6
Step=80 ResultRays=117978 RayPairs=1087109287 NewAxiom=0 PrevAxioms=1,2,3,4,5,7,9,10,12,14,15,16,17,18,20,22,24,28,32,36,40,44,48,56,64,72,11,13,19,21,23,52,60,68,73,74,42,43,30,31,34,35,76,29,38,41,33,39,69,37,70,62,63,27,75,54,55,51,66,46,47,79,77,59,67,71,53,25,58,45,61,65,57,50,78,26,49,6,8,+0 MissingAxioms= TotalTime=383.5
Step=80 ResultRays=117978 RayPairs=1087109287 NewAxiom=0 PrevAxioms=1,2,3,4,5,6,9,10,12,14,15,16,17,18,20,22,24,28,32,36,40,44,48,56,64,72,11,13,19,21,23,52,60,68,73,74,42,29,43,31,34,35,30,76,38,41,33,39,61,37,47,59,63,69,71,67,75,54,53,79,77,27,70,55,62,46,57,45,58,78,51,26,66,65,49,50,25,7,8,+0 MissingAxioms= TotalTime=353.3
Step=80 ResultRays=117978 RayPairs=1087109287 NewAxiom=0 PrevAxioms=1,2,3,4,5,6,7,10,12,14,16,17,18,20,22,24,26,28,32,36,40,44,48,56,64,72,11,13,15,19,21,23,41,60,74,66,27,58,43,52,54,68,37,39,76,69,73,53,71,29,30,77,65,31,47,67,38,61,63,70,78,34,35,55,50,51,79,75,33,57,49,59,42,45,25,62,46,9,8,+0 MissingAxioms= TotalTime=243.1
Step=80 ResultRays=117978 RayPairs=1087109287 NewAxiom=0 PrevAxioms=1,2,3,4,5,6,7,9,11,12,14,16,17,18,20,22,24,28,32,36,40,44,48,56,64,72,13,15,19,21,23,52,60,68,73,74,42,43,29,31,34,35,76,30,33,46,41,47,61,53,55,63,39,59,75,25,27,58,66,57,51,77,67,79,71,69,70,38,37,65,78,50,26,62,45,54,49,10,8,+0 MissingAxioms= TotalTime=287.5
Step=80 ResultRays=117978 RayPairs=1087109287 NewAxiom=0 PrevAxioms=1,2,3,4,5,6,7,9,10,12,14,16,17,18,20,22,24,28,32,36,40,44,48,56,64,72,13,15,19,21,23,52,60,68,73,74,42,54,69,34,35,29,33,31,76,43,30,25,55,27,41,63,38,61,71,75,39,59,62,57,45,65,77,79,53,46,37,47,67,70,49,51,66,58,78,26,50,11,8,+0 MissingAxioms= TotalTime=336.4
Step=80 ResultRays=117978 RayPairs=1087109287 NewAxiom=0 PrevAxioms=1,2,3,4,5,6,7,9,10,13,14,16,17,18,20,22,24,28,32,36,40,44,48,56,64,72,11,15,19,21,23,52,60,68,73,74,42,43,29,31,34,35,30,76,38,39,41,33,61,37,53,55,47,62,71,67,75,27,79,70,69,65,77,46,66,59,63,57,58,54,45,50,51,49,78,26,25,12,8,+0 MissingAxioms= TotalTime=378.2
Step=80 ResultRays=117978 RayPairs=1087109287 NewAxiom=0 PrevAxioms=1,2,3,4,5,6,7,9,10,12,14,16,17,18,20,22,24,28,32,36,40,44,48,56,64,72,11,15,19,21,23,52,60,68,73,74,30,42,43,37,39,41,76,45,38,31,46,53,55,34,35,54,33,71,77,70,26,27,61,62,50,78,66,69,51,63,58,65,57,75,79,47,29,67,59,49,25,13,8,+0 MissingAxioms= TotalTime=226.1
Step=80 ResultRays=117978 RayPairs=1087109287 NewAxiom=0 PrevAxioms=1,2,3,4,5,6,7,9,10,12,15,16,17,18,20,22,24,28,32,36,40,44,48,56,64,72,11,13,19,21,23,52,60,68,73,74,42,43,29,31,34,35,76,30,38,41,33,39,61,37,62,70,71,26,27,75,53,55,51,66,78,49,79,77,47,67,57,45,65,59,63,69,46,54,58,25,50,14,8,+0 MissingAxioms= TotalTime=262.7
Step=80 ResultRays=117978 RayPairs=1087109287 NewAxiom=0 PrevAxioms=1,2,3,4,5,6,7,9,10,12,14,16,17,18,20,22,24,28,32,36,40,44,48,56,64,72,11,13,19,21,23,52,60,68,73,74,42,30,43,31,34,35,29,76,38,41,39,33,61,37,62,70,26,54,55,77,27,63,69,65,45,47,59,79,75,78,51,58,67,57,71,53,66,49,46,25,50,15,8,+0 MissingAxioms= TotalTime=280.6
Step=80 ResultRays=117978 RayPairs=1087109287 NewAxiom=0 PrevAxioms=1,2,3,4,5,6,7,9,10,12,14,17,18,20,22,24,25,28,32,36,40,44,48,56,64,72,11,13,15,19,21,23,33,68,76,27,60,29,74,26,35,30,45,47,34,62,70,42,43,46,71,77,61,37,39,67,78,58,52,73,53,55,54,50,66,69,31,51,59,75,79,38,63,65,49,41,57,16,8,+0 MissingAxioms= TotalTime=217.0
Step=80 ResultRays=117978 RayPairs=1087109287 NewAxiom=0 PrevAxioms=1,2,3,4,5,6,7,9,10,12,14,16,18,20,22,24,25,28,32,36,40,44,48,56,64,72,11,13,15,19,21,23,33,68,76,58,27,66,59,52,53,74,54,42,43,26,34,35,69,71,60,45,61,63,39,73,62,47,67,30,77,50,29,55,65,79,75,31,51,78,49,46,57,41,37,38,70,17,8,+0 MissingAxioms= TotalTime=277.1
Step=80 ResultRays=117978 RayPairs=1087109287 NewAxiom=0 PrevAxioms=1,2,3,4,5,6,7,9,10,12,14,16,17,19,20,22,24,28,32,36,40,44,48,56,64,72,11,13,15,21,23,52,60,68,73,74,66,67,53,55,58,59,76,54,61,63,65,57,62,37,29,31,69,71,38,47,50,77,51,43,75,79,46,41,42,70,26,45,39,35,78,27,49,34,33,30,25,18,8,+0 MissingAxioms= TotalTime=310.2
Step=80 ResultRays=117978 RayPairs=1087109287 NewAxiom=0 PrevAxioms=1,2,3,4,5,6,7,9,10,12,14,16,17,18,20,22,24,28,32,36,40,44,48,56,64,72,11,13,15,21,23,34,42,52,73,35,68,37,76,29,43,39,30,33,41,60,74,38,61,53,55,70,71,26,27,62,75,66,57,46,31,47,67,79,77,65,59,63,58,45,69,54,50,51,25,78,49,19,8,+0 MissingAxioms= TotalTime=307.6
Step=80 ResultRays=117978 RayPairs=1087109287 NewAxiom=0 PrevAxioms=1,2,3,4,5,6,7,9,10,12,14,16,17,18,21,22,24,28,32,36,40,44,48,56,64,72,11,13,15,19,23,52,60,68,73,74,42,43,29,31,34,35,76,30,37,39,41,33,38,45,47,61,62,71,26,77,27,69,54,55,63,67,79,59,58,75,70,78,51,53,66,57,46,65,49,50,25,20,8,+0 MissingAxioms= TotalTime=317.6
Step=80 ResultRays=117978 RayPairs=1087109287 NewAxiom=0 PrevAxioms=1,2,3,4,5,6,7,9,10,12,14,16,17,18,20,22,24,28,32,36,40,44,48,56,64,72,11,13,15,19,23,52,58,66,73,60,76,67,59,53,68,55,57,54,74,70,65,71,45,69,63,43,47,37,39,35,77,29,30,79,75,31,46,51,38,62,41,61,42,34,33,78,27,49,26,50,25,21,8,+0 MissingAxioms= TotalTime=374.9
Step=80 ResultRays=117978 RayPairs=1087109287 NewAxiom=0 PrevAxioms=1,2,3,4,5,6,7,9,10,12,14,16,17,18,20,23,24,28,32,36,40,44,48,56,64,72,11,13,15,19,21,52,60,68,73,74,42,43,29,31,34,35,76,30,33,45,47,41,46,69,71,27,61,63,77,53,54,67,65,37,75,79,59,78,39,38,66,55,70,62,51,25,58,50,57,26,49,22,8,+0 MissingAxioms= TotalTime=313.7
Step=80 ResultRays=117978 RayPairs=1087109287 NewAxiom=0 PrevAxioms=1,2,3,4,5,6,7,9,10,12,14,16,17,18,20,22,24,28,32,36,40,44,48,56,64,72,11,13,15,19,21,52,60,68,73,74,42,38,43,39,41,76,30,31,34,35,33,61,37,70,71,45,47,26,27,53,55,29,62,67,75,79,77,46,54,63,59,78,51,69,58,57,66,65,49,25,50,23,8,+0 MissingAxioms= TotalTime=284.0
Step=80 ResultRays=117978 RayPairs=1087109287 NewAxiom=0 PrevAxioms=1,2,3,4,5,6,7,9,10,12,14,16,17,18,20,22,25,28,32,36,40,44,48,56,64,72,11,13,15,19,21,23,60,68,74,27,76,34,26,29,35,30,45,47,42,43,33,46,41,69,37,39,71,61,63,59,75,58,66,31,65,50,51,67,79,77,54,70,55,62,78,53,38,57,73,49,52,24,8,+0 MissingAxioms= TotalTime=189.3
Step=80 ResultRays=117978 RayPairs=1087109287 NewAxiom=0 PrevAxioms=1,2,3,4,5,6,7,9,10,12,14,16,17,18,20,22,24,28,32,36,40,44,48,56,64,72,11,13,15,19,21,23,52,60,68,73,74,42,43,29,31,34,35,76,30,38,41,33,39,61,37,62,70,71,26,27,47,67,75,53,55,79,77,46,57,69,63,59,45,54,78,51,58,66,65,49,50,25,8,+0 MissingAxioms= TotalTime=324.4
Step=80 ResultRays=117978 RayPairs=1087109287 NewAxiom=0 PrevAxioms=1,2,3,4,5,6,7,9,10,12,14,16,17,18,20,22,24,28,32,36,40,44,48,56,64,72,11,13,15,19,21,23,52,60,68,73,74,42,43,29,31,34,35,76,30,38,41,33,39,61,37,62,70,71,27,47,67,75,79,53,55,69,77,46,57,63,59,65,66,45,54,58,78,51,25,50,49,26,8,+0 MissingAxioms= TotalTime=380.5
Step=80 ResultRays=117978 RayPairs=1087109287 NewAxiom=0 PrevAxioms=1,2,3,4,5,6,7,9,10,12,14,16,17,18,20,22,24,28,32,36,40,44,48,56,64,72,11,13,15,19,21,23,52,60,68,73,74,42,43,29,31,34,35,76,30,38,41,33,39,61,37,62,70,71,26,47,67,75,57,49,79,51,77,63,59,69,55,78,46,54,45,58,53,50,65,66,25,27,8,+0 MissingAxioms= TotalTime=335.2
Step=80 ResultRays=117978 RayPairs=1087109287 NewAxiom=0 PrevAxioms=1,2,3,4,5,6,7,9,10,12,14,16,17,18,20,22,24,29,32,36,40,44,48,56,64,72,11,13,15,19,21,23,60,68,74,76,34,30,35,46,31,33,42,43,47,41,45,25,27,69,70,62,63,39,59,75,37,78,66,61,71,65,50,51,79,55,73,67,77,38,53,52,49,57,54,58,26,28,8,+0 MissingAxioms= TotalTime=384.7
Step=80 ResultRays=117978 RayPairs=1087109287 NewAxiom=0 PrevAxioms=1,2,3,4,5,6,7,9,10,12,14,16,17,18,20,22,24,28,32,36,40,44,48,56,64,72,11,13,15,19,21,23,52,60,68,73,74,42,43,30,31,34,35,76,38,41,39,33,61,37,62,70,71,26,27,55,51,46,66,47,67,69,75,79,78,77,25,63,59,53,58,45,65,54,57,50,49,29,8,+0 MissingAxioms= TotalTime=299.7
Step=80 ResultRays=117978 RayPairs=1087109287 NewAxiom=0 PrevAxioms=1,2,3,4,5,6,7,9,10,12,14,16,17,18,20,22,24,28,32,36,40,44,48,56,64,72,11,13,15,19,21,23,52,60,68,73,74,42,43,29,31,34,35,76,38,41,33,37,69,54,55,71,53,26,27,75,62,63,51,66,61,57,49,39,59,46,47,79,67,45,77,78,58,65,70,50,25,30,8,+0 MissingAxioms= TotalTime=292.7
Step=80 ResultRays=117978 RayPairs=1087109287 NewAxiom=0 PrevAxioms=1,2,3,4,5,6,7,9,10,12,14,16,17,18,20,22,24,28,32,36,40,44,48,56,64,72,11,13,15,19,21,23,52,60,68,73,74,42,43,29,30,34,35,76,38,41,33,39,61,37,62,70,71,26,27,53,55,75,57,69,66,46,47,67,79,77,63,58,59,65,50,45,54,78,51,49,25,31,8,+0 MissingAxioms= TotalTime=272.1
Step=80 ResultRays=117978 RayPairs=1087109287 NewAxiom=0 PrevAxioms=1,2,3,4,5,6,7,9,10,12,14,16,17,18,20,22,24,28,33,36,40,44,48,56,64,72,11,13,15,19,21,23,52,68,73,35,58,76,59,66,53,67,54,42,55,69,34,74,25,71,60,63,39,45,62,57,30,31,75,65,77,43,27,79,47,70,51,78,50,37,38,46,41,61,29,49,26,32,8,+0 MissingAxioms= TotalTime=293.1
Step=80 ResultRays=117978 RayPairs=1087109287 NewAxiom=0 PrevAxioms=1,2,3,4,5,6,7,9,10,12,14,16,17,18,20,22,24,28,32,36,40,44,48,56,64,72,11,13,15,19,21,23,52,60,68,73,74,42,43,29,31,34,35,76,30,38,41,39,61,63,26,69,71,54,53,77,59,27,79,45,62,55,65,57,67,46,47,75,50,70,66,51,37,49,78,25,58,33,8,+0 MissingAxioms= TotalTime=297.2
Step=80 ResultRays=117978 RayPairs=1087109287 NewAxiom=0 PrevAxioms=1,2,3,4,5,6,7,9,10,12,14,16,17,18,20,22,24,28,32,36,40,44,48,56,64,72,11,13,15,19,21,23,52,60,68,73,74,42,43,29,31,41,76,38,37,69,35,54,55,70,63,26,53,75,27,51,49,61,71,66,46,47,79,67,62,65,45,77,57,59,39,78,58,30,25,33,50,34,8,+0 MissingAxioms= TotalTime=379.1
Step=80 ResultRays=117978 RayPairs=1087109287 NewAxiom=0 PrevAxioms=1,2,3,4,5,6,7,9,10,12,14,16,17,18,20,22,24,28,32,36,40,44,48,56,64,72,11,13,15,19,21,23,52,60,68,73,74,42,43,29,31,34,33,30,76,46,41,47,69,45,70,62,63,25,77,27,39,54,55,66,78,61,58,59,65,71,67,79,75,51,50,57,49,37,53,38,26,35,8,+0 MissingAxioms= TotalTime=338.3
Step=80 ResultRays=117978 RayPairs=1087109287 NewAxiom=0 PrevAxioms=1,2,3,4,5,6,7,9,10,12,14,16,17,18,20,22,24,28,32,37,40,44,48,56,64,72,11,13,15,19,21,23,52,68,73,34,76,35,38,42,30,39,43,31,33,41,45,47,29,69,26,27,54,55,70,75,77,58,66,65,79,59,63,62,60,78,53,74,67,71,61,51,57,49,46,25,50,36,8,+0 MissingAxioms= TotalTime=303.9
Step=80 ResultRays=117978 RayPairs=1087109287 NewAxiom=0 PrevAxioms=1,2,3,4,5,6,7,9,10,12,14,16,17,18,20,22,24,28,32,36,40,44,48,56,64,72,11,13,15,19,21,23,52,60,68,73,74,42,43,29,31,34,35,76,30,38,41,33,39,61,45,62,70,71,26,27,77,53,55,65,46,58,47,67,79,75,50,69,63,59,66,57,78,51,25,54,49,37,8,+0 MissingAxioms= TotalTime=319.8
Step=80 ResultRays=117978 RayPairs=1087109287 NewAxiom=0 PrevAxioms=1,2,3,4,5,6,7,9,10,12,14,16,17,18,20,22,24,28,32,36,40,44,48,56,64,72,11,13,15,19,21,23,52,60,68,73,74,42,43,29,31,34,35,76,30,46,33,41,47,69,45,70,62,63,25,27,39,59,77,54,55,79,75,65,61,71,67,78,51,50,66,53,37,49,57,58,26,38,8,+0 MissingAxioms= TotalTime=365.4
Step=80 ResultRays=117978 RayPairs=1087109287 NewAxiom=0 PrevAxioms=1,2,3,4,5,6,7,9,10,12,14,16,17,18,20,22,24,28,32,36,40,44,48,56,64,72,11,13,15,19,21,23,52,60,68,73,74,42,43,29,31,34,35,76,30,38,41,33,37,61,62,70,71,26,27,53,55,75,57,69,66,46,47,67,79,65,59,63,77,58,50,51,78,25,45,54,49,39,8,+0 MissingAxioms= TotalTime=274.0
Step=80 ResultRays=117978 RayPairs=1087109287 NewAxiom=0 PrevAxioms=1,2,3,4,5,6,7,9,10,12,14,16,17,18,20,22,24,28,32,36,41,44,48,56,64,72,11,13,15,19,21,23,52,60,73,43,66,74,58,67,53,59,54,34,55,61,42,76,26,63,68,71,47,37,70,65,29,31,77,57,75,35,27,79,39,62,51,78,49,45,46,38,33,69,30,50,25,40,8,+0 MissingAxioms= TotalTime=315.2
Step=80 ResultRays=117978 RayPairs=1087109287 NewAxiom=0 PrevAxioms=1,2,3,4,5,6,7,9,10,12,14,16,17,18,20,22,24,28,32,36,40,44,48,56,64,72,11,13,15,19,21,23,52,60,68,73,74,42,43,29,31,34,35,76,30,38,33,39,69,54,55,70,62,63,25,27,59,57,51,46,45,75,66,78,79,77,47,71,58,67,65,37,61,53,50,26,49,41,8,+0 MissingAxioms= TotalTime=294.2
Step=80 ResultRays=117978 RayPairs=1087109287 NewAxiom=0 PrevAxioms=1,2,3,4,5,6,7,9,10,12,14,16,17,18,20,22,24,28,32,36,40,44,48,56,64,72,11,13,15,19,21,23,52,60,68,73,74,66,67,53,55,58,59,76,54,62,65,57,63,37,61,38,46,47,50,51,71,43,75,29,31,79,77,70,33,45,39,35,69,30,78,27,34,25,26,41,49,42,8,+0 MissingAxioms= TotalTime=336.4
Step=80 ResultRays=117978 RayPairs=1087109287 NewAxiom=0 PrevAxioms=1,2,3,4,5,6,7,9,10,12,14,16,17,18,20,22,24,28,32,36,40,44,48,56,64,72,11,13,15,19,21,23,52,60,68,73,74,42,29,34,35,31,41,30,76,38,33,39,61,37,62,70,71,26,75,27,47,53,55,58,78,69,66,67,57,63,59,79,77,51,49,65,50,45,54,46,25,43,8,+0 MissingAxioms= TotalTime=336.4
Step=80 ResultRays=117978 RayPairs=1087109287 NewAxiom=0 PrevAxioms=1,2,3,4,5,6,7,9,10,12,14,16,17,18,20,22,24,28,32,36,40,45,48,56,64,72,11,13,15,19,21,23,52,60,73,42,74,34,43,46,29,35,47,31,41,33,37,39,30,61,25,27,53,55,62,77,75,66,58,57,79,67,71,70,68,78,54,76,59,63,69,51,65,50,38,26,49,44,8,+0 MissingAxioms= TotalTime=324.5
Step=80 ResultRays=117978 RayPairs=1087109287 NewAxiom=0 PrevAxioms=1,2,3,4,5,6,7,9,10,12,14,16,17,18,20,22,24,28,32,36,40,44,48,56,64,72,11,13,15,19,21,23,52,60,68,73,74,42,43,29,31,34,35,76,30,38,41,33,39,61,37,62,70,71,26,27,47,67,75,53,55,79,77,46,57,69,63,59,78,51,49,54,58,50,65,66,25,45,8,+0 MissingAxioms= TotalTime=362.9
Step=80 ResultRays=117978 RayPairs=1087109287 NewAxiom=0 PrevAxioms=1,2,3,4,5,6,7,9,10,12,14,16,17,18,20,22,24,28,32,36,40,44,48,56,64,72,11,13,15,19,21,23,52,60,68,73,74,42,43,29,31,34,35,76,30,38,41,33,39,61,37,62,70,71,26,27,47,67,75,53,55,79,77,57,69,63,59,78,51,49,58,54,45,50,65,66,25,46,8,+0 MissingAxioms= TotalTime=365.7
Step=80 ResultRays=117978 RayPairs=1087109287 NewAxiom=0 PrevAxioms=1,2,3,4,5,6,7,9,10,12,14,16,17,18,20,22,24,28,32,36,40,44,48,56,64,72,11,13,15,19,21,23,52,60,68,73,74,42,43,29,31,34,35,76,30,38,41,33,39,61,37,62,70,71,26,27,53,55,75,57,69,66,46,67,79,77,45,65,63,59,54,58,78,51,49,25,50,47,8,+0 MissingAxioms= TotalTime=262.4
Step=80 ResultRays=117978 RayPairs=1087109287 NewAxiom=0 PrevAxioms=1,2,3,4,5,6,7,9,10,12,14,16,17,18,20,22,24,28,32,36,40,44,49,56,64,72,11,13,15,19,21,23,60,68,73,51,74,42,50,38,76,69,71,34,35,46,70,45,67,63,66,58,30,31,59,39,77,61,65,41,54,26,37,43,79,62,55,27,29,47,75,52,78,25,33,53,57,48,8,+0 MissingAxioms= TotalTime=207.9
Step=80 ResultRays=117978 RayPairs=1087109287 NewAxiom=0 PrevAxioms=1,2,3,4,5,6,7,9,10,12,14,16,17,18,20,22,24,28,32,36,40,44,48,56,64,72,11,13,15,19,21,23,52,60,68,73,74,42,43,29,31,34,35,76,30,38,41,33,39,61,37,62,70,71,26,27,47,67,75,53,55,79,77,46,57,69,63,59,45,54,78,51,58,66,65,25,50,49,8,+0 MissingAxioms= TotalTime=337.5
Step=80 ResultRays=117978 RayPairs=1087109287 NewAxiom=0 PrevAxioms=1,2,3,4,5,6,7,9,10,12,14,16,17,18,20,22,24,28,32,36,40,44,48,56,64,72,11,13,15,19,21,23,52,60,68,73,74,42,43,29,31,34,35,76,30,38,41,33,39,61,37,62,70,71,26,27,47,67,75,53,55,79,77,46,57,69,63,59,45,54,78,51,58,66,65,49,25,50,8,+0 MissingAxioms= TotalTime=322.7
Step=80 ResultRays=117978 RayPairs=1087109287 NewAxiom=0 PrevAxioms=1,2,3,4,5,6,7,9,10,12,14,16,17,18,20,22,24,28,32,36,40,44,48,56,64,72,11,13,15,19,21,23,52,60,68,73,74,42,43,29,31,34,35,76,30,38,41,33,39,61,37,62,70,71,26,27,47,67,75,53,55,79,77,46,57,69,63,59,45,54,78,58,66,65,50,49,25,51,8,+0 MissingAxioms= TotalTime=310.8
Step=80 ResultRays=117978 RayPairs=1087109287 NewAxiom=0 PrevAxioms=1,2,3,4,5,6,7,9,10,12,14,16,17,18,20,22,24,28,32,36,40,44,48,56,64,72,11,13,15,19,21,23,60,68,73,74,42,43,29,31,34,35,76,30,38,41,33,39,61,37,62,70,71,26,27,47,67,75,79,69,63,59,45,46,53,55,77,54,78,58,57,51,66,65,49,25,50,52,8,+0 MissingAxioms= TotalTime=335.7
Step=80 ResultRays=117978 RayPairs=1087109287 NewAxiom=0 PrevAxioms=1,2,3,4,5,6,7,9,10,12,14,16,17,18,20,22,24,28,32,36,40,44,48,56,64,72,11,13,15,19,21,23,52,60,68,73,74,42,43,29,31,34,35,76,30,38,41,33,39,61,37,62,70,71,26,27,47,67,75,79,77,57,49,51,55,78,69,63,59,58,54,45,46,50,65,66,25,53,8,+0 MissingAxioms= TotalTime=356.4
Step=80 ResultRays=117978 RayPairs=1087109287 NewAxiom=0 PrevAxioms=1,2,3,4,5,6,7,9,10,12,14,16,17,18,20,22,24,28,32,36,40,44,48,56,64,72,11,13,15,19,21,23,52,60,68,73,74,42,43,29,31,34,35,76,30,38,41,33,39,61,37,62,70,71,26,27,47,67,75,53,55,79,77,46,57,69,63,59,45,78,51,58,66,65,50,25,49,54,8,+0 MissingAxioms= TotalTime=320.1
Step=80 ResultRays=117978 RayPairs=1087109287 NewAxiom=0 PrevAxioms=1,2,3,4,5,6,7,9,10,12,14,16,17,18,20,22,24,28,32,36,40,44,48,56,64,72,11,13,15,19,21,23,52,60,68,73,74,42,43,29,31,34,35,76,30,38,41,33,39,61,37,62,70,71,26,27,47,67,75,53,79,77,46,57,69,63,54,45,59,78,58,66,65,50,51,25,49,55,8,+0 MissingAxioms= TotalTime=248.7
Step=80 ResultRays=117978 RayPairs=1087109287 NewAxiom=0 PrevAxioms=1,2,3,4,5,6,7,9,10,12,14,16,17,18,20,22,24,28,32,36,40,44,48,57,64,72,11,13,15,19,21,23,52,68,73,34,59,76,35,37,42,29,43,30,39,74,69,71,45,47,67,38,54,53,41,77,26,27,55,66,65,50,63,79,62,31,75,46,33,60,70,58,78,51,61,25,49,56,8,+0 MissingAxioms= TotalTime=234.3
Step=80 ResultRays=117978 RayPairs=1087109287 NewAxiom=0 PrevAxioms=1,2,3,4,5,6,7,9,10,12,14,16,17,18,20,22,24,28,32,36,40,44,48,56,64,72,11,13,15,19,21,23,52,60,68,73,74,42,43,29,31,34,35,76,30,38,41,33,39,61,37,62,70,71,26,27,47,67,75,53,55,79,77,46,65,50,66,63,59,78,69,51,25,58,45,54,49,57,8,+0 MissingAxioms= TotalTime=318.8
Step=80 ResultRays=117978 RayPairs=1087109287 NewAxiom=0 PrevAxioms=1,2,3,4,5,6,7,9,10,12,14,16,17,18,20,22,24,28,32,36,40,44,48,56,64,72,11,13,15,19,21,23,52,60,68,73,74,42,43,29,31,34,35,76,30,38,41,33,39,61,37,62,70,71,26,27,47,67,75,53,55,79,77,46,57,69,63,59,45,54,78,51,49,50,66,65,25,58,8,+0 MissingAxioms= TotalTime=325.2
Step=80 ResultRays=117978 RayPairs=1087109287 NewAxiom=0 PrevAxioms=1,2,3,4,5,6,7,9,10,12,14,16,17,18,20,22,24,28,32,36,40,44,48,56,64,72,11,13,15,19,21,23,52,60,68,73,74,42,43,29,31,34,35,76,30,38,41,33,39,61,37,62,70,71,26,27,47,67,75,53,55,79,77,46,57,69,63,45,54,58,78,51,66,65,49,25,50,59,8,+0 MissingAxioms= TotalTime=320.2
Step=80 ResultRays=117978 RayPairs=1087109287 NewAxiom=0 PrevAxioms=1,2,3,4,5,6,7,9,10,12,14,16,17,18,20,22,24,28,32,36,40,44,48,56,64,72,11,13,15,19,21,23,52,68,73,34,76,35,37,42,29,39,43,30,33,41,25,27,69,54,55,70,74,63,53,75,49,59,57,62,66,46,47,61,71,67,79,77,58,31,51,38,65,45,50,78,26,60,8,+0 MissingAxioms= TotalTime=314.6
Step=80 ResultRays=117978 RayPairs=1087109287 NewAxiom=0 PrevAxioms=1,2,3,4,5,6,7,9,10,12,14,16,17,18,20,22,24,28,32,36,40,44,48,56,64,72,11,13,15,19,21,23,52,60,68,73,74,42,43,29,31,34,35,76,30,38,41,33,39,37,70,62,63,69,27,54,55,51,75,66,46,47,79,77,59,53,25,71,67,78,45,65,58,57,50,26,49,61,8,+0 MissingAxioms= TotalTime=328.4
Step=80 ResultRays=117978 RayPairs=1087109287 NewAxiom=0 PrevAxioms=1,2,3,4,5,6,7,9,10,12,14,16,17,18,20,22,24,28,32,36,40,44,48,56,64,72,11,13,15,19,21,23,52,60,68,73,74,42,43,29,31,34,35,76,30,38,41,33,39,61,37,47,59,63,69,71,67,75,54,53,79,77,27,70,55,57,46,78,51,45,65,66,49,58,26,25,50,62,8,+0 MissingAxioms= TotalTime=356.0
Step=80 ResultRays=117978 RayPairs=1087109287 NewAxiom=0 PrevAxioms=1,2,3,4,5,6,7,9,10,12,14,16,17,18,20,22,24,28,32,36,40,44,48,56,64,72,11,13,15,19,21,23,52,60,68,73,74,42,43,29,31,34,35,76,30,38,41,33,39,61,37,62,70,71,26,27,47,67,75,53,55,79,77,46,57,69,45,78,51,54,58,59,66,65,49,50,25,63,8,+0 MissingAxioms= TotalTime=280.8
Step=80 ResultRays=117978 RayPairs=1087109287 NewAxiom=0 PrevAxioms=1,2,3,4,5,6,7,9,10,12,14,16,17,18,20,22,24,28,32,36,40,44,48,56,65,72,11,13,15,19,21,23,52,60,73,42,67,74,34,43,45,30,35,29,47,76,61,63,37,39,59,46,53,54,33,75,25,27,55,58,57,49,71,79,70,31,77,38,41,68,62,66,78,51,69,26,50,64,8,+0 MissingAxioms= TotalTime=235.4
Step=80 ResultRays=117978 RayPairs=1087109287 NewAxiom=0 PrevAxioms=1,2,3,4,5,6,7,9,10,12,14,16,17,18,20,22,24,28,32,36,40,44,48,56,64,72,11,13,15,19,21,23,52,60,68,73,74,42,43,29,31,34,35,76,30,38,41,33,39,61,37,62,70,71,26,27,47,67,75,53,55,79,77,46,57,69,63,59,45,54,78,51,58,66,49,50,25,65,8,+0 MissingAxioms= TotalTime=318.4
Step=80 ResultRays=117978 RayPairs=1087109287 NewAxiom=0 PrevAxioms=1,2,3,4,5,6,7,9,10,12,14,16,17,18,20,22,24,28,32,36,40,44,48,56,64,72,11,13,15,19,21,23,52,60,68,73,74,42,43,29,31,34,35,76,30,38,41,33,39,61,37,62,70,71,26,27,47,67,75,53,55,79,77,46,57,69,63,59,45,54,78,51,58,49,50,65,25,66,8,+0 MissingAxioms= TotalTime=328.0
Step=80 ResultRays=117978 RayPairs=1087109287 NewAxiom=0 PrevAxioms=1,2,3,4,5,6,7,9,10,12,14,16,17,18,20,22,24,28,32,36,40,44,48,56,64,72,11,13,15,19,21,23,52,60,68,73,74,42,43,29,31,34,35,76,30,38,41,33,39,61,37,62,70,71,26,27,47,75,53,55,57,69,66,63,59,79,77,46,65,45,58,54,50,51,25,78,49,67,8,+0 MissingAxioms= TotalTime=296.8
Step=80 ResultRays=117978 RayPairs=1087109287 NewAxiom=0 PrevAxioms=1,2,3,4,5,6,7,9,10,12,14,16,17,18,20,22,24,28,32,36,40,44,48,56,64,72,11,13,15,19,21,23,52,60,73,42,74,34,43,45,30,35,47,29,41,33,26,27,61,53,55,62,76,71,54,77,50,67,65,70,58,38,39,69,63,59,79,75,66,31,51,46,57,37,49,78,25,68,8,+0 MissingAxioms= TotalTime=313.5
Step=80 ResultRays=117978 RayPairs=1087109287 NewAxiom=0 PrevAxioms=1,2,3,4,5,6,7,9,10,12,14,16,17,18,20,22,24,28,32,36,40,44,48,56,64,72,11,13,15,19,21,23,52,60,68,73,74,42,43,29,31,34,35,76,30,38,41,33,39,61,37,62,70,71,26,27,47,67,75,53,55,79,77,46,57,63,54,45,59,65,50,58,51,66,25,78,49,69,8,+0 MissingAxioms= TotalTime=320.2
Step=80 ResultRays=117978 RayPairs=1087109287 NewAxiom=0 PrevAxioms=1,2,3,4,5,6,7,9,10,12,14,16,17,18,20,22,24,28,32,36,40,44,48,56,64,72,11,13,15,19,21,23,52,60,68,73,74,42,43,29,31,34,35,76,30,38,41,33,39,61,37,62,26,71,27,47,67,53,55,75,79,46,77,57,69,63,59,45,54,58,78,51,66,25,49,50,65,70,8,+0 MissingAxioms= TotalTime=348.7
Step=80 ResultRays=117978 RayPairs=1087109287 NewAxiom=0 PrevAxioms=1,2,3,4,5,6,7,9,10,12,14,16,17,18,20,22,24,28,32,36,40,44,48,56,64,72,11,13,15,19,21,23,52,60,68,73,74,42,43,29,31,34,35,76,30,38,41,33,39,61,37,62,70,26,27,54,55,63,69,75,57,59,77,65,79,45,47,67,46,50,53,58,51,66,25,78,49,71,8,+0 MissingAxioms= TotalTime=258.2
Step=80 ResultRays=117978 RayPairs=1087109287 NewAxiom=0 PrevAxioms=1,2,3,4,5,6,7,9,10,12,14,16,17,18,20,22,24,28,32,36,40,44,48,56,64,73,11,13,15,19,21,23,52,60,68,34,35,76,29,31,42,43,33,30,41,38,39,61,37,62,26,70,71,27,47,67,75,57,49,79,51,77,55,78,69,63,59,45,54,58,46,74,53,50,65,66,25,72,8,+0 MissingAxioms= TotalTime=325.0
Step=80 ResultRays=117978 RayPairs=1087109287 NewAxiom=0 PrevAxioms=1,2,3,4,5,6,7,9,10,12,14,16,17,18,20,22,24,28,32,36,40,44,48,56,64,72,11,13,15,19,21,23,52,60,68,74,76,34,35,29,31,42,43,30,33,46,41,47,69,45,70,62,63,25,27,39,59,54,55,77,79,75,38,57,49,58,51,26,71,67,78,61,37,66,65,53,50,73,8,+0 MissingAxioms= TotalTime=364.3
Step=80 ResultRays=117978 RayPairs=1087109287 NewAxiom=0 PrevAxioms=1,2,3,4,5,6,7,9,10,12,14,16,17,18,20,22,24,28,32,36,40,44,48,56,64,72,11,13,15,19,21,23,52,60,68,73,76,34,35,29,31,42,43,33,30,46,41,47,69,45,70,62,63,25,27,39,59,77,79,54,55,38,61,71,67,65,78,51,75,66,58,37,53,50,57,49,26,74,8,+0 MissingAxioms= TotalTime=315.5
Step=80 ResultRays=117978 RayPairs=1087109287 NewAxiom=0 PrevAxioms=1,2,3,4,5,6,7,9,10,12,14,16,17,18,20,22,24,28,32,36,40,44,48,56,64,72,11,13,15,19,21,23,52,60,68,73,74,42,43,29,31,34,35,76,30,38,41,33,39,61,37,62,70,71,26,27,47,67,53,55,77,57,79,46,69,63,59,45,58,54,78,51,66,65,50,25,49,75,8,+0 MissingAxioms= TotalTime=332.6
Step=80 ResultRays=117978 RayPairs=1087109287 NewAxiom=0 PrevAxioms=1,2,3,4,5,6,7,9,10,12,14,16,17,18,20,22,24,28,32,36,40,44,48,56,64,72,11,13,15,19,21,23,52,60,68,73,74,42,43,29,31,34,35,41,30,38,33,39,61,37,62,70,71,26,27,47,67,75,79,53,55,46,69,63,59,57,78,51,77,58,66,45,54,49,65,50,25,76,8,+0 MissingAxioms= TotalTime=319.2
Step=80 ResultRays=117978 RayPairs=1087109287 NewAxiom=0 PrevAxioms=1,2,3,4,5,6,7,9,10,12,14,16,17,18,20,22,24,28,32,36,40,44,48,56,64,72,11,13,15,19,21,23,52,60,68,73,74,42,43,29,31,34,35,76,30,38,41,33,39,61,37,62,70,71,26,27,47,67,75,53,55,79,46,69,63,59,57,45,54,58,66,65,50,51,25,78,49,77,8,+0 MissingAxioms= TotalTime=309.7
Step=80 ResultRays=117978 RayPairs=1087109287 NewAxiom=0 PrevAxioms=1,2,3,4,5,6,7,9,10,12,14,16,17,18,20,22,24,28,32,36,40,44,48,56,64,72,11,13,15,19,21,23,52,60,68,73,74,42,43,29,31,34,35,76,30,38,41,33,39,61,37,62,70,71,26,27,47,67,75,53,55,79,77,46,57,69,63,59,45,54,58,65,50,51,66,25,49,78,8,+0 MissingAxioms= TotalTime=318.9
Step=80 ResultRays=117978 RayPairs=1087109287 NewAxiom=0 PrevAxioms=1,2,3,4,5,6,7,9,10,12,14,16,17,18,20,22,24,28,32,36,40,44,48,56,64,72,11,13,15,19,21,23,52,60,68,73,74,42,43,29,31,34,35,76,30,38,41,33,39,61,37,62,70,71,26,27,47,67,75,53,55,57,69,63,59,77,65,50,51,49,46,78,66,25,58,45,54,79,8,+0 MissingAxioms= TotalTime=309.2
