Step=66 ResultRays= 36133 RayPairs= 120719433 NewAxiom=1 PrevAxioms=2,3,4,5,6,9,10,12,14,16,17,19,21,22,23,25,26,28,32,36,40,44,49,56,64,72,11,13,60,68,74,27,76,29,30,37,39,77,51,70,53,75,69,71,61,63,45,47,52,43,79,35,62,41,33,67,59,57,78,65,54,50,38,73,46,+1 MissingAxioms=0,7,8,15,18,20,24,31,34,42,48,55,58,66 TotalTime=18.0
Step=66 ResultRays= 36133 RayPairs= 160897519 NewAxiom=2 PrevAxioms=1,3,4,5,6,9,10,11,12,14,16,17,19,21,22,23,25,28,32,36,40,44,49,56,64,72,13,27,60,68,74,26,69,29,71,76,37,39,51,50,70,62,53,75,30,45,47,59,57,38,54,52,77,67,79,63,65,35,43,41,61,78,33,73,46,+2 MissingAxioms=0,7,8,15,18,20,24,31,34,42,48,55,58,66 TotalTime=19.2
Step=66 ResultRays= 36133 RayPairs= 138731952 NewAxiom=3 PrevAxioms=1,2,4,5,6,9,10,11,12,14,16,17,19,21,22,23,25,28,32,36,40,44,49,56,64,72,13,27,60,68,74,61,69,63,76,30,45,47,33,51,35,29,53,75,37,39,46,59,50,67,73,71,79,43,70,77,62,54,38,52,41,65,57,78,26,+3 MissingAxioms=0,7,8,15,18,20,24,31,34,42,48,55,58,66 TotalTime=20.9
Step=66 ResultRays= 36133 RayPairs= 160897519 NewAxiom=4 PrevAxioms=1,2,3,5,6,9,10,12,13,14,16,17,19,21,22,23,25,28,32,36,40,44,49,56,64,72,11,30,45,51,60,74,47,50,68,76,27,61,63,26,54,77,62,52,69,71,43,53,29,67,65,75,79,59,37,39,57,38,46,41,35,78,33,73,70,+4 MissingAxioms=0,7,8,15,18,20,24,31,34,42,48,55,58,66 TotalTime=16.5
Step=66 ResultRays= 36133 RayPairs= 138731952 NewAxiom=5 PrevAxioms=1,2,3,4,6,9,10,12,13,14,16,17,19,21,22,23,25,28,32,36,40,44,49,56,64,72,11,29,37,45,51,30,39,68,76,27,60,74,26,47,52,46,33,35,75,61,63,59,73,38,54,69,71,50,77,79,67,43,70,53,62,65,41,78,57,+5 MissingAxioms=0,7,8,15,18,20,24,31,34,42,48,55,58,66 TotalTime=18.3
Step=66 ResultRays= 36133 RayPairs= 123851936 NewAxiom=6 PrevAxioms=1,2,3,4,5,9,10,12,14,16,17,19,21,22,23,25,28,29,32,36,40,44,49,56,64,72,11,13,37,68,76,27,39,60,74,26,45,47,51,62,50,53,75,65,67,57,59,38,30,54,77,52,69,71,46,43,79,41,61,35,33,78,63,73,70,+6 MissingAxioms=0,7,8,15,18,20,24,31,34,42,48,55,58,66 TotalTime=21.8
Step=66 ResultRays= 36133 RayPairs= 120719433 NewAxiom=9 PrevAxioms=1,2,3,4,5,6,10,12,14,16,17,19,21,22,23,25,26,28,32,36,40,44,49,56,64,72,11,13,60,68,74,27,76,29,53,75,69,71,37,39,30,77,52,61,63,70,54,45,47,43,67,65,46,50,79,35,59,38,57,73,41,51,78,33,62,+9 MissingAxioms=0,7,8,15,18,20,24,31,34,42,48,55,58,66 TotalTime=16.5
Step=66 ResultRays= 36133 RayPairs= 160897519 NewAxiom=10 PrevAxioms=1,2,3,4,5,6,9,11,12,14,16,17,19,21,22,23,25,28,32,36,40,44,49,56,64,72,13,27,60,68,74,26,61,76,30,63,45,47,51,50,62,70,54,77,29,37,39,67,65,46,53,52,75,59,79,71,57,43,35,33,69,78,41,73,38,+10 MissingAxioms=0,7,8,15,18,20,24,31,34,42,48,55,58,66 TotalTime=19.4
Step=66 ResultRays= 36133 RayPairs= 138731952 NewAxiom=11 PrevAxioms=1,2,3,4,5,6,9,10,12,14,16,17,19,21,22,23,25,28,32,36,40,44,49,56,64,72,13,60,68,74,51,61,69,63,76,50,30,62,45,47,33,71,73,35,65,46,54,26,77,70,37,39,75,59,79,29,67,53,52,43,27,38,57,78,41,+11 MissingAxioms=0,7,8,15,18,20,24,31,34,42,48,55,58,66 TotalTime=21.3
Step=66 ResultRays= 36133 RayPairs= 160897519 NewAxiom=12 PrevAxioms=1,2,3,4,5,6,9,10,13,14,16,17,19,21,22,23,25,28,32,36,40,44,49,56,64,72,11,29,37,51,68,76,39,50,60,74,27,26,69,71,53,75,70,52,61,63,35,54,30,59,57,77,79,67,45,47,65,46,38,33,43,78,41,73,62,+12 MissingAxioms=0,7,8,15,18,20,24,31,34,42,48,55,58,66 TotalTime=16.5
Step=66 ResultRays= 36133 RayPairs= 138731952 NewAxiom=13 PrevAxioms=1,2,3,4,5,6,9,10,12,14,16,17,19,21,22,23,25,28,32,36,40,44,49,56,64,72,11,29,37,45,27,30,39,68,76,26,60,74,38,47,70,53,57,75,59,69,33,71,61,63,52,35,50,73,51,54,77,79,67,43,78,41,65,46,62,+13 MissingAxioms=0,7,8,15,18,20,24,31,34,42,48,55,58,66 TotalTime=19.1
Step=66 ResultRays= 36133 RayPairs= 123851936 NewAxiom=14 PrevAxioms=1,2,3,4,5,6,9,10,12,16,17,19,21,22,23,25,28,30,32,36,40,44,49,56,64,72,11,13,45,60,74,27,47,68,76,26,37,51,39,70,50,54,77,57,59,65,67,46,29,53,75,52,61,63,38,35,79,33,69,43,41,78,71,73,62,+14 MissingAxioms=0,7,8,15,18,20,24,31,34,42,48,55,58,66 TotalTime=21.8
Step=66 ResultRays= 36133 RayPairs=  88427148 NewAxiom=16 PrevAxioms=1,2,3,4,5,6,9,10,12,14,17,19,21,22,23,25,28,32,33,36,40,44,49,56,64,72,11,13,35,60,68,74,27,76,29,26,30,37,39,45,47,51,62,53,75,54,38,61,77,79,43,41,70,69,52,73,67,65,71,63,59,78,50,57,46,+16 MissingAxioms=0,7,8,15,18,20,24,31,34,42,48,55,58,66 TotalTime=14.5
Step=66 ResultRays= 36133 RayPairs= 174445570 NewAxiom=17 PrevAxioms=1,2,3,4,5,6,9,10,12,14,16,19,21,22,23,25,28,32,33,36,40,44,49,56,64,72,11,13,60,68,74,27,76,29,26,30,37,39,70,51,77,38,45,47,67,50,59,53,75,73,46,61,63,35,79,62,57,41,43,71,69,65,54,52,78,+17 MissingAxioms=0,7,8,15,18,20,24,31,34,42,48,55,58,66 TotalTime=22.5
Step=66 ResultRays= 36133 RayPairs= 131849355 NewAxiom=19 PrevAxioms=1,2,3,4,5,6,9,10,12,14,16,17,21,22,23,25,28,32,35,36,40,44,49,56,64,72,11,13,60,68,74,27,76,29,26,30,37,39,45,47,51,50,52,53,75,61,63,59,46,54,77,79,69,71,43,57,67,73,38,78,65,33,62,41,70,+19 MissingAxioms=0,7,8,15,18,20,24,31,34,42,48,55,58,66 TotalTime=17.1
Step=66 ResultRays= 36133 RayPairs= 131849355 NewAxiom=21 PrevAxioms=1,2,3,4,5,6,9,10,12,14,16,17,19,22,23,25,28,32,36,38,40,44,49,56,64,72,11,13,46,27,60,74,29,68,76,26,30,51,37,70,53,75,47,54,35,33,69,61,52,63,57,45,50,73,39,59,77,79,43,62,71,67,41,65,78,+21 MissingAxioms=0,7,8,15,18,20,24,31,34,42,48,55,58,66 TotalTime=20.4
Step=66 ResultRays= 36133 RayPairs= 145469080 NewAxiom=22 PrevAxioms=1,2,3,4,5,6,9,10,12,14,16,17,19,21,23,25,28,32,36,38,40,44,49,56,64,72,11,13,46,27,60,74,29,68,76,26,30,51,37,39,53,75,69,71,33,35,52,61,63,45,47,54,50,59,77,79,67,43,70,57,65,78,41,62,73,+22 MissingAxioms=0,7,8,15,18,20,24,31,34,42,48,55,58,66 TotalTime=13.9
Step=66 ResultRays= 36133 RayPairs= 122158270 NewAxiom=23 PrevAxioms=1,2,3,4,5,6,9,10,12,14,16,17,19,21,22,25,28,32,36,39,40,44,49,56,64,72,11,13,60,68,74,27,76,29,26,30,37,70,53,75,69,35,71,45,52,61,33,63,59,57,50,54,46,62,73,77,79,67,51,47,43,65,78,41,38,+23 MissingAxioms=0,7,8,15,18,20,24,31,34,42,48,55,58,66 TotalTime=18.4
Step=66 ResultRays= 36133 RayPairs= 158221620 NewAxiom=25 PrevAxioms=1,2,3,4,5,6,9,10,12,14,16,17,19,21,22,23,26,28,32,36,40,44,49,56,64,72,11,13,60,68,74,27,51,76,29,37,39,69,71,50,30,45,47,54,77,38,67,43,41,52,53,61,63,62,46,73,75,79,59,35,70,65,33,57,78,+25 MissingAxioms=0,7,8,15,18,20,24,31,34,42,48,55,58,66 TotalTime=17.6
Step=66 ResultRays= 36133 RayPairs= 158221620 NewAxiom=26 PrevAxioms=1,2,3,4,5,6,9,10,12,14,16,17,19,21,22,23,25,28,32,36,40,44,49,56,64,72,11,13,60,68,74,27,76,29,30,37,39,70,53,69,75,33,35,71,73,45,61,63,47,51,50,59,62,38,67,79,43,77,46,52,54,57,41,65,78,+26 MissingAxioms=0,7,8,15,18,20,24,31,34,42,48,55,58,66 TotalTime=22.7
Step=66 ResultRays= 36133 RayPairs= 136738624 NewAxiom=27 PrevAxioms=1,2,3,4,5,6,9,10,12,14,16,17,19,21,22,23,25,28,32,36,40,44,49,56,64,72,11,13,60,68,74,51,76,29,53,69,71,37,39,50,70,30,75,57,59,45,47,26,46,52,61,63,54,35,77,79,67,33,38,73,43,62,41,65,78,+27 MissingAxioms=0,7,8,15,18,20,24,31,34,42,48,55,58,66 TotalTime=15.9
Step=66 ResultRays= 36133 RayPairs= 140443230 NewAxiom=28 PrevAxioms=1,2,3,4,5,6,9,10,12,14,16,17,19,21,22,23,25,29,32,36,40,44,49,56,64,72,11,13,53,60,68,74,75,52,76,27,45,47,61,63,57,59,51,50,33,37,39,46,35,73,38,54,69,71,26,62,43,79,77,67,70,30,65,41,78,+28 MissingAxioms=0,7,8,15,18,20,24,31,34,42,48,55,58,66 TotalTime=18.2
Step=66 ResultRays= 36133 RayPairs= 137802170 NewAxiom=29 PrevAxioms=1,2,3,4,5,6,9,10,12,14,16,17,19,21,22,23,25,28,32,36,40,44,49,56,64,72,11,13,60,68,74,27,76,30,26,45,47,61,63,51,50,54,62,77,37,39,43,69,71,67,65,73,70,46,35,79,59,75,38,33,52,53,57,41,78,+29 MissingAxioms=0,7,8,15,18,20,24,31,34,42,48,55,58,66 TotalTime=22.1
Step=66 ResultRays= 36133 RayPairs= 137802170 NewAxiom=30 PrevAxioms=1,2,3,4,5,6,9,10,12,14,16,17,19,21,22,23,25,28,32,36,40,44,49,56,64,72,11,13,60,68,74,27,76,29,26,37,39,51,70,53,75,69,71,61,63,35,52,59,57,73,43,33,50,45,47,79,67,46,77,54,62,38,65,41,78,+30 MissingAxioms=0,7,8,15,18,20,24,31,34,42,48,55,58,66 TotalTime=16.5
Step=66 ResultRays= 36133 RayPairs= 122087312 NewAxiom=32 PrevAxioms=1,2,3,4,5,6,9,10,12,14,16,17,19,21,22,23,25,28,33,36,40,44,49,56,64,72,11,13,35,68,76,27,29,37,39,26,30,45,47,51,50,70,54,77,38,67,79,53,69,52,65,59,63,61,60,74,75,57,43,71,78,41,73,62,46,+32 MissingAxioms=0,7,8,15,18,20,24,31,34,42,48,55,58,66 TotalTime=21.1
Step=66 ResultRays= 36133 RayPairs= 175570024 NewAxiom=33 PrevAxioms=1,2,3,4,5,6,9,10,12,14,16,17,19,21,22,23,25,28,32,36,40,44,49,56,64,72,11,13,60,68,74,27,76,29,26,30,37,39,70,51,77,38,45,47,67,65,46,61,63,53,52,75,54,50,69,73,71,79,59,35,43,62,41,57,78,+33 MissingAxioms=0,7,8,15,18,20,24,31,34,42,48,55,58,66 TotalTime=19.7
Step=66 ResultRays= 36133 RayPairs= 151803792 NewAxiom=35 PrevAxioms=1,2,3,4,5,6,9,10,12,14,16,17,19,21,22,23,25,28,32,36,40,44,49,56,64,72,11,13,60,68,74,27,76,29,26,30,37,39,70,51,77,38,45,47,67,65,46,61,63,53,52,75,54,50,69,73,71,79,59,43,62,41,57,33,78,+35 MissingAxioms=0,7,8,15,18,20,24,31,34,42,48,55,58,66 TotalTime=20.1
Step=66 ResultRays= 36133 RayPairs= 110731432 NewAxiom=36 PrevAxioms=1,2,3,4,5,6,9,10,12,14,16,17,19,21,22,23,25,28,32,37,40,44,49,56,64,72,11,13,39,68,76,27,29,26,30,45,47,33,35,38,51,77,79,65,67,57,59,63,53,52,78,73,69,54,71,74,60,75,43,61,41,70,50,62,46,+36 MissingAxioms=0,7,8,15,18,20,24,31,34,42,48,55,58,66 TotalTime=26.4
Step=66 ResultRays= 36133 RayPairs= 113510192 NewAxiom=37 PrevAxioms=1,2,3,4,5,6,9,10,12,14,16,17,19,21,22,23,25,28,32,36,40,44,49,56,64,72,11,13,60,68,74,27,76,29,26,30,45,47,62,53,75,46,57,59,54,38,50,77,70,69,52,71,61,63,79,67,65,43,35,73,51,39,41,33,78,+37 MissingAxioms=0,7,8,15,18,20,24,31,34,42,48,55,58,66 TotalTime=17.3
Step=66 ResultRays= 36133 RayPairs= 171840408 NewAxiom=38 PrevAxioms=1,2,3,4,5,6,9,10,12,14,16,17,19,21,22,23,25,28,32,36,40,44,49,56,64,72,11,13,60,68,74,27,76,29,26,30,37,39,70,51,77,65,67,45,47,61,63,50,54,52,69,73,71,53,75,57,43,79,59,35,46,62,78,33,41,+38 MissingAxioms=0,7,8,15,18,20,24,31,34,42,48,55,58,66 TotalTime=15.7
Step=66 ResultRays= 36133 RayPairs= 131519436 NewAxiom=39 PrevAxioms=1,2,3,4,5,6,9,10,12,14,16,17,19,21,22,23,25,28,32,36,40,44,49,56,64,72,11,13,60,68,74,27,76,29,26,30,37,70,53,75,69,71,35,52,61,63,54,51,57,59,45,47,50,73,77,79,43,67,46,38,65,33,62,41,78,+39 MissingAxioms=0,7,8,15,18,20,24,31,34,42,48,55,58,66 TotalTime=14.4
Step=66 ResultRays= 36133 RayPairs= 122087312 NewAxiom=40 PrevAxioms=1,2,3,4,5,6,9,10,12,14,16,17,19,21,22,23,25,28,32,36,41,44,49,56,64,72,11,13,43,60,74,27,29,26,30,45,47,37,39,51,61,63,50,54,46,59,35,33,67,71,69,75,79,73,70,38,77,76,68,62,57,53,52,65,78,+40 MissingAxioms=0,7,8,15,18,20,24,31,34,42,48,55,58,66 TotalTime=17.3
Step=66 ResultRays= 36133 RayPairs= 175570024 NewAxiom=41 PrevAxioms=1,2,3,4,5,6,9,10,12,14,16,17,19,21,22,23,25,28,32,36,40,44,49,56,64,72,11,13,60,68,74,27,76,29,26,30,37,39,70,51,77,38,45,47,67,65,46,61,63,53,52,75,54,50,69,73,71,79,59,35,43,62,33,57,78,+41 MissingAxioms=0,7,8,15,18,20,24,31,34,42,48,55,58,66 TotalTime=20.1
Step=66 ResultRays= 36133 RayPairs= 151803792 NewAxiom=43 PrevAxioms=1,2,3,4,5,6,9,10,12,14,16,17,19,21,22,23,25,28,32,36,40,44,49,56,64,72,11,13,60,68,74,27,76,29,26,30,37,39,70,51,77,38,45,47,67,65,46,61,63,53,52,75,54,50,69,73,71,79,59,35,57,41,62,33,78,+43 MissingAxioms=0,7,8,15,18,20,24,31,34,42,48,55,58,66 TotalTime=19.8
Step=66 ResultRays= 36133 RayPairs= 110731432 NewAxiom=44 PrevAxioms=1,2,3,4,5,6,9,10,12,14,16,17,19,21,22,23,25,28,32,36,40,45,49,56,64,72,11,13,47,60,74,27,29,26,30,37,39,41,43,46,53,75,79,33,35,51,61,52,77,50,76,68,63,59,69,71,70,57,67,78,54,65,62,73,38,+44 MissingAxioms=0,7,8,15,18,20,24,31,34,42,48,55,58,66 TotalTime=17.0
Step=66 ResultRays= 36133 RayPairs= 113510192 NewAxiom=45 PrevAxioms=1,2,3,4,5,6,9,10,12,14,16,17,19,21,22,23,25,28,32,36,40,44,49,56,64,72,11,13,60,68,74,27,76,29,26,30,37,39,70,51,77,38,62,61,67,65,47,63,53,52,75,35,79,59,57,43,33,69,71,41,78,50,73,54,46,+45 MissingAxioms=0,7,8,15,18,20,24,31,34,42,48,55,58,66 TotalTime=26.2
Step=66 ResultRays= 36133 RayPairs= 171840408 NewAxiom=46 PrevAxioms=1,2,3,4,5,6,9,10,12,14,16,17,19,21,22,23,25,28,32,36,40,44,49,56,64,72,11,13,60,68,74,27,76,29,26,30,37,39,70,51,77,38,45,47,67,65,50,59,75,57,69,71,61,63,79,35,53,43,41,78,73,54,33,52,62,+46 MissingAxioms=0,7,8,15,18,20,24,31,34,42,48,55,58,66 TotalTime=20.3
Step=66 ResultRays= 36133 RayPairs= 131519436 NewAxiom=47 PrevAxioms=1,2,3,4,5,6,9,10,12,14,16,17,19,21,22,23,25,28,32,36,40,44,49,56,64,72,11,13,60,68,74,27,76,29,26,30,37,39,70,51,77,38,45,67,65,61,63,53,52,75,54,50,69,71,79,59,57,35,46,33,62,73,43,41,78,+47 MissingAxioms=0,7,8,15,18,20,24,31,34,42,48,55,58,66 TotalTime=17.9
Step=66 ResultRays= 36133 RayPairs= 158221620 NewAxiom=49 PrevAxioms=1,2,3,4,5,6,9,10,12,14,16,17,19,21,22,23,25,28,32,36,40,44,50,56,64,72,11,13,60,68,74,27,51,76,30,45,47,61,63,26,54,77,62,69,71,43,29,67,65,52,37,39,38,73,75,79,35,70,41,59,53,46,57,33,78,+49 MissingAxioms=0,7,8,15,18,20,24,31,34,42,48,55,58,66 TotalTime=19.1
Step=66 ResultRays= 36133 RayPairs= 158221620 NewAxiom=50 PrevAxioms=1,2,3,4,5,6,9,10,12,14,16,17,19,21,22,23,25,28,32,36,40,44,49,56,64,72,11,13,60,68,74,27,76,29,26,30,37,39,70,51,77,38,45,47,67,65,46,61,63,53,52,75,54,69,71,43,79,59,41,35,62,33,57,78,73,+50 MissingAxioms=0,7,8,15,18,20,24,31,34,42,48,55,58,66 TotalTime=19.6
Step=66 ResultRays= 36133 RayPairs= 136738624 NewAxiom=51 PrevAxioms=1,2,3,4,5,6,9,10,12,14,16,17,19,21,22,23,25,28,32,36,40,44,49,56,64,72,11,13,60,68,74,27,76,29,26,30,37,39,70,53,69,75,71,35,52,61,63,54,45,47,59,57,46,50,77,79,43,33,62,73,67,38,65,41,78,+51 MissingAxioms=0,7,8,15,18,20,24,31,34,42,48,55,58,66 TotalTime=16.1
Step=66 ResultRays= 36133 RayPairs= 140443230 NewAxiom=52 PrevAxioms=1,2,3,4,5,6,9,10,12,14,16,17,19,21,22,23,25,28,32,36,40,44,49,56,64,72,11,13,60,68,74,27,76,29,26,30,37,39,70,51,77,38,45,47,67,65,46,61,63,53,75,50,59,79,35,71,43,62,69,73,54,41,33,57,78,+52 MissingAxioms=0,7,8,15,18,20,24,31,34,42,48,55,58,66 TotalTime=22.1
Step=66 ResultRays= 36133 RayPairs= 137802170 NewAxiom=53 PrevAxioms=1,2,3,4,5,6,9,10,12,14,16,17,19,21,22,23,25,28,32,36,40,44,49,56,64,72,11,13,60,68,74,27,76,29,26,30,37,39,70,51,77,38,45,47,67,65,46,61,63,50,54,52,69,73,71,75,57,79,43,59,35,41,62,33,78,+53 MissingAxioms=0,7,8,15,18,20,24,31,34,42,48,55,58,66 TotalTime=18.5
Step=66 ResultRays= 36133 RayPairs= 137802170 NewAxiom=54 PrevAxioms=1,2,3,4,5,6,9,10,12,14,16,17,19,21,22,23,25,28,32,36,40,44,49,56,64,72,11,13,60,68,74,27,76,29,26,30,37,39,70,51,77,38,45,47,67,65,46,61,63,53,52,75,35,79,59,57,33,43,69,50,71,78,41,73,62,+54 MissingAxioms=0,7,8,15,18,20,24,31,34,42,48,55,58,66 TotalTime=22.6
Step=66 ResultRays= 36133 RayPairs= 122087312 NewAxiom=56 PrevAxioms=1,2,3,4,5,6,9,10,12,14,16,17,19,21,22,23,25,28,32,36,40,44,49,57,64,72,11,13,59,68,74,27,76,29,26,30,37,39,70,51,77,38,45,47,67,65,50,46,75,53,69,71,43,79,35,63,41,61,60,62,73,54,52,33,78,+56 MissingAxioms=0,7,8,15,18,20,24,31,34,42,48,55,58,66 TotalTime=16.5
Step=66 ResultRays= 36133 RayPairs= 175570024 NewAxiom=57 PrevAxioms=1,2,3,4,5,6,9,10,12,14,16,17,19,21,22,23,25,28,32,36,40,44,49,56,64,72,11,13,60,68,74,27,76,29,26,30,37,39,70,51,77,38,45,47,67,65,46,61,63,53,52,75,54,50,69,73,71,79,59,35,43,62,41,33,78,+57 MissingAxioms=0,7,8,15,18,20,24,31,34,42,48,55,58,66 TotalTime=19.9
Step=66 ResultRays= 36133 RayPairs= 151803792 NewAxiom=59 PrevAxioms=1,2,3,4,5,6,9,10,12,14,16,17,19,21,22,23,25,28,32,36,40,44,49,56,64,72,11,13,60,68,74,27,76,29,26,30,37,39,70,51,77,38,45,47,67,65,46,61,63,53,52,75,54,50,69,73,71,79,43,35,62,41,33,57,78,+59 MissingAxioms=0,7,8,15,18,20,24,31,34,42,48,55,58,66 TotalTime=19.9
Step=66 ResultRays= 36133 RayPairs= 110731432 NewAxiom=60 PrevAxioms=1,2,3,4,5,6,9,10,12,14,16,17,19,21,22,23,25,28,32,36,40,44,49,56,64,72,11,13,68,74,27,76,29,26,30,37,39,70,51,77,38,45,47,67,65,46,50,59,53,75,57,69,71,61,63,79,35,52,33,43,54,78,73,41,62,+60 MissingAxioms=0,7,8,15,18,20,24,31,34,42,48,55,58,66 TotalTime=19.1
Step=66 ResultRays= 36133 RayPairs= 113510192 NewAxiom=61 PrevAxioms=1,2,3,4,5,6,9,10,12,14,16,17,19,21,22,23,25,28,32,36,40,44,49,56,64,72,11,13,60,68,74,27,76,29,26,30,37,39,70,51,77,38,45,47,67,65,46,50,59,53,75,57,69,71,79,43,35,63,41,78,54,52,33,73,62,+61 MissingAxioms=0,7,8,15,18,20,24,31,34,42,48,55,58,66 TotalTime=19.1
Step=66 ResultRays= 36133 RayPairs= 171840408 NewAxiom=62 PrevAxioms=1,2,3,4,5,6,9,10,12,14,16,17,19,21,22,23,25,28,32,36,40,44,49,56,64,72,11,13,60,68,74,27,76,29,26,30,37,39,70,51,77,38,45,47,67,65,46,61,63,53,52,75,54,50,69,73,71,79,59,35,43,57,41,78,33,+62 MissingAxioms=0,7,8,15,18,20,24,31,34,42,48,55,58,66 TotalTime=19.2
Step=66 ResultRays= 36133 RayPairs= 131519436 NewAxiom=63 PrevAxioms=1,2,3,4,5,6,9,10,12,14,16,17,19,21,22,23,25,28,32,36,40,44,49,56,64,72,11,13,60,68,74,27,76,29,26,30,37,39,70,51,77,38,45,47,67,65,46,61,50,54,52,41,69,71,73,43,75,79,35,53,62,33,59,57,78,+63 MissingAxioms=0,7,8,15,18,20,24,31,34,42,48,55,58,66 TotalTime=15.8
Step=66 ResultRays= 36133 RayPairs= 122087312 NewAxiom=64 PrevAxioms=1,2,3,4,5,6,9,10,12,14,16,17,19,21,22,23,25,28,32,36,40,44,49,56,65,72,11,13,60,67,74,27,76,29,26,30,37,39,45,51,47,62,53,75,35,54,38,61,63,59,57,77,79,43,71,33,69,68,78,52,41,50,70,73,46,+64 MissingAxioms=0,7,8,15,18,20,24,31,34,42,48,55,58,66 TotalTime=18.2
Step=66 ResultRays= 36133 RayPairs= 175570024 NewAxiom=65 PrevAxioms=1,2,3,4,5,6,9,10,12,14,16,17,19,21,22,23,25,28,32,36,40,44,49,56,64,72,11,13,60,68,74,27,76,29,26,30,37,39,70,51,77,38,45,47,67,50,59,57,46,53,75,61,63,35,79,33,69,73,43,71,62,54,52,41,78,+65 MissingAxioms=0,7,8,15,18,20,24,31,34,42,48,55,58,66 TotalTime=24.0
Step=66 ResultRays= 36133 RayPairs= 151803792 NewAxiom=67 PrevAxioms=1,2,3,4,5,6,9,10,12,14,16,17,19,21,22,23,25,28,32,36,40,44,49,56,64,72,11,13,60,68,74,27,76,29,26,30,37,39,70,51,77,38,45,47,50,46,59,57,75,69,71,62,53,61,63,79,35,43,33,73,54,52,41,65,78,+67 MissingAxioms=0,7,8,15,18,20,24,31,34,42,48,55,58,66 TotalTime=19.7
Step=66 ResultRays= 36133 RayPairs= 110731432 NewAxiom=68 PrevAxioms=1,2,3,4,5,6,9,10,12,14,16,17,19,21,22,23,25,28,32,36,40,44,49,56,64,72,11,13,60,74,27,76,29,26,30,37,39,45,47,51,62,53,75,35,54,38,61,63,59,33,70,52,69,50,77,79,43,41,57,46,71,67,78,73,65,+68 MissingAxioms=0,7,8,15,18,20,24,31,34,42,48,55,58,66 TotalTime=20.2
Step=66 ResultRays= 36133 RayPairs= 113510192 NewAxiom=69 PrevAxioms=1,2,3,4,5,6,9,10,12,14,16,17,19,21,22,23,25,28,32,36,40,44,49,56,64,72,11,13,60,68,74,27,76,29,26,30,37,39,70,51,77,38,45,47,67,65,46,61,63,53,52,75,54,50,59,79,35,57,33,43,71,78,41,73,62,+69 MissingAxioms=0,7,8,15,18,20,24,31,34,42,48,55,58,66 TotalTime=22.4
Step=66 ResultRays= 36133 RayPairs= 171840408 NewAxiom=70 PrevAxioms=1,2,3,4,5,6,9,10,12,14,16,17,19,21,22,23,25,28,32,36,40,44,49,56,64,72,11,13,60,68,74,27,76,29,26,30,37,39,45,47,51,62,53,75,35,54,38,61,63,59,33,69,71,52,77,79,43,41,67,57,78,65,50,46,73,+70 MissingAxioms=0,7,8,15,18,20,24,31,34,42,48,55,58,66 TotalTime=17.7
Step=66 ResultRays= 36133 RayPairs= 131519436 NewAxiom=71 PrevAxioms=1,2,3,4,5,6,9,10,12,14,16,17,19,21,22,23,25,28,32,36,40,44,49,56,64,72,11,13,60,68,74,27,76,29,26,30,37,39,70,51,77,38,45,47,67,65,46,61,63,53,52,75,54,50,69,73,41,33,79,35,59,43,62,57,78,+71 MissingAxioms=0,7,8,15,18,20,24,31,34,42,48,55,58,66 TotalTime=20.7
Step=66 ResultRays= 36133 RayPairs= 139598784 NewAxiom=72 PrevAxioms=1,2,3,4,5,6,9,10,12,14,16,17,19,21,22,23,25,28,32,36,40,44,49,56,64,73,11,13,60,68,27,29,26,30,37,39,70,51,45,47,50,54,38,53,59,57,67,65,69,77,71,61,63,35,79,76,78,75,43,74,52,41,33,46,62,+72 MissingAxioms=0,7,8,15,18,20,24,31,34,42,48,55,58,66 TotalTime=24.7
Step=66 ResultRays= 36133 RayPairs= 159324678 NewAxiom=73 PrevAxioms=1,2,3,4,5,6,9,10,12,14,16,17,19,21,22,23,25,28,32,36,40,44,49,56,64,72,11,13,60,68,74,27,76,29,26,30,37,39,70,51,77,38,45,47,67,65,46,61,63,53,52,75,54,50,69,71,79,59,57,35,33,43,78,41,62,+73 MissingAxioms=0,7,8,15,18,20,24,31,34,42,48,55,58,66 TotalTime=19.2
Step=66 ResultRays= 36133 RayPairs= 105772384 NewAxiom=74 PrevAxioms=1,2,3,4,5,6,9,10,12,14,16,17,19,21,22,23,25,28,32,36,40,44,49,56,64,72,11,13,60,68,76,27,29,26,30,37,39,70,51,77,38,45,47,67,65,50,59,53,75,57,46,69,71,61,63,79,35,33,43,78,52,54,41,73,62,+74 MissingAxioms=0,7,8,15,18,20,24,31,34,42,48,55,58,66 TotalTime=19.9
Step=66 ResultRays= 36133 RayPairs= 124840620 NewAxiom=75 PrevAxioms=1,2,3,4,5,6,9,10,12,14,16,17,19,21,22,23,25,28,32,36,40,44,49,56,64,72,11,13,60,68,74,27,76,29,26,30,37,39,70,51,77,38,45,47,67,65,46,61,63,53,52,54,50,69,73,71,43,35,79,59,62,41,33,57,78,+75 MissingAxioms=0,7,8,15,18,20,24,31,34,42,48,55,58,66 TotalTime=20.1
Step=66 ResultRays= 36133 RayPairs= 105772384 NewAxiom=76 PrevAxioms=1,2,3,4,5,6,9,10,12,14,16,17,19,21,22,23,25,28,32,36,40,44,49,56,64,72,11,13,60,68,74,27,29,26,30,37,39,70,51,77,38,45,47,67,65,61,63,53,52,75,54,69,73,41,33,71,43,35,79,59,78,50,57,46,62,+76 MissingAxioms=0,7,8,15,18,20,24,31,34,42,48,55,58,66 TotalTime=25.1
Step=66 ResultRays= 36133 RayPairs= 124840620 NewAxiom=77 PrevAxioms=1,2,3,4,5,6,9,10,12,14,16,17,19,21,22,23,25,28,32,36,40,44,49,56,64,72,11,13,60,68,74,27,76,29,26,30,37,39,70,51,45,47,50,54,38,53,75,59,69,52,61,63,35,33,57,73,41,43,79,71,67,78,65,62,46,+77 MissingAxioms=0,7,8,15,18,20,24,31,34,42,48,55,58,66 TotalTime=20.5
Step=66 ResultRays= 36133 RayPairs= 141902588 NewAxiom=78 PrevAxioms=1,2,3,4,5,6,9,10,12,14,16,17,19,21,22,23,25,28,32,36,40,44,49,56,64,72,11,13,60,68,74,27,76,29,26,30,37,39,70,51,77,38,45,47,67,65,46,61,63,53,52,75,54,50,69,73,71,79,59,35,43,62,41,33,57,+78 MissingAxioms=0,7,8,15,18,20,24,31,34,42,48,55,58,66 TotalTime=19.3
Step=66 ResultRays= 36133 RayPairs= 140221122 NewAxiom=79 PrevAxioms=1,2,3,4,5,6,9,10,12,14,16,17,19,21,22,23,25,28,32,36,40,44,49,56,64,72,11,13,60,68,74,27,76,29,26,30,37,39,70,51,77,38,45,47,67,65,46,61,63,53,52,75,54,50,69,73,71,33,43,35,59,62,41,57,78,+79 MissingAxioms=0,7,8,15,18,20,24,31,34,42,48,55,58,66 TotalTime=16.9
Step=66 ###############............... Axiom16 Group0 f({1}) + f({2}) >= f({1, 2})
Step=66 ##################............ Axiom74 Group1 f({1, 3}) + f({1, 4}) >= f({1}) + f({1, 3, 4})
Step=66 ##################............ Axiom76 Group1 f({2, 3}) + f({2, 4}) >= f({2}) + f({2, 3, 4})
Step=66 ###################........... Axiom36 Group1 f({1, 4}) + f({3, 4}) >= f({4}) + f({1, 3, 4})
Step=66 ###################........... Axiom44 Group1 f({2, 4}) + f({3, 4}) >= f({4}) + f({2, 3, 4})
Step=66 ###################........... Axiom60 Group1 f({1, 3}) + f({3, 4}) >= f({3}) + f({1, 3, 4})
Step=66 ###################........... Axiom68 Group1 f({2, 3}) + f({3, 4}) >= f({3}) + f({2, 3, 4})
Step=66 ###################........... Axiom37 Group2 f({0, 1, 4}) + f({0, 3, 4}) >= f({0, 1, 2, 3, 4}) + f({0, 4})
Step=66 ###################........... Axiom45 Group2 f({0, 2, 4}) + f({0, 3, 4}) >= f({0, 1, 2, 3, 4}) + f({0, 4})
Step=66 ###################........... Axiom61 Group2 f({0, 1, 3}) + f({0, 3, 4}) >= f({0, 3}) + f({0, 1, 2, 3, 4})
Step=66 ###################........... Axiom69 Group2 f({0, 2, 3}) + f({0, 3, 4}) >= f({0, 3}) + f({0, 1, 2, 3, 4})
Step=66 #####################......... Axiom1 Group1 f({0, 2}) + f({1, 2}) >= f({2}) + f({0, 1, 2})
Step=66 #####################......... Axiom9 Group1 f({0, 1}) + f({1, 2}) >= f({1}) + f({0, 1, 2})
Step=66 #####################......... Axiom32 Group0 f({1}) + f({3}) >= f({1, 3})
Step=66 #####################......... Axiom40 Group0 f({2}) + f({3}) >= f({2, 3})
Step=66 #####################......... Axiom56 Group0 f({1}) + f({4}) >= f({1, 4})
Step=66 #####################......... Axiom64 Group0 f({2}) + f({4}) >= f({2, 4})
Step=66 #####################......... Axiom23 Group3 f({0, 1, 2, 3, 4}) >= f({0, 3, 4})
Step=66 #####################......... Axiom6 Group2 f({0, 3, 4}) + f({1, 3, 4}) >= f({0, 1, 2, 3, 4}) + f({3, 4})
Step=66 #####################......... Axiom14 Group2 f({0, 3, 4}) + f({2, 3, 4}) >= f({0, 1, 2, 3, 4}) + f({3, 4})
Step=66 #####################......... Axiom75 Group2 f({0, 1, 3}) + f({0, 1, 4}) >= f({0, 1}) + f({0, 1, 2, 3, 4})
Step=66 #####################......... Axiom77 Group2 f({0, 2, 3}) + f({0, 2, 4}) >= f({0, 2}) + f({0, 1, 2, 3, 4})
Step=66 ######################........ Axiom39 Group3 f({0, 1, 2, 3, 4}) >= f({0, 2, 4})
Step=66 ######################........ Axiom47 Group3 f({0, 1, 2, 3, 4}) >= f({0, 1, 4})
Step=66 ######################........ Axiom63 Group3 f({0, 1, 2, 3, 4}) >= f({0, 2, 3})
Step=66 ######################........ Axiom71 Group3 f({0, 1, 2, 3, 4}) >= f({0, 1, 3})
Step=66 #######################....... Axiom19 Group2 f({0, 1, 3}) + f({0, 2, 3}) >= f({0, 3}) + f({0, 1, 2, 3, 4})
Step=66 #######################....... Axiom21 Group2 f({0, 1, 4}) + f({0, 2, 4}) >= f({0, 1, 2, 3, 4}) + f({0, 4})
Step=66 #######################....... Axiom27 Group2 f({0, 1, 2}) + f({1, 2, 3}) >= f({1, 2}) + f({0, 1, 2, 3, 4})
Step=66 #######################....... Axiom51 Group2 f({0, 1, 2}) + f({1, 2, 4}) >= f({1, 2}) + f({0, 1, 2, 3, 4})
Step=66 ########################...... Axiom29 Group2 f({0, 1, 4}) + f({1, 3, 4}) >= f({0, 1, 2, 3, 4}) + f({1, 4})
Step=66 ########################...... Axiom30 Group2 f({0, 2, 4}) + f({2, 3, 4}) >= f({0, 1, 2, 3, 4}) + f({2, 4})
Step=66 ########################...... Axiom53 Group2 f({0, 1, 3}) + f({1, 3, 4}) >= f({1, 3}) + f({0, 1, 2, 3, 4})
Step=66 ########################...... Axiom54 Group2 f({0, 2, 3}) + f({2, 3, 4}) >= f({2, 3}) + f({0, 1, 2, 3, 4})
Step=66 ########################...... Axiom3 Group2 f({0, 2, 3}) + f({1, 2, 3}) >= f({2, 3}) + f({0, 1, 2, 3, 4})
Step=66 ########################...... Axiom5 Group2 f({0, 2, 4}) + f({1, 2, 4}) >= f({0, 1, 2, 3, 4}) + f({2, 4})
Step=66 ########################...... Axiom11 Group2 f({0, 1, 3}) + f({1, 2, 3}) >= f({1, 3}) + f({0, 1, 2, 3, 4})
Step=66 ########################...... Axiom13 Group2 f({0, 1, 4}) + f({1, 2, 4}) >= f({0, 1, 2, 3, 4}) + f({1, 4})
Step=66 ########################...... Axiom72 Group0 f({3}) + f({4}) >= f({3, 4})
Step=66 ########################...... Axiom79 Group3 f({0, 1, 2, 3, 4}) >= f({0, 1, 2})
Step=66 ########################...... Axiom28 Group1 f({0, 4}) + f({3, 4}) >= f({4}) + f({0, 3, 4})
Step=66 ########################...... Axiom52 Group1 f({0, 3}) + f({3, 4}) >= f({3}) + f({0, 3, 4})
Step=66 ########################...... Axiom78 Group2 f({1, 2, 3}) + f({1, 2, 4}) >= f({1, 2}) + f({0, 1, 2, 3, 4})
Step=66 #########################..... Axiom22 Group2 f({1, 3, 4}) + f({2, 3, 4}) >= f({0, 1, 2, 3, 4}) + f({3, 4})
Step=66 ##########################.... Axiom35 Group2 f({0, 1, 2}) + f({0, 2, 3}) >= f({0, 2}) + f({0, 1, 2, 3, 4})
Step=66 ##########################.... Axiom43 Group2 f({0, 1, 2}) + f({0, 1, 3}) >= f({0, 1}) + f({0, 1, 2, 3, 4})
Step=66 ##########################.... Axiom59 Group2 f({0, 1, 2}) + f({0, 2, 4}) >= f({0, 2}) + f({0, 1, 2, 3, 4})
Step=66 ##########################.... Axiom67 Group2 f({0, 1, 2}) + f({0, 1, 4}) >= f({0, 1}) + f({0, 1, 2, 3, 4})
Step=66 ###########################... Axiom25 Group1 f({0, 1}) + f({1, 3}) >= f({1}) + f({0, 1, 3})
Step=66 ###########################... Axiom26 Group1 f({0, 2}) + f({2, 3}) >= f({2}) + f({0, 2, 3})
Step=66 ###########################... Axiom49 Group1 f({0, 1}) + f({1, 4}) >= f({1}) + f({0, 1, 4})
Step=66 ###########################... Axiom50 Group1 f({0, 2}) + f({2, 4}) >= f({2}) + f({0, 2, 4})
Step=66 ###########################... Axiom73 Group1 f({0, 3}) + f({0, 4}) >= f({0}) + f({0, 3, 4})
Step=66 ###########################... Axiom2 Group1 f({0, 3}) + f({1, 3}) >= f({3}) + f({0, 1, 3})
Step=66 ###########################... Axiom4 Group1 f({0, 4}) + f({1, 4}) >= f({4}) + f({0, 1, 4})
Step=66 ###########################... Axiom10 Group1 f({0, 3}) + f({2, 3}) >= f({3}) + f({0, 2, 3})
Step=66 ###########################... Axiom12 Group1 f({0, 4}) + f({2, 4}) >= f({4}) + f({0, 2, 4})
Step=66 #############################. Axiom38 Group2 f({1, 2, 4}) + f({2, 3, 4}) >= f({0, 1, 2, 3, 4}) + f({2, 4})
Step=66 #############################. Axiom46 Group2 f({1, 2, 4}) + f({1, 3, 4}) >= f({0, 1, 2, 3, 4}) + f({1, 4})
Step=66 #############################. Axiom62 Group2 f({1, 2, 3}) + f({2, 3, 4}) >= f({2, 3}) + f({0, 1, 2, 3, 4})
Step=66 #############################. Axiom70 Group2 f({1, 2, 3}) + f({1, 3, 4}) >= f({1, 3}) + f({0, 1, 2, 3, 4})
Step=66 ############################## Axiom17 Group1 f({0, 1}) + f({0, 2}) >= f({0}) + f({0, 1, 2})
Step=66 ############################## Axiom33 Group1 f({0, 1}) + f({0, 3}) >= f({0}) + f({0, 1, 3})
Step=66 ############################## Axiom41 Group1 f({0, 2}) + f({0, 3}) >= f({0}) + f({0, 2, 3})
Step=66 ############################## Axiom57 Group1 f({0, 1}) + f({0, 4}) >= f({0}) + f({0, 1, 4})
Step=66 ############################## Axiom65 Group1 f({0, 2}) + f({0, 4}) >= f({0}) + f({0, 2, 4})
