Step=65 ResultRays= 27135 RayPairs=  67268760 NewAxiom=1 PrevAxioms=2,3,4,5,6,9,10,12,14,17,19,21,22,23,25,26,28,32,33,36,40,44,49,56,64,72,11,13,35,60,68,74,27,76,29,30,37,39,77,51,61,63,53,75,45,47,59,46,79,54,43,41,73,69,71,62,67,65,52,78,50,57,38,70,+1 MissingAxioms=0,7,8,15,16,18,20,24,31,34,42,48,55,58,66 TotalTime=12.7
Step=65 ResultRays= 27135 RayPairs=  85187418 NewAxiom=2 PrevAxioms=1,3,4,5,6,9,10,11,12,14,17,19,21,22,23,25,28,32,33,36,40,44,49,56,64,72,13,27,35,60,68,74,26,69,29,76,37,39,51,71,50,53,70,75,62,30,73,45,47,38,54,77,61,52,65,79,67,43,41,63,59,78,57,46,+2 MissingAxioms=0,7,8,15,16,18,20,24,31,34,42,48,55,58,66 TotalTime=12.1
Step=65 ResultRays= 27135 RayPairs=  84375725 NewAxiom=3 PrevAxioms=1,2,4,5,6,9,10,11,12,14,17,19,21,22,23,25,28,32,33,36,40,44,49,56,64,72,13,27,35,60,68,74,61,69,76,29,51,71,37,39,50,53,70,75,62,30,45,47,52,77,54,79,43,41,67,65,46,26,38,73,59,63,78,57,+3 MissingAxioms=0,7,8,15,16,18,20,24,31,34,42,48,55,58,66 TotalTime=13.1
Step=65 ResultRays= 27135 RayPairs=  85187418 NewAxiom=4 PrevAxioms=1,2,3,5,6,9,10,12,13,14,17,19,21,22,23,25,28,32,33,36,40,44,49,56,64,72,11,30,35,45,51,60,74,47,50,68,76,27,61,63,26,54,77,62,52,69,71,41,43,73,29,37,75,39,57,67,79,59,38,53,70,46,78,65,+4 MissingAxioms=0,7,8,15,16,18,20,24,31,34,42,48,55,58,66 TotalTime=9.5
Step=65 ResultRays= 27135 RayPairs=  84375725 NewAxiom=5 PrevAxioms=1,2,3,4,6,9,10,12,13,14,17,19,21,22,23,25,28,32,33,36,40,44,49,56,64,72,11,29,35,37,45,51,30,39,68,76,27,60,74,26,47,52,46,77,79,53,61,75,59,63,54,69,71,67,57,65,43,78,41,62,50,73,38,70,+5 MissingAxioms=0,7,8,15,16,18,20,24,31,34,42,48,55,58,66 TotalTime=12.7
Step=65 ResultRays= 27135 RayPairs=  69341958 NewAxiom=6 PrevAxioms=1,2,3,4,5,9,10,12,14,17,19,21,22,23,25,28,29,32,33,36,40,44,49,56,64,72,11,13,35,37,68,76,27,39,60,74,26,45,47,51,50,62,53,75,73,30,46,38,54,77,41,69,71,43,67,79,59,52,65,63,61,78,70,57,+6 MissingAxioms=0,7,8,15,16,18,20,24,31,34,42,48,55,58,66 TotalTime=13.2
Step=65 ResultRays= 27135 RayPairs=  67268760 NewAxiom=9 PrevAxioms=1,2,3,4,5,6,10,12,14,17,19,21,22,23,25,26,28,32,33,36,40,44,49,56,64,72,11,13,35,60,68,74,27,76,29,53,75,69,71,37,39,30,77,73,70,61,63,45,47,57,59,65,46,67,79,43,62,51,50,78,54,52,41,38,+9 MissingAxioms=0,7,8,15,16,18,20,24,31,34,42,48,55,58,66 TotalTime=10.9
Step=65 ResultRays= 27135 RayPairs=  85187418 NewAxiom=10 PrevAxioms=1,2,3,4,5,6,9,11,12,14,17,19,21,22,23,25,28,32,33,36,40,44,49,56,64,72,13,27,35,60,68,74,26,61,76,30,45,47,29,51,63,37,39,50,53,75,46,59,73,67,57,77,38,41,79,43,71,69,70,78,54,65,62,52,+10 MissingAxioms=0,7,8,15,16,18,20,24,31,34,42,48,55,58,66 TotalTime=12.4
Step=65 ResultRays= 27135 RayPairs=  84375725 NewAxiom=11 PrevAxioms=1,2,3,4,5,6,9,10,12,14,17,19,21,22,23,25,28,32,33,36,40,44,49,56,64,72,13,35,60,68,74,51,61,69,76,29,53,71,37,39,50,30,45,47,75,38,73,63,62,27,77,65,59,79,67,43,54,46,26,70,52,78,41,57,+11 MissingAxioms=0,7,8,15,16,18,20,24,31,34,42,48,55,58,66 TotalTime=16.0
Step=65 ResultRays= 27135 RayPairs=  85187418 NewAxiom=12 PrevAxioms=1,2,3,4,5,6,9,10,13,14,17,19,21,22,23,25,28,32,33,36,40,44,49,56,64,72,11,29,35,37,51,68,76,39,50,60,74,27,26,69,71,53,75,70,73,61,63,41,30,43,57,45,77,65,47,79,59,62,67,46,38,78,52,54,+12 MissingAxioms=0,7,8,15,16,18,20,24,31,34,42,48,55,58,66 TotalTime=9.2
Step=65 ResultRays= 27135 RayPairs=  84375725 NewAxiom=13 PrevAxioms=1,2,3,4,5,6,9,10,12,14,17,19,21,22,23,25,28,32,33,36,40,44,49,56,64,72,11,29,35,37,45,27,30,39,68,76,26,60,74,38,47,53,75,70,69,57,77,71,61,63,52,50,51,73,65,54,59,67,79,43,78,62,41,46,+13 MissingAxioms=0,7,8,15,16,18,20,24,31,34,42,48,55,58,66 TotalTime=12.5
Step=65 ResultRays= 27135 RayPairs=  69341958 NewAxiom=14 PrevAxioms=1,2,3,4,5,6,9,10,12,17,19,21,22,23,25,28,30,32,33,36,40,44,49,56,64,72,11,13,35,45,60,74,27,47,68,76,26,37,51,39,29,52,53,75,61,63,59,77,79,43,41,50,57,69,71,67,62,54,78,73,70,38,65,46,+14 MissingAxioms=0,7,8,15,16,18,20,24,31,34,42,48,55,58,66 TotalTime=9.9
Step=65 ResultRays= 27135 RayPairs=  44292610 NewAxiom=17 PrevAxioms=1,2,3,4,5,6,9,10,12,14,19,21,22,23,25,28,32,33,35,36,40,44,49,56,64,72,11,13,60,68,74,27,76,29,26,30,37,39,70,51,77,79,38,45,47,50,78,67,59,63,61,57,65,53,75,43,71,69,52,54,73,41,46,62,+17 MissingAxioms=0,7,8,15,16,18,20,24,31,34,42,48,55,58,66 TotalTime=12.1
Step=65 ResultRays= 27135 RayPairs=  72229700 NewAxiom=19 PrevAxioms=1,2,3,4,5,6,9,10,12,14,17,21,22,23,25,28,32,33,35,36,40,44,49,56,64,72,11,13,60,68,74,27,76,29,26,30,37,39,45,47,51,50,62,53,75,46,54,77,61,79,69,52,43,41,65,67,71,73,59,63,78,70,57,38,+19 MissingAxioms=0,7,8,15,16,18,20,24,31,34,42,48,55,58,66 TotalTime=14.1
Step=65 ResultRays= 27135 RayPairs=  72229700 NewAxiom=21 PrevAxioms=1,2,3,4,5,6,9,10,12,14,17,19,22,23,25,28,32,33,36,38,40,44,49,56,64,72,11,13,35,46,27,60,74,29,68,76,26,30,51,37,53,70,75,47,54,77,73,61,63,50,69,57,45,65,39,59,79,43,67,52,71,78,62,41,+21 MissingAxioms=0,7,8,15,16,18,20,24,31,34,42,48,55,58,66 TotalTime=14.7
Step=65 ResultRays= 27135 RayPairs=  59787800 NewAxiom=22 PrevAxioms=1,2,3,4,5,6,9,10,12,14,17,19,21,23,25,28,32,33,36,38,40,44,49,56,64,72,11,13,35,46,27,60,74,29,68,76,26,30,51,37,39,53,75,69,71,52,78,61,77,45,63,50,47,73,43,67,79,59,54,65,62,57,41,70,+22 MissingAxioms=0,7,8,15,16,18,20,24,31,34,42,48,55,58,66 TotalTime=11.0
Step=65 ResultRays= 27135 RayPairs=  67352868 NewAxiom=23 PrevAxioms=1,2,3,4,5,6,9,10,12,14,17,19,21,22,25,28,32,33,36,39,40,44,49,56,64,72,11,13,35,60,68,74,27,76,29,26,30,37,45,47,51,62,53,75,54,38,61,77,79,43,41,73,70,52,69,50,65,67,71,78,63,59,57,46,+23 MissingAxioms=0,7,8,15,16,18,20,24,31,34,42,48,55,58,66 TotalTime=11.9
Step=65 ResultRays= 27135 RayPairs=  90830765 NewAxiom=25 PrevAxioms=1,2,3,4,5,6,9,10,12,14,17,19,21,22,23,26,28,32,33,36,40,44,49,56,64,72,11,13,35,60,68,74,27,51,76,29,37,39,69,71,50,30,45,47,54,77,38,79,61,63,59,75,43,41,57,67,62,70,73,78,52,53,65,46,+25 MissingAxioms=0,7,8,15,16,18,20,24,31,34,42,48,55,58,66 TotalTime=13.1
Step=65 ResultRays= 27135 RayPairs=  90830765 NewAxiom=26 PrevAxioms=1,2,3,4,5,6,9,10,12,14,17,19,21,22,23,25,28,32,33,36,40,44,49,56,64,72,11,13,35,60,68,74,27,76,29,30,37,39,45,47,51,50,61,63,53,75,46,59,65,54,67,77,79,71,43,52,62,69,78,73,41,57,38,70,+26 MissingAxioms=0,7,8,15,16,18,20,24,31,34,42,48,55,58,66 TotalTime=15.7
Step=65 ResultRays= 27135 RayPairs=  50477358 NewAxiom=27 PrevAxioms=1,2,3,4,5,6,9,10,12,14,17,19,21,22,23,25,28,32,33,36,40,44,49,56,64,72,11,13,35,60,68,74,51,76,29,53,69,37,39,71,50,30,75,70,73,45,47,61,63,57,59,26,77,65,46,38,79,67,43,54,62,52,78,41,+27 MissingAxioms=0,7,8,15,16,18,20,24,31,34,42,48,55,58,66 TotalTime=8.8
Step=65 ResultRays= 27135 RayPairs=  80269992 NewAxiom=28 PrevAxioms=1,2,3,4,5,6,9,10,12,14,17,19,21,22,23,25,29,32,33,36,40,44,49,56,64,72,11,13,35,53,60,68,74,75,52,76,27,45,47,61,63,46,54,26,69,71,51,37,39,59,73,50,77,79,67,43,70,62,57,30,38,78,41,65,+28 MissingAxioms=0,7,8,15,16,18,20,24,31,34,42,48,55,58,66 TotalTime=13.2
Step=65 ResultRays= 27135 RayPairs=  74649795 NewAxiom=29 PrevAxioms=1,2,3,4,5,6,9,10,12,14,17,19,21,22,23,25,28,32,33,36,40,44,49,56,64,72,11,13,35,60,68,74,27,76,30,26,45,47,61,63,51,50,54,77,62,57,37,39,59,69,52,79,75,43,71,67,73,53,46,65,78,38,41,70,+29 MissingAxioms=0,7,8,15,16,18,20,24,31,34,42,48,55,58,66 TotalTime=11.9
Step=65 ResultRays= 27135 RayPairs=  74649795 NewAxiom=30 PrevAxioms=1,2,3,4,5,6,9,10,12,14,17,19,21,22,23,25,28,32,33,36,40,44,49,56,64,72,11,13,35,60,68,74,27,76,29,26,37,39,51,69,71,53,75,70,73,61,63,41,50,45,77,47,59,43,65,79,62,38,67,46,78,54,52,57,+30 MissingAxioms=0,7,8,15,16,18,20,24,31,34,42,48,55,58,66 TotalTime=11.1
Step=65 ResultRays= 27135 RayPairs=  50803720 NewAxiom=32 PrevAxioms=1,2,3,4,5,6,9,10,12,14,17,19,21,22,23,25,28,33,36,40,41,44,49,56,64,72,11,13,35,43,68,76,27,29,37,39,26,30,45,47,51,50,70,54,77,38,75,46,53,69,79,74,60,61,52,62,73,67,65,71,63,59,78,57,+32 MissingAxioms=0,7,8,15,16,18,20,24,31,34,42,48,55,58,66 TotalTime=8.7
Step=65 ResultRays= 27135 RayPairs= 102433496 NewAxiom=33 PrevAxioms=1,2,3,4,5,6,9,10,12,14,17,19,21,22,23,25,28,32,35,36,40,44,49,56,64,72,11,13,60,68,74,27,76,29,26,30,37,39,70,51,77,79,38,45,47,50,78,67,59,63,61,65,52,69,73,54,71,75,43,53,41,57,46,62,+33 MissingAxioms=0,7,8,15,16,18,20,24,31,34,42,48,55,58,66 TotalTime=19.4
Step=65 ResultRays= 27135 RayPairs=  82199524 NewAxiom=35 PrevAxioms=1,2,3,4,5,6,9,10,12,14,17,19,21,22,23,25,28,32,33,36,40,44,49,56,64,72,11,13,60,68,74,27,76,29,26,30,37,39,70,51,77,38,45,47,50,79,61,75,43,53,63,69,73,59,57,62,52,54,46,78,71,67,65,41,+35 MissingAxioms=0,7,8,15,16,18,20,24,31,34,42,48,55,58,66 TotalTime=22.2
Step=65 ResultRays= 27135 RayPairs=  63777648 NewAxiom=36 PrevAxioms=1,2,3,4,5,6,9,10,12,14,17,19,21,22,23,25,28,32,33,37,40,44,49,56,64,72,11,13,35,39,68,76,27,29,26,30,45,47,38,51,77,79,57,59,53,50,65,67,63,54,60,74,75,43,69,52,71,61,78,73,41,70,62,46,+36 MissingAxioms=0,7,8,15,16,18,20,24,31,34,42,48,55,58,66 TotalTime=11.9
Step=65 ResultRays= 27135 RayPairs=  63142836 NewAxiom=37 PrevAxioms=1,2,3,4,5,6,9,10,12,14,17,19,21,22,23,25,28,32,33,36,40,44,49,56,64,72,11,13,35,60,68,74,27,76,29,26,30,45,47,51,61,63,77,57,59,39,46,50,67,65,79,53,75,71,43,78,73,69,54,52,38,62,41,70,+37 MissingAxioms=0,7,8,15,16,18,20,24,31,34,42,48,55,58,66 TotalTime=15.0
Step=65 ResultRays= 27135 RayPairs=  86958846 NewAxiom=38 PrevAxioms=1,2,3,4,5,6,9,10,12,14,17,19,21,22,23,25,28,32,33,36,40,44,49,56,64,72,11,13,35,60,68,74,27,76,29,26,30,37,39,45,47,51,62,53,75,54,52,61,69,71,77,50,73,63,59,79,67,43,70,46,78,57,65,41,+38 MissingAxioms=0,7,8,15,16,18,20,24,31,34,42,48,55,58,66 TotalTime=11.5
Step=65 ResultRays= 27135 RayPairs=  74490010 NewAxiom=39 PrevAxioms=1,2,3,4,5,6,9,10,12,14,17,19,21,22,23,25,28,32,33,36,40,44,49,56,64,72,11,13,35,60,68,74,27,76,29,26,30,37,45,47,51,61,63,77,57,59,79,46,50,67,65,62,75,71,43,53,69,73,54,78,70,52,41,38,+39 MissingAxioms=0,7,8,15,16,18,20,24,31,34,42,48,55,58,66 TotalTime=11.8
Step=65 ResultRays= 27135 RayPairs=  50803720 NewAxiom=40 PrevAxioms=1,2,3,4,5,6,9,10,12,14,17,19,21,22,23,25,28,32,33,36,41,44,49,56,64,72,11,13,35,43,60,74,27,29,26,30,45,47,37,39,51,61,63,50,59,54,46,67,71,57,69,38,70,75,79,77,76,73,68,62,78,53,52,65,+40 MissingAxioms=0,7,8,15,16,18,20,24,31,34,42,48,55,58,66 TotalTime=11.0
Step=65 ResultRays= 27135 RayPairs= 102433496 NewAxiom=41 PrevAxioms=1,2,3,4,5,6,9,10,12,14,17,19,21,22,23,25,28,32,33,36,40,44,49,56,64,72,11,13,35,60,68,74,27,76,29,26,30,37,39,45,47,51,62,53,75,54,38,61,77,79,43,69,52,71,67,46,63,65,59,78,73,50,57,70,+41 MissingAxioms=0,7,8,15,16,18,20,24,31,34,42,48,55,58,66 TotalTime=16.8
Step=65 ResultRays= 27135 RayPairs=  82199524 NewAxiom=43 PrevAxioms=1,2,3,4,5,6,9,10,12,14,17,19,21,22,23,25,28,32,33,36,40,44,49,56,64,72,11,13,35,60,68,74,27,76,29,26,30,37,39,45,47,51,62,53,75,54,38,61,77,79,69,52,59,57,71,67,63,65,46,41,73,70,78,50,+43 MissingAxioms=0,7,8,15,16,18,20,24,31,34,42,48,55,58,66 TotalTime=12.9
Step=65 ResultRays= 27135 RayPairs=  63777648 NewAxiom=44 PrevAxioms=1,2,3,4,5,6,9,10,12,14,17,19,21,22,23,25,28,32,33,36,40,45,49,56,64,72,11,13,35,47,60,74,27,29,26,30,37,39,46,51,61,63,41,43,54,52,75,79,59,77,76,68,69,71,53,70,57,62,67,78,50,73,65,38,+44 MissingAxioms=0,7,8,15,16,18,20,24,31,34,42,48,55,58,66 TotalTime=12.4
Step=65 ResultRays= 27135 RayPairs=  63142836 NewAxiom=45 PrevAxioms=1,2,3,4,5,6,9,10,12,14,17,19,21,22,23,25,28,32,33,36,40,44,49,56,64,72,11,13,35,60,68,74,27,76,29,26,30,37,39,51,77,79,61,46,59,63,57,53,75,69,71,67,50,73,38,70,54,47,43,62,78,52,41,65,+45 MissingAxioms=0,7,8,15,16,18,20,24,31,34,42,48,55,58,66 TotalTime=13.3
Step=65 ResultRays= 27135 RayPairs=  86958846 NewAxiom=46 PrevAxioms=1,2,3,4,5,6,9,10,12,14,17,19,21,22,23,25,28,32,33,36,40,44,49,56,64,72,11,13,35,60,68,74,27,76,29,26,30,37,39,45,47,51,62,53,75,54,38,61,77,79,43,41,70,69,52,73,67,65,71,63,59,78,50,57,+46 MissingAxioms=0,7,8,15,16,18,20,24,31,34,42,48,55,58,66 TotalTime=13.3
Step=65 ResultRays= 27135 RayPairs=  74490010 NewAxiom=47 PrevAxioms=1,2,3,4,5,6,9,10,12,14,17,19,21,22,23,25,28,32,33,36,40,44,49,56,64,72,11,13,35,60,68,74,27,76,29,26,30,37,39,45,51,61,63,77,59,57,79,75,50,69,71,70,67,54,73,62,38,46,52,53,78,65,43,41,+47 MissingAxioms=0,7,8,15,16,18,20,24,31,34,42,48,55,58,66 TotalTime=12.6
Step=65 ResultRays= 27135 RayPairs=  90830765 NewAxiom=49 PrevAxioms=1,2,3,4,5,6,9,10,12,14,17,19,21,22,23,25,28,32,33,36,40,44,50,56,64,72,11,13,35,60,68,74,27,51,76,30,45,47,61,63,26,54,77,62,69,71,41,43,73,29,37,75,39,65,59,79,70,67,78,52,46,57,53,38,+49 MissingAxioms=0,7,8,15,16,18,20,24,31,34,42,48,55,58,66 TotalTime=11.5
Step=65 ResultRays= 27135 RayPairs=  90830765 NewAxiom=50 PrevAxioms=1,2,3,4,5,6,9,10,12,14,17,19,21,22,23,25,28,32,33,36,40,44,49,56,64,72,11,13,35,60,68,74,27,76,29,26,30,37,39,45,47,51,62,53,75,54,38,61,77,79,43,41,70,69,52,73,67,65,71,63,59,78,46,57,+50 MissingAxioms=0,7,8,15,16,18,20,24,31,34,42,48,55,58,66 TotalTime=13.5
Step=65 ResultRays= 27135 RayPairs=  50477358 NewAxiom=51 PrevAxioms=1,2,3,4,5,6,9,10,12,14,17,19,21,22,23,25,28,32,33,36,40,44,49,56,64,72,11,13,35,60,68,74,27,76,29,26,30,37,39,45,47,52,53,75,46,61,63,54,59,69,71,50,77,79,67,57,43,70,62,73,38,65,78,41,+51 MissingAxioms=0,7,8,15,16,18,20,24,31,34,42,48,55,58,66 TotalTime=8.2
Step=65 ResultRays= 27135 RayPairs=  80269992 NewAxiom=52 PrevAxioms=1,2,3,4,5,6,9,10,12,14,17,19,21,22,23,25,28,32,33,36,40,44,49,56,64,72,11,13,35,60,68,74,27,76,29,26,30,37,39,45,47,51,62,53,75,54,38,61,77,79,43,41,70,69,73,67,71,63,59,57,50,78,65,46,+52 MissingAxioms=0,7,8,15,16,18,20,24,31,34,42,48,55,58,66 TotalTime=13.4
Step=65 ResultRays= 27135 RayPairs=  74649795 NewAxiom=53 PrevAxioms=1,2,3,4,5,6,9,10,12,14,17,19,21,22,23,25,28,32,33,36,40,44,49,56,64,72,11,13,35,60,68,74,27,76,29,26,30,37,39,45,47,51,62,77,61,38,79,50,69,75,43,41,54,52,73,71,67,70,57,59,63,78,65,46,+53 MissingAxioms=0,7,8,15,16,18,20,24,31,34,42,48,55,58,66 TotalTime=13.6
Step=65 ResultRays= 27135 RayPairs=  74649795 NewAxiom=54 PrevAxioms=1,2,3,4,5,6,9,10,12,14,17,19,21,22,23,25,28,32,33,36,40,44,49,56,64,72,11,13,35,60,68,74,27,76,29,26,30,37,39,45,47,51,62,53,75,38,50,61,69,73,71,77,65,46,79,41,43,67,52,70,59,63,78,57,+54 MissingAxioms=0,7,8,15,16,18,20,24,31,34,42,48,55,58,66 TotalTime=13.8
Step=65 ResultRays= 27135 RayPairs=  50803720 NewAxiom=56 PrevAxioms=1,2,3,4,5,6,9,10,12,14,17,19,21,22,23,25,28,32,33,36,40,44,49,57,64,72,11,13,35,68,74,27,76,29,59,26,30,37,61,63,39,45,51,77,60,47,38,79,53,75,69,43,62,71,67,41,70,50,73,46,78,65,54,52,+56 MissingAxioms=0,7,8,15,16,18,20,24,31,34,42,48,55,58,66 TotalTime=10.9
Step=65 ResultRays= 27135 RayPairs= 102433496 NewAxiom=57 PrevAxioms=1,2,3,4,5,6,9,10,12,14,17,19,21,22,23,25,28,32,33,36,40,44,49,56,64,72,11,13,35,60,68,74,27,76,29,26,30,37,39,45,47,51,62,53,75,54,38,61,77,79,43,41,70,69,52,73,67,65,71,63,59,78,50,46,+57 MissingAxioms=0,7,8,15,16,18,20,24,31,34,42,48,55,58,66 TotalTime=13.8
Step=65 ResultRays= 27135 RayPairs=  82199524 NewAxiom=59 PrevAxioms=1,2,3,4,5,6,9,10,12,14,17,19,21,22,23,25,28,32,33,36,40,44,49,56,64,72,11,13,35,60,68,74,27,76,29,26,30,37,39,45,47,51,62,53,75,54,38,61,77,79,43,41,70,69,52,73,67,65,71,63,57,78,50,46,+59 MissingAxioms=0,7,8,15,16,18,20,24,31,34,42,48,55,58,66 TotalTime=13.6
Step=65 ResultRays= 27135 RayPairs=  63777648 NewAxiom=60 PrevAxioms=1,2,3,4,5,6,9,10,12,14,17,19,21,22,23,25,28,32,33,36,40,44,49,56,64,72,11,13,35,68,74,27,76,29,26,30,37,39,45,47,51,50,70,54,77,38,79,53,75,69,43,52,61,41,63,59,57,71,67,73,78,65,46,62,+60 MissingAxioms=0,7,8,15,16,18,20,24,31,34,42,48,55,58,66 TotalTime=13.9
Step=65 ResultRays= 27135 RayPairs=  63142836 NewAxiom=61 PrevAxioms=1,2,3,4,5,6,9,10,12,14,17,19,21,22,23,25,28,32,33,36,40,44,49,56,64,72,11,13,35,60,68,74,27,76,29,26,30,37,39,45,47,51,62,53,75,54,38,77,63,59,79,69,43,41,70,52,57,50,46,78,67,71,65,73,+61 MissingAxioms=0,7,8,15,16,18,20,24,31,34,42,48,55,58,66 TotalTime=14.4
Step=65 ResultRays= 27135 RayPairs=  86958846 NewAxiom=62 PrevAxioms=1,2,3,4,5,6,9,10,12,14,17,19,21,22,23,25,28,32,33,36,40,44,49,56,64,72,11,13,35,60,68,74,27,76,29,26,30,37,39,45,47,51,50,70,54,77,38,79,53,75,69,43,61,52,41,63,59,57,73,71,67,78,65,46,+62 MissingAxioms=0,7,8,15,16,18,20,24,31,34,42,48,55,58,66 TotalTime=13.0
Step=65 ResultRays= 27135 RayPairs=  74490010 NewAxiom=63 PrevAxioms=1,2,3,4,5,6,9,10,12,14,17,19,21,22,23,25,28,32,33,36,40,44,49,56,64,72,11,13,35,60,68,74,27,76,29,26,30,37,39,45,47,51,62,53,75,54,38,61,77,79,43,41,70,69,52,73,67,65,71,46,59,57,78,50,+63 MissingAxioms=0,7,8,15,16,18,20,24,31,34,42,48,55,58,66 TotalTime=12.8
Step=65 ResultRays= 27135 RayPairs=  50803720 NewAxiom=64 PrevAxioms=1,2,3,4,5,6,9,10,12,14,17,19,21,22,23,25,28,32,33,36,40,44,49,56,65,72,11,13,35,60,74,27,76,29,67,26,30,37,39,45,51,47,50,52,53,75,61,46,79,77,43,41,71,70,59,63,68,62,69,73,54,38,78,57,+64 MissingAxioms=0,7,8,15,16,18,20,24,31,34,42,48,55,58,66 TotalTime=10.1
Step=65 ResultRays= 27135 RayPairs= 102433496 NewAxiom=65 PrevAxioms=1,2,3,4,5,6,9,10,12,14,17,19,21,22,23,25,28,32,33,36,40,44,49,56,64,72,11,13,35,60,68,74,27,76,29,26,30,37,39,45,47,51,62,53,75,54,38,61,77,79,43,41,70,69,52,73,67,71,63,59,57,78,50,46,+65 MissingAxioms=0,7,8,15,16,18,20,24,31,34,42,48,55,58,66 TotalTime=13.2
Step=65 ResultRays= 27135 RayPairs=  82199524 NewAxiom=67 PrevAxioms=1,2,3,4,5,6,9,10,12,14,17,19,21,22,23,25,28,32,33,36,40,44,49,56,64,72,11,13,35,60,68,74,27,76,29,26,30,37,39,45,47,51,62,53,75,54,38,61,77,79,43,41,70,69,52,73,59,57,46,50,63,71,65,78,+67 MissingAxioms=0,7,8,15,16,18,20,24,31,34,42,48,55,58,66 TotalTime=12.1
Step=65 ResultRays= 27135 RayPairs=  63777648 NewAxiom=68 PrevAxioms=1,2,3,4,5,6,9,10,12,14,17,19,21,22,23,25,28,32,33,36,40,44,49,56,64,72,11,13,35,60,74,27,76,29,26,30,37,39,45,47,51,62,53,75,54,38,61,77,79,43,41,52,69,71,67,65,46,50,73,63,59,78,57,70,+68 MissingAxioms=0,7,8,15,16,18,20,24,31,34,42,48,55,58,66 TotalTime=13.2
Step=65 ResultRays= 27135 RayPairs=  63142836 NewAxiom=69 PrevAxioms=1,2,3,4,5,6,9,10,12,14,17,19,21,22,23,25,28,32,33,36,40,44,49,56,64,72,11,13,35,60,68,74,27,76,29,26,30,37,39,45,47,51,62,53,75,54,38,61,77,79,43,41,70,52,73,59,57,46,50,67,71,63,78,65,+69 MissingAxioms=0,7,8,15,16,18,20,24,31,34,42,48,55,58,66 TotalTime=11.7
Step=65 ResultRays= 27135 RayPairs=  86958846 NewAxiom=70 PrevAxioms=1,2,3,4,5,6,9,10,12,14,17,19,21,22,23,25,28,32,33,36,40,44,49,56,64,72,11,13,35,60,68,74,27,76,29,26,30,37,39,45,47,51,62,53,75,54,38,61,77,79,43,41,69,52,65,67,71,46,50,73,63,59,78,57,+70 MissingAxioms=0,7,8,15,16,18,20,24,31,34,42,48,55,58,66 TotalTime=12.7
Step=65 ResultRays= 27135 RayPairs=  74490010 NewAxiom=71 PrevAxioms=1,2,3,4,5,6,9,10,12,14,17,19,21,22,23,25,28,32,33,36,40,44,49,56,64,72,11,13,35,60,68,74,27,76,29,26,30,37,39,45,47,51,62,53,75,54,38,61,77,79,43,41,70,69,52,73,67,65,46,50,78,63,59,57,+71 MissingAxioms=0,7,8,15,16,18,20,24,31,34,42,48,55,58,66 TotalTime=13.2
Step=65 ResultRays= 27135 RayPairs=  56255485 NewAxiom=72 PrevAxioms=1,2,3,4,5,6,9,10,12,14,17,19,21,22,23,25,28,32,33,36,40,44,49,56,64,73,11,13,35,60,68,27,29,26,30,37,39,45,47,51,75,50,70,54,69,46,61,57,63,59,53,74,41,77,43,79,76,62,52,67,71,78,38,65,+72 MissingAxioms=0,7,8,15,16,18,20,24,31,34,42,48,55,58,66 TotalTime=10.1
Step=65 ResultRays= 27135 RayPairs=  83949138 NewAxiom=73 PrevAxioms=1,2,3,4,5,6,9,10,12,14,17,19,21,22,23,25,28,32,33,36,40,44,49,56,64,72,11,13,35,60,68,74,27,76,29,26,30,37,39,45,47,51,62,53,75,54,38,61,77,79,43,41,70,69,52,50,46,59,57,63,71,67,78,65,+73 MissingAxioms=0,7,8,15,16,18,20,24,31,34,42,48,55,58,66 TotalTime=11.8
Step=65 ResultRays= 27135 RayPairs=  52149124 NewAxiom=74 PrevAxioms=1,2,3,4,5,6,9,10,12,14,17,19,21,22,23,25,28,32,33,36,40,44,49,56,64,72,11,13,35,60,68,76,27,29,26,30,37,39,45,47,51,62,53,75,54,38,61,77,79,43,41,70,69,52,73,59,57,46,50,63,71,67,78,65,+74 MissingAxioms=0,7,8,15,16,18,20,24,31,34,42,48,55,58,66 TotalTime=13.3
Step=65 ResultRays= 27135 RayPairs=  54624447 NewAxiom=75 PrevAxioms=1,2,3,4,5,6,9,10,12,14,17,19,21,22,23,25,28,32,33,36,40,44,49,56,64,72,11,13,35,60,68,74,27,76,29,26,30,37,39,45,47,51,62,53,50,46,54,77,79,69,43,52,41,61,71,67,65,73,63,59,78,70,57,38,+75 MissingAxioms=0,7,8,15,16,18,20,24,31,34,42,48,55,58,66 TotalTime=13.7
Step=65 ResultRays= 27135 RayPairs=  52149124 NewAxiom=76 PrevAxioms=1,2,3,4,5,6,9,10,12,14,17,19,21,22,23,25,28,32,33,36,40,44,49,56,64,72,11,13,35,60,68,74,27,29,26,30,37,39,45,47,51,62,53,75,54,38,61,77,79,43,41,70,69,52,50,73,67,65,71,63,59,78,57,46,+76 MissingAxioms=0,7,8,15,16,18,20,24,31,34,42,48,55,58,66 TotalTime=12.8
Step=65 ResultRays= 27135 RayPairs=  54624447 NewAxiom=77 PrevAxioms=1,2,3,4,5,6,9,10,12,14,17,19,21,22,23,25,28,32,33,36,40,44,49,56,64,72,11,13,35,60,68,74,27,76,29,26,30,37,39,45,47,51,62,53,75,54,38,61,78,63,69,71,59,52,46,73,79,43,67,50,57,65,41,70,+77 MissingAxioms=0,7,8,15,16,18,20,24,31,34,42,48,55,58,66 TotalTime=16.5
Step=65 ResultRays= 27135 RayPairs=  52041187 NewAxiom=78 PrevAxioms=1,2,3,4,5,6,9,10,12,14,17,19,21,22,23,25,28,32,33,36,40,44,49,56,64,72,11,13,35,60,68,74,27,76,29,26,30,37,39,45,47,51,62,53,75,54,38,61,77,79,43,41,70,69,52,73,67,65,71,63,59,46,57,50,+78 MissingAxioms=0,7,8,15,16,18,20,24,31,34,42,48,55,58,66 TotalTime=12.3
Step=65 ResultRays= 27135 RayPairs=  84943446 NewAxiom=79 PrevAxioms=1,2,3,4,5,6,9,10,12,14,17,19,21,22,23,25,28,32,33,36,40,44,49,56,64,72,11,13,35,60,68,74,27,76,29,26,30,37,39,45,47,51,62,53,75,54,38,61,77,59,63,69,71,73,70,50,52,65,67,43,46,78,41,57,+79 MissingAxioms=0,7,8,15,16,18,20,24,31,34,42,48,55,58,66 TotalTime=10.7
Step=65 #############................. Axiom17 Group1 f({0, 1}) + f({0, 2}) >= f({0}) + f({0, 1, 2})
Step=65 ###############............... Axiom27 Group2 f({0, 1, 2}) + f({1, 2, 3}) >= f({1, 2}) + f({0, 1, 2, 3, 4})
Step=65 ###############............... Axiom51 Group2 f({0, 1, 2}) + f({1, 2, 4}) >= f({1, 2}) + f({0, 1, 2, 3, 4})
Step=65 ###############............... Axiom32 Group0 f({1}) + f({3}) >= f({1, 3})
Step=65 ###############............... Axiom40 Group0 f({2}) + f({3}) >= f({2, 3})
Step=65 ###############............... Axiom56 Group0 f({1}) + f({4}) >= f({1, 4})
Step=65 ###############............... Axiom64 Group0 f({2}) + f({4}) >= f({2, 4})
Step=65 ###############............... Axiom78 Group2 f({1, 2, 3}) + f({1, 2, 4}) >= f({1, 2}) + f({0, 1, 2, 3, 4})
Step=65 ###############............... Axiom74 Group1 f({1, 3}) + f({1, 4}) >= f({1}) + f({1, 3, 4})
Step=65 ###############............... Axiom76 Group1 f({2, 3}) + f({2, 4}) >= f({2}) + f({2, 3, 4})
Step=65 ################.............. Axiom75 Group2 f({0, 1, 3}) + f({0, 1, 4}) >= f({0, 1}) + f({0, 1, 2, 3, 4})
Step=65 ################.............. Axiom77 Group2 f({0, 2, 3}) + f({0, 2, 4}) >= f({0, 2}) + f({0, 1, 2, 3, 4})
Step=65 ################.............. Axiom72 Group0 f({3}) + f({4}) >= f({3, 4})
Step=65 ##################............ Axiom22 Group2 f({1, 3, 4}) + f({2, 3, 4}) >= f({0, 1, 2, 3, 4}) + f({3, 4})
Step=65 ##################............ Axiom37 Group2 f({0, 1, 4}) + f({0, 3, 4}) >= f({0, 1, 2, 3, 4}) + f({0, 4})
Step=65 ##################............ Axiom45 Group2 f({0, 2, 4}) + f({0, 3, 4}) >= f({0, 1, 2, 3, 4}) + f({0, 4})
Step=65 ##################............ Axiom61 Group2 f({0, 1, 3}) + f({0, 3, 4}) >= f({0, 3}) + f({0, 1, 2, 3, 4})
Step=65 ##################............ Axiom69 Group2 f({0, 2, 3}) + f({0, 3, 4}) >= f({0, 3}) + f({0, 1, 2, 3, 4})
Step=65 ###################........... Axiom36 Group1 f({1, 4}) + f({3, 4}) >= f({4}) + f({1, 3, 4})
Step=65 ###################........... Axiom44 Group1 f({2, 4}) + f({3, 4}) >= f({4}) + f({2, 3, 4})
Step=65 ###################........... Axiom60 Group1 f({1, 3}) + f({3, 4}) >= f({3}) + f({1, 3, 4})
Step=65 ###################........... Axiom68 Group1 f({2, 3}) + f({3, 4}) >= f({3}) + f({2, 3, 4})
Step=65 ####################.......... Axiom1 Group1 f({0, 2}) + f({1, 2}) >= f({2}) + f({0, 1, 2})
Step=65 ####################.......... Axiom9 Group1 f({0, 1}) + f({1, 2}) >= f({1}) + f({0, 1, 2})
Step=65 ####################.......... Axiom23 Group3 f({0, 1, 2, 3, 4}) >= f({0, 3, 4})
Step=65 ####################.......... Axiom6 Group2 f({0, 3, 4}) + f({1, 3, 4}) >= f({0, 1, 2, 3, 4}) + f({3, 4})
Step=65 ####################.......... Axiom14 Group2 f({0, 3, 4}) + f({2, 3, 4}) >= f({0, 1, 2, 3, 4}) + f({3, 4})
Step=65 #####################......... Axiom19 Group2 f({0, 1, 3}) + f({0, 2, 3}) >= f({0, 3}) + f({0, 1, 2, 3, 4})
Step=65 #####################......... Axiom21 Group2 f({0, 1, 4}) + f({0, 2, 4}) >= f({0, 1, 2, 3, 4}) + f({0, 4})
Step=65 ######################........ Axiom39 Group3 f({0, 1, 2, 3, 4}) >= f({0, 2, 4})
Step=65 ######################........ Axiom47 Group3 f({0, 1, 2, 3, 4}) >= f({0, 1, 4})
Step=65 ######################........ Axiom63 Group3 f({0, 1, 2, 3, 4}) >= f({0, 2, 3})
Step=65 ######################........ Axiom71 Group3 f({0, 1, 2, 3, 4}) >= f({0, 1, 3})
Step=65 ######################........ Axiom29 Group2 f({0, 1, 4}) + f({1, 3, 4}) >= f({0, 1, 2, 3, 4}) + f({1, 4})
Step=65 ######################........ Axiom30 Group2 f({0, 2, 4}) + f({2, 3, 4}) >= f({0, 1, 2, 3, 4}) + f({2, 4})
Step=65 ######################........ Axiom53 Group2 f({0, 1, 3}) + f({1, 3, 4}) >= f({1, 3}) + f({0, 1, 2, 3, 4})
Step=65 ######################........ Axiom54 Group2 f({0, 2, 3}) + f({2, 3, 4}) >= f({2, 3}) + f({0, 1, 2, 3, 4})
Step=65 ########################...... Axiom28 Group1 f({0, 4}) + f({3, 4}) >= f({4}) + f({0, 3, 4})
Step=65 ########################...... Axiom52 Group1 f({0, 3}) + f({3, 4}) >= f({3}) + f({0, 3, 4})
Step=65 ########################...... Axiom35 Group2 f({0, 1, 2}) + f({0, 2, 3}) >= f({0, 2}) + f({0, 1, 2, 3, 4})
Step=65 ########################...... Axiom43 Group2 f({0, 1, 2}) + f({0, 1, 3}) >= f({0, 1}) + f({0, 1, 2, 3, 4})
Step=65 ########################...... Axiom59 Group2 f({0, 1, 2}) + f({0, 2, 4}) >= f({0, 2}) + f({0, 1, 2, 3, 4})
Step=65 ########################...... Axiom67 Group2 f({0, 1, 2}) + f({0, 1, 4}) >= f({0, 1}) + f({0, 1, 2, 3, 4})
Step=65 #########################..... Axiom73 Group1 f({0, 3}) + f({0, 4}) >= f({0}) + f({0, 3, 4})
Step=65 #########################..... Axiom3 Group2 f({0, 2, 3}) + f({1, 2, 3}) >= f({2, 3}) + f({0, 1, 2, 3, 4})
Step=65 #########################..... Axiom5 Group2 f({0, 2, 4}) + f({1, 2, 4}) >= f({0, 1, 2, 3, 4}) + f({2, 4})
Step=65 #########################..... Axiom11 Group2 f({0, 1, 3}) + f({1, 2, 3}) >= f({1, 3}) + f({0, 1, 2, 3, 4})
Step=65 #########################..... Axiom13 Group2 f({0, 1, 4}) + f({1, 2, 4}) >= f({0, 1, 2, 3, 4}) + f({1, 4})
Step=65 #########################..... Axiom79 Group3 f({0, 1, 2, 3, 4}) >= f({0, 1, 2})
Step=65 #########################..... Axiom2 Group1 f({0, 3}) + f({1, 3}) >= f({3}) + f({0, 1, 3})
Step=65 #########################..... Axiom4 Group1 f({0, 4}) + f({1, 4}) >= f({4}) + f({0, 1, 4})
Step=65 #########################..... Axiom10 Group1 f({0, 3}) + f({2, 3}) >= f({3}) + f({0, 2, 3})
Step=65 #########################..... Axiom12 Group1 f({0, 4}) + f({2, 4}) >= f({4}) + f({0, 2, 4})
Step=65 #########################..... Axiom38 Group2 f({1, 2, 4}) + f({2, 3, 4}) >= f({0, 1, 2, 3, 4}) + f({2, 4})
Step=65 #########################..... Axiom46 Group2 f({1, 2, 4}) + f({1, 3, 4}) >= f({0, 1, 2, 3, 4}) + f({1, 4})
Step=65 #########################..... Axiom62 Group2 f({1, 2, 3}) + f({2, 3, 4}) >= f({2, 3}) + f({0, 1, 2, 3, 4})
Step=65 #########################..... Axiom70 Group2 f({1, 2, 3}) + f({1, 3, 4}) >= f({1, 3}) + f({0, 1, 2, 3, 4})
Step=65 ###########################... Axiom25 Group1 f({0, 1}) + f({1, 3}) >= f({1}) + f({0, 1, 3})
Step=65 ###########################... Axiom26 Group1 f({0, 2}) + f({2, 3}) >= f({2}) + f({0, 2, 3})
Step=65 ###########################... Axiom49 Group1 f({0, 1}) + f({1, 4}) >= f({1}) + f({0, 1, 4})
Step=65 ###########################... Axiom50 Group1 f({0, 2}) + f({2, 4}) >= f({2}) + f({0, 2, 4})
Step=65 ############################## Axiom33 Group1 f({0, 1}) + f({0, 3}) >= f({0}) + f({0, 1, 3})
Step=65 ############################## Axiom41 Group1 f({0, 2}) + f({0, 3}) >= f({0}) + f({0, 2, 3})
Step=65 ############################## Axiom57 Group1 f({0, 1}) + f({0, 4}) >= f({0}) + f({0, 1, 4})
Step=65 ############################## Axiom65 Group1 f({0, 2}) + f({0, 4}) >= f({0}) + f({0, 2, 4})
