Step=27 PrevRays=    26 ResultRays=    30 RayPairs=         6 NewAxiom=59 PrevAxioms=6,14,21,22,30,37,38,43,44,45,46,54,61,62,67,68,69,70,72,73,74,75,76,77,78,79,+59 MissingAxioms=0,1,2,3,4,5,7,8,9,10,11,12,13,15,16,17,18,19,20,23,24,25,26,27,28,29,31,32,33,34,35,36,39,40,41,42,47,48,49,50,51,52,53,55,56,57,58,60,63,64,65,66,71
Step=28 PrevRays=    30 ResultRays=    35 RayPairs=        12 NewAxiom=35 PrevAxioms=6,14,21,22,30,37,38,43,44,45,46,54,61,62,67,68,69,70,72,73,74,75,76,77,78,79,59,+35 MissingAxioms=0,1,2,3,4,5,7,8,9,10,11,12,13,15,16,17,18,19,20,23,24,25,26,27,28,29,31,32,33,34,36,39,40,41,42,47,48,49,50,51,52,53,55,56,57,58,60,63,64,65,66,71
Step=29 PrevRays=    35 ResultRays=    37 RayPairs=        20 NewAxiom=19 PrevAxioms=6,14,21,22,30,37,38,43,44,45,46,54,61,62,67,68,69,70,72,73,74,75,76,77,78,79,59,35,+19 MissingAxioms=0,1,2,3,4,5,7,8,9,10,11,12,13,15,16,17,18,20,23,24,25,26,27,28,29,31,32,33,34,36,39,40,41,42,47,48,49,50,51,52,53,55,56,57,58,60,63,64,65,66,71
Step=30 PrevRays=    37 ResultRays=    47 RayPairs=        20 NewAxiom=53 PrevAxioms=6,14,21,22,30,37,38,43,44,45,46,54,61,62,67,68,69,70,72,73,74,75,76,77,78,79,59,35,19,+53 MissingAxioms=0,1,2,3,4,5,7,8,9,10,11,12,13,15,16,17,18,20,23,24,25,26,27,28,29,31,32,33,34,36,39,40,41,42,47,48,49,50,51,52,55,56,57,58,60,63,64,65,66,71
Step=31 PrevRays=    47 ResultRays=    54 RayPairs=        42 NewAxiom=51 PrevAxioms=6,14,21,22,30,37,38,43,44,45,46,54,61,62,67,68,69,70,72,73,74,75,76,77,78,79,59,35,19,53,+51 MissingAxioms=0,1,2,3,4,5,7,8,9,10,11,12,13,15,16,17,18,20,23,24,25,26,27,28,29,31,32,33,34,36,39,40,41,42,47,48,49,50,52,55,56,57,58,60,63,64,65,66,71
Step=32 PrevRays=    54 ResultRays=    70 RayPairs=        42 NewAxiom=29 PrevAxioms=6,14,21,22,30,37,38,43,44,45,46,54,61,62,67,68,69,70,72,73,74,75,76,77,78,79,59,35,19,53,51,+29 MissingAxioms=0,1,2,3,4,5,7,8,9,10,11,12,13,15,16,17,18,20,23,24,25,26,27,28,31,32,33,34,36,39,40,41,42,47,48,49,50,52,55,56,57,58,60,63,64,65,66,71
Step=33 PrevRays=    70 ResultRays=    84 RayPairs=       180 NewAxiom=27 PrevAxioms=6,14,21,22,30,37,38,43,44,45,46,54,61,62,67,68,69,70,72,73,74,75,76,77,78,79,59,35,19,53,51,29,+27 MissingAxioms=0,1,2,3,4,5,7,8,9,10,11,12,13,15,16,17,18,20,23,24,25,26,28,31,32,33,34,36,39,40,41,42,47,48,49,50,52,55,56,57,58,60,63,64,65,66,71
Step=34 PrevRays=    84 ResultRays=   113 RayPairs=       252 NewAxiom=13 PrevAxioms=6,14,21,22,30,37,38,43,44,45,46,54,61,62,67,68,69,70,72,73,74,75,76,77,78,79,59,35,19,53,51,29,27,+13 MissingAxioms=0,1,2,3,4,5,7,8,9,10,11,12,15,16,17,18,20,23,24,25,26,28,31,32,33,34,36,39,40,41,42,47,48,49,50,52,55,56,57,58,60,63,64,65,66,71
Step=35 PrevRays=   113 ResultRays=   132 RayPairs=       682 NewAxiom=11 PrevAxioms=6,14,21,22,30,37,38,43,44,45,46,54,61,62,67,68,69,70,72,73,74,75,76,77,78,79,59,35,19,53,51,29,27,13,+11 MissingAxioms=0,1,2,3,4,5,7,8,9,10,12,15,16,17,18,20,23,24,25,26,28,31,32,33,34,36,39,40,41,42,47,48,49,50,52,55,56,57,58,60,63,64,65,66,71
Step=36 PrevRays=   132 ResultRays=   158 RayPairs=       812 NewAxiom=5 PrevAxioms=6,14,21,22,30,37,38,43,44,45,46,54,61,62,67,68,69,70,72,73,74,75,76,77,78,79,59,35,19,53,51,29,27,13,11,+5 MissingAxioms=0,1,2,3,4,7,8,9,10,12,15,16,17,18,20,23,24,25,26,28,31,32,33,34,36,39,40,41,42,47,48,49,50,52,55,56,57,58,60,63,64,65,66,71
Step=37 PrevRays=   158 ResultRays=   182 RayPairs=      2014 NewAxiom=3 PrevAxioms=6,14,21,22,30,37,38,43,44,45,46,54,61,62,67,68,69,70,72,73,74,75,76,77,78,79,59,35,19,53,51,29,27,13,11,5,+3 MissingAxioms=0,1,2,4,7,8,9,10,12,15,16,17,18,20,23,24,25,26,28,31,32,33,34,36,39,40,41,42,47,48,49,50,52,55,56,57,58,60,63,64,65,66,71
Step=38 PrevRays=   182 ResultRays=   210 RayPairs=       702 NewAxiom=66 PrevAxioms=6,14,21,22,30,37,38,43,44,45,46,54,61,62,67,68,69,70,72,73,74,75,76,77,78,79,59,35,19,53,51,29,27,13,11,5,3,+66 MissingAxioms=0,1,2,4,7,8,9,10,12,15,16,17,18,20,23,24,25,26,28,31,32,33,34,36,39,40,41,42,47,48,49,50,52,55,56,57,58,60,63,64,65,71
Step=39 PrevRays=   210 ResultRays=   243 RayPairs=      1190 NewAxiom=65 PrevAxioms=6,14,21,22,30,37,38,43,44,45,46,54,61,62,67,68,69,70,72,73,74,75,76,77,78,79,59,35,19,53,51,29,27,13,11,5,3,66,+65 MissingAxioms=0,1,2,4,7,8,9,10,12,15,16,17,18,20,23,24,25,26,28,31,32,33,34,36,39,40,41,42,47,48,49,50,52,55,56,57,58,60,63,64,71
Step=40 PrevRays=   243 ResultRays=   247 RayPairs=      1638 NewAxiom=42 PrevAxioms=6,14,21,22,30,37,38,43,44,45,46,54,61,62,67,68,69,70,72,73,74,75,76,77,78,79,59,35,19,53,51,29,27,13,11,5,3,66,65,+42 MissingAxioms=0,1,2,4,7,8,9,10,12,15,16,17,18,20,23,24,25,26,28,31,32,33,34,36,39,40,41,47,48,49,50,52,55,56,57,58,60,63,64,71
Step=41 PrevRays=   247 ResultRays=   244 RayPairs=      2150 NewAxiom=41 PrevAxioms=6,14,21,22,30,37,38,43,44,45,46,54,61,62,67,68,69,70,72,73,74,75,76,77,78,79,59,35,19,53,51,29,27,13,11,5,3,66,65,42,+41 MissingAxioms=0,1,2,4,7,8,9,10,12,15,16,17,18,20,23,24,25,26,28,31,32,33,34,36,39,40,47,48,49,50,52,55,56,57,58,60,63,64,71
Step=42 PrevRays=   244 ResultRays=   317 RayPairs=      1539 NewAxiom=60 PrevAxioms=6,14,21,22,30,37,38,43,44,45,46,54,61,62,67,68,69,70,72,73,74,75,76,77,78,79,59,35,19,53,51,29,27,13,11,5,3,66,65,42,41,+60 MissingAxioms=0,1,2,4,7,8,9,10,12,15,16,17,18,20,23,24,25,26,28,31,32,33,34,36,39,40,47,48,49,50,52,55,56,57,58,63,64,71
Step=43 PrevRays=   317 ResultRays=   391 RayPairs=      4030 NewAxiom=58 PrevAxioms=6,14,21,22,30,37,38,43,44,45,46,54,61,62,67,68,69,70,72,73,74,75,76,77,78,79,59,35,19,53,51,29,27,13,11,5,3,66,65,42,41,60,+58 MissingAxioms=0,1,2,4,7,8,9,10,12,15,16,17,18,20,23,24,25,26,28,31,32,33,34,36,39,40,47,48,49,50,52,55,56,57,63,64,71
Step=44 PrevRays=   391 ResultRays=   481 RayPairs=      3808 NewAxiom=57 PrevAxioms=6,14,21,22,30,37,38,43,44,45,46,54,61,62,67,68,69,70,72,73,74,75,76,77,78,79,59,35,19,53,51,29,27,13,11,5,3,66,65,42,41,60,58,+57 MissingAxioms=0,1,2,4,7,8,9,10,12,15,16,17,18,20,23,24,25,26,28,31,32,33,34,36,39,40,47,48,49,50,52,55,56,63,64,71
Step=45 PrevRays=   481 ResultRays=   648 RayPairs=      7506 NewAxiom=36 PrevAxioms=6,14,21,22,30,37,38,43,44,45,46,54,61,62,67,68,69,70,72,73,74,75,76,77,78,79,59,35,19,53,51,29,27,13,11,5,3,66,65,42,41,60,58,57,+36 MissingAxioms=0,1,2,4,7,8,9,10,12,15,16,17,18,20,23,24,25,26,28,31,32,33,34,39,40,47,48,49,50,52,55,56,63,64,71
Step=46 PrevRays=   648 ResultRays=   643 RayPairs=     27555 NewAxiom=34 PrevAxioms=6,14,21,22,30,37,38,43,44,45,46,54,61,62,67,68,69,70,72,73,74,75,76,77,78,79,59,35,19,53,51,29,27,13,11,5,3,66,65,42,41,60,58,57,36,+34 MissingAxioms=0,1,2,4,7,8,9,10,12,15,16,17,18,20,23,24,25,26,28,31,32,33,39,40,47,48,49,50,52,55,56,63,64,71
Step=47 PrevRays=   643 ResultRays=   645 RayPairs=     17640 NewAxiom=33 PrevAxioms=6,14,21,22,30,37,38,43,44,45,46,54,61,62,67,68,69,70,72,73,74,75,76,77,78,79,59,35,19,53,51,29,27,13,11,5,3,66,65,42,41,60,58,57,36,34,+33 MissingAxioms=0,1,2,4,7,8,9,10,12,15,16,17,18,20,23,24,25,26,28,31,32,39,40,47,48,49,50,52,55,56,63,64,71
Step=48 PrevRays=   645 ResultRays=   601 RayPairs=     16380 NewAxiom=20 PrevAxioms=6,14,21,22,30,37,38,43,44,45,46,54,61,62,67,68,69,70,72,73,74,75,76,77,78,79,59,35,19,53,51,29,27,13,11,5,3,66,65,42,41,60,58,57,36,34,33,+20 MissingAxioms=0,1,2,4,7,8,9,10,12,15,16,17,18,23,24,25,26,28,31,32,39,40,47,48,49,50,52,55,56,63,64,71
Step=49 PrevRays=   601 ResultRays=   598 RayPairs=     28480 NewAxiom=18 PrevAxioms=6,14,21,22,30,37,38,43,44,45,46,54,61,62,67,68,69,70,72,73,74,75,76,77,78,79,59,35,19,53,51,29,27,13,11,5,3,66,65,42,41,60,58,57,36,34,33,20,+18 MissingAxioms=0,1,2,4,7,8,9,10,12,15,16,17,23,24,25,26,28,31,32,39,40,47,48,49,50,52,55,56,63,64,71
Step=50 PrevRays=   598 ResultRays=   628 RayPairs=      9300 NewAxiom=17 PrevAxioms=6,14,21,22,30,37,38,43,44,45,46,54,61,62,67,68,69,70,72,73,74,75,76,77,78,79,59,35,19,53,51,29,27,13,11,5,3,66,65,42,41,60,58,57,36,34,33,20,18,+17 MissingAxioms=0,1,2,4,7,8,9,10,12,15,16,23,24,25,26,28,31,32,39,40,47,48,49,50,52,55,56,63,64,71
Step=51 PrevRays=   628 ResultRays=   899 RayPairs=     15996 NewAxiom=52 PrevAxioms=6,14,21,22,30,37,38,43,44,45,46,54,61,62,67,68,69,70,72,73,74,75,76,77,78,79,59,35,19,53,51,29,27,13,11,5,3,66,65,42,41,60,58,57,36,34,33,20,18,17,+52 MissingAxioms=0,1,2,4,7,8,9,10,12,15,16,23,24,25,26,28,31,32,39,40,47,48,49,50,55,56,63,64,71
Step=52 PrevRays=   899 ResultRays=  1159 RayPairs=     44850 NewAxiom=50 PrevAxioms=6,14,21,22,30,37,38,43,44,45,46,54,61,62,67,68,69,70,72,73,74,75,76,77,78,79,59,35,19,53,51,29,27,13,11,5,3,66,65,42,41,60,58,57,36,34,33,20,18,17,52,+50 MissingAxioms=0,1,2,4,7,8,9,10,12,15,16,23,24,25,26,28,31,32,39,40,47,48,49,55,56,63,64,71
Step=53 PrevRays=  1159 ResultRays=  1474 RayPairs=     79200 NewAxiom=49 PrevAxioms=6,14,21,22,30,37,38,43,44,45,46,54,61,62,67,68,69,70,72,73,74,75,76,77,78,79,59,35,19,53,51,29,27,13,11,5,3,66,65,42,41,60,58,57,36,34,33,20,18,17,52,50,+49 MissingAxioms=0,1,2,4,7,8,9,10,12,15,16,23,24,25,26,28,31,32,39,40,47,48,55,56,63,64,71
Step=54 PrevRays=  1474 ResultRays=  1903 RayPairs=    120960 NewAxiom=28 PrevAxioms=6,14,21,22,30,37,38,43,44,45,46,54,61,62,67,68,69,70,72,73,74,75,76,77,78,79,59,35,19,53,51,29,27,13,11,5,3,66,65,42,41,60,58,57,36,34,33,20,18,17,52,50,49,+28 MissingAxioms=0,1,2,4,7,8,9,10,12,15,16,23,24,25,26,31,32,39,40,47,48,55,56,63,64,71
Step=55 PrevRays=  1903 ResultRays=  1987 RayPairs=    261711 NewAxiom=26 PrevAxioms=6,14,21,22,30,37,38,43,44,45,46,54,61,62,67,68,69,70,72,73,74,75,76,77,78,79,59,35,19,53,51,29,27,13,11,5,3,66,65,42,41,60,58,57,36,34,33,20,18,17,52,50,49,28,+26 MissingAxioms=0,1,2,4,7,8,9,10,12,15,16,23,24,25,31,32,39,40,47,48,55,56,63,64,71
Step=56 PrevRays=  1987 ResultRays=  2024 RayPairs=    305732 NewAxiom=25 PrevAxioms=6,14,21,22,30,37,38,43,44,45,46,54,61,62,67,68,69,70,72,73,74,75,76,77,78,79,59,35,19,53,51,29,27,13,11,5,3,66,65,42,41,60,58,57,36,34,33,20,18,17,52,50,49,28,26,+25 MissingAxioms=0,1,2,4,7,8,9,10,12,15,16,23,24,31,32,39,40,47,48,55,56,63,64,71
Step=57 PrevRays=  2024 ResultRays=  1982 RayPairs=    285005 NewAxiom=12 PrevAxioms=6,14,21,22,30,37,38,43,44,45,46,54,61,62,67,68,69,70,72,73,74,75,76,77,78,79,59,35,19,53,51,29,27,13,11,5,3,66,65,42,41,60,58,57,36,34,33,20,18,17,52,50,49,28,26,25,+12 MissingAxioms=0,1,2,4,7,8,9,10,15,16,23,24,31,32,39,40,47,48,55,56,63,64,71
Step=58 PrevRays=  1982 ResultRays=  2003 RayPairs=    329384 NewAxiom=10 PrevAxioms=6,14,21,22,30,37,38,43,44,45,46,54,61,62,67,68,69,70,72,73,74,75,76,77,78,79,59,35,19,53,51,29,27,13,11,5,3,66,65,42,41,60,58,57,36,34,33,20,18,17,52,50,49,28,26,25,12,+10 MissingAxioms=0,1,2,4,7,8,9,15,16,23,24,31,32,39,40,47,48,55,56,63,64,71
Step=59 PrevRays=  2003 ResultRays=  2175 RayPairs=    210282 NewAxiom=9 PrevAxioms=6,14,21,22,30,37,38,43,44,45,46,54,61,62,67,68,69,70,72,73,74,75,76,77,78,79,59,35,19,53,51,29,27,13,11,5,3,66,65,42,41,60,58,57,36,34,33,20,18,17,52,50,49,28,26,25,12,10,+9 MissingAxioms=0,1,2,4,7,8,15,16,23,24,31,32,39,40,47,48,55,56,63,64,71
Step=60 PrevRays=  2175 ResultRays=  2324 RayPairs=    289410 NewAxiom=4 PrevAxioms=6,14,21,22,30,37,38,43,44,45,46,54,61,62,67,68,69,70,72,73,74,75,76,77,78,79,59,35,19,53,51,29,27,13,11,5,3,66,65,42,41,60,58,57,36,34,33,20,18,17,52,50,49,28,26,25,12,10,9,+4 MissingAxioms=0,1,2,7,8,15,16,23,24,31,32,39,40,47,48,55,56,63,64,71
Step=61 PrevRays=  2324 ResultRays=  2468 RayPairs=    379500 NewAxiom=2 PrevAxioms=6,14,21,22,30,37,38,43,44,45,46,54,61,62,67,68,69,70,72,73,74,75,76,77,78,79,59,35,19,53,51,29,27,13,11,5,3,66,65,42,41,60,58,57,36,34,33,20,18,17,52,50,49,28,26,25,12,10,9,4,+2 MissingAxioms=0,1,7,8,15,16,23,24,31,32,39,40,47,48,55,56,63,64,71
Step=62 PrevRays=  2468 ResultRays=  2627 RayPairs=    465156 NewAxiom=1 PrevAxioms=6,14,21,22,30,37,38,43,44,45,46,54,61,62,67,68,69,70,72,73,74,75,76,77,78,79,59,35,19,53,51,29,27,13,11,5,3,66,65,42,41,60,58,57,36,34,33,20,18,17,52,50,49,28,26,25,12,10,9,4,2,+1 MissingAxioms=0,7,8,15,16,23,24,31,32,39,40,47,48,55,56,63,64,71
Step=63 PrevRays=  2627 ResultRays=  4546 RayPairs=    245520 NewAxiom=71 PrevAxioms=6,14,21,22,30,37,38,43,44,45,46,54,61,62,67,68,69,70,72,73,74,75,76,77,78,79,59,35,19,53,51,29,27,13,11,5,3,66,65,42,41,60,58,57,36,34,33,20,18,17,52,50,49,28,26,25,12,10,9,4,2,1,+71 MissingAxioms=0,7,8,15,16,23,24,31,32,39,40,47,48,55,56,63,64
Step=64 PrevRays=  4546 ResultRays=  7455 RayPairs=   1175872 NewAxiom=47 PrevAxioms=6,14,21,22,30,37,38,43,44,45,46,54,61,62,67,68,69,70,72,73,74,75,76,77,78,79,59,35,19,53,51,29,27,13,11,5,3,66,65,42,41,60,58,57,36,34,33,20,18,17,52,50,49,28,26,25,12,10,9,4,2,1,71,+47 MissingAxioms=0,7,8,15,16,23,24,31,32,39,40,48,55,56,63,64
Step=65 PrevRays=  7455 ResultRays= 10768 RayPairs=   3120726 NewAxiom=63 PrevAxioms=6,14,21,22,30,37,38,43,44,45,46,54,61,62,67,68,69,70,72,73,74,75,76,77,78,79,59,35,19,53,51,29,27,13,11,5,3,66,65,42,41,60,58,57,36,34,33,20,18,17,52,50,49,28,26,25,12,10,9,4,2,1,71,47,+63 MissingAxioms=0,7,8,15,16,23,24,31,32,39,40,48,55,56,64
Step=66 PrevRays= 10768 ResultRays= 13245 RayPairs=   8958774 NewAxiom=39 PrevAxioms=6,14,21,22,30,37,38,43,44,45,46,54,61,62,67,68,69,70,72,73,74,75,76,77,78,79,59,35,19,53,51,29,27,13,11,5,3,66,65,42,41,60,58,57,36,34,33,20,18,17,52,50,49,28,26,25,12,10,9,4,2,1,71,47,63,+39 MissingAxioms=0,7,8,15,16,23,24,31,32,40,48,55,56,64
Step=67 PrevRays= 13245 ResultRays= 14100 RayPairs=  16846676 NewAxiom=23 PrevAxioms=6,14,21,22,30,37,38,43,44,45,46,54,61,62,67,68,69,70,72,73,74,75,76,77,78,79,59,35,19,53,51,29,27,13,11,5,3,66,65,42,41,60,58,57,36,34,33,20,18,17,52,50,49,28,26,25,12,10,9,4,2,1,71,47,63,39,+23 MissingAxioms=0,7,8,15,16,24,31,32,40,48,55,56,64
Step=68 PrevRays= 14100 ResultRays= 18815 RayPairs=  11563604 NewAxiom=55 PrevAxioms=6,14,21,22,30,37,38,43,44,45,46,54,61,62,67,68,69,70,72,73,74,75,76,77,78,79,59,35,19,53,51,29,27,13,11,5,3,66,65,42,41,60,58,57,36,34,33,20,18,17,52,50,49,28,26,25,12,10,9,4,2,1,71,47,63,39,23,+55 MissingAxioms=0,7,8,15,16,24,31,32,40,48,56,64
Step=69 PrevRays= 18815 ResultRays= 22184 RayPairs=  29609475 NewAxiom=31 PrevAxioms=6,14,21,22,30,37,38,43,44,45,46,54,61,62,67,68,69,70,72,73,74,75,76,77,78,79,59,35,19,53,51,29,27,13,11,5,3,66,65,42,41,60,58,57,36,34,33,20,18,17,52,50,49,28,26,25,12,10,9,4,2,1,71,47,63,39,23,55,+31 MissingAxioms=0,7,8,15,16,24,32,40,48,56,64
Step=70 PrevRays= 22184 ResultRays= 23659 RayPairs=  48113884 NewAxiom=15 PrevAxioms=6,14,21,22,30,37,38,43,44,45,46,54,61,62,67,68,69,70,72,73,74,75,76,77,78,79,59,35,19,53,51,29,27,13,11,5,3,66,65,42,41,60,58,57,36,34,33,20,18,17,52,50,49,28,26,25,12,10,9,4,2,1,71,47,63,39,23,55,31,+15 MissingAxioms=0,7,8,16,24,32,40,48,56,64
Step=71 PrevRays= 23659 ResultRays= 24675 RayPairs=  55974816 NewAxiom=7 PrevAxioms=6,14,21,22,30,37,38,43,44,45,46,54,61,62,67,68,69,70,72,73,74,75,76,77,78,79,59,35,19,53,51,29,27,13,11,5,3,66,65,42,41,60,58,57,36,34,33,20,18,17,52,50,49,28,26,25,12,10,9,4,2,1,71,47,63,39,23,55,31,15,+7 MissingAxioms=0,8,16,24,32,40,48,56,64
Step=72 PrevRays= 24675 ResultRays= 36355 RayPairs=  31108506 NewAxiom=64 PrevAxioms=6,14,21,22,30,37,38,43,44,45,46,54,61,62,67,68,69,70,72,73,74,75,76,77,78,79,59,35,19,53,51,29,27,13,11,5,3,66,65,42,41,60,58,57,36,34,33,20,18,17,52,50,49,28,26,25,12,10,9,4,2,1,71,47,63,39,23,55,31,15,7,+64 MissingAxioms=0,8,16,24,32,40,48,56
Step=73 PrevRays= 36355 ResultRays= 45355 RayPairs= 100898945 NewAxiom=40 PrevAxioms=6,14,21,22,30,37,38,43,44,45,46,54,61,62,67,68,69,70,72,73,74,75,76,77,78,79,59,35,19,53,51,29,27,13,11,5,3,66,65,42,41,60,58,57,36,34,33,20,18,17,52,50,49,28,26,25,12,10,9,4,2,1,71,47,63,39,23,55,31,15,7,64,+40 MissingAxioms=0,8,16,24,32,48,56
Step=74 PrevRays= 45355 ResultRays= 59681 RayPairs= 137776548 NewAxiom=56 PrevAxioms=6,14,21,22,30,37,38,43,44,45,46,54,61,62,67,68,69,70,72,73,74,75,76,77,78,79,59,35,19,53,51,29,27,13,11,5,3,66,65,42,41,60,58,57,36,34,33,20,18,17,52,50,49,28,26,25,12,10,9,4,2,1,71,47,63,39,23,55,31,15,7,64,40,+56 MissingAxioms=0,8,16,24,32,48
Step=75 PrevRays= 59681 ResultRays= 68158 RayPairs= 313832961 NewAxiom=32 PrevAxioms=6,14,21,22,30,37,38,43,44,45,46,54,61,62,67,68,69,70,72,73,74,75,76,77,78,79,59,35,19,53,51,29,27,13,11,5,3,66,65,42,41,60,58,57,36,34,33,20,18,17,52,50,49,28,26,25,12,10,9,4,2,1,71,47,63,39,23,55,31,15,7,64,40,56,+32 MissingAxioms=0,8,16,24,48
Step=76 PrevRays= 68158 ResultRays= 73331 RayPairs= 445809759 NewAxiom=16 PrevAxioms=6,14,21,22,30,37,38,43,44,45,46,54,61,62,67,68,69,70,72,73,74,75,76,77,78,79,59,35,19,53,51,29,27,13,11,5,3,66,65,42,41,60,58,57,36,34,33,20,18,17,52,50,49,28,26,25,12,10,9,4,2,1,71,47,63,39,23,55,31,15,7,64,40,56,32,+16 MissingAxioms=0,8,24,48
Step=77 PrevRays= 73331 ResultRays= 91607 RayPairs= 334261224 NewAxiom=48 PrevAxioms=6,14,21,22,30,37,38,43,44,45,46,54,61,62,67,68,69,70,72,73,74,75,76,77,78,79,59,35,19,53,51,29,27,13,11,5,3,66,65,42,41,60,58,57,36,34,33,20,18,17,52,50,49,28,26,25,12,10,9,4,2,1,71,47,63,39,23,55,31,15,7,64,40,56,32,16,+48 MissingAxioms=0,8,24
Step=78 PrevRays= 91607 ResultRays=103752 RayPairs= 690546780 NewAxiom=24 PrevAxioms=6,14,21,22,30,37,38,43,44,45,46,54,61,62,67,68,69,70,72,73,74,75,76,77,78,79,59,35,19,53,51,29,27,13,11,5,3,66,65,42,41,60,58,57,36,34,33,20,18,17,52,50,49,28,26,25,12,10,9,4,2,1,71,47,63,39,23,55,31,15,7,64,40,56,32,16,48,+24 MissingAxioms=0,8
Step=79 PrevRays=103752 ResultRays=111712 RayPairs= 944424360 NewAxiom=8 PrevAxioms=6,14,21,22,30,37,38,43,44,45,46,54,61,62,67,68,69,70,72,73,74,75,76,77,78,79,59,35,19,53,51,29,27,13,11,5,3,66,65,42,41,60,58,57,36,34,33,20,18,17,52,50,49,28,26,25,12,10,9,4,2,1,71,47,63,39,23,55,31,15,7,64,40,56,32,16,48,24,+8 MissingAxioms=0
Step=80 PrevRays=111712 ResultRays=117978 RayPairs=1087109287 NewAxiom=0 PrevAxioms=6,14,21,22,30,37,38,43,44,45,46,54,61,62,67,68,69,70,72,73,74,75,76,77,78,79,59,35,19,53,51,29,27,13,11,5,3,66,65,42,41,60,58,57,36,34,33,20,18,17,52,50,49,28,26,25,12,10,9,4,2,1,71,47,63,39,23,55,31,15,7,64,40,56,32,16,48,24,8,+0 MissingAxioms= TotalTime=106.3

Initial axioms, in no particular order:
Axiom6 01(3,4) - g2 f(0,3,4) + f(1,3,4) >= f(0,1,2,3,4) + f(3,4)
Axiom14 02(3,4) - g2 f(0,3,4) + f(2,3,4) >= f(0,1,2,3,4) + f(3,4)
Axiom21 12(0,4) - g2 f(0,1,4) + f(0,2,4) >= f(0,1,2,3,4) + f(0,4)
Axiom22 12(3,4) - g2 f(1,3,4) + f(2,3,4) >= f(0,1,2,3,4) + f(3,4)
Axiom30 03(2,4) - g2 f(0,2,4) + f(2,3,4) >= f(0,1,2,3,4) + f(2,4)
Axiom37 13(0,4) - g2 f(0,1,4) + f(0,3,4) >= f(0,1,2,3,4) + f(0,4)
Axiom38 13(2,4) - g2 f(1,2,4) + f(2,3,4) >= f(0,1,2,3,4) + f(2,4)
Axiom43 23(0,1) - g2 f(0,1,2) + f(0,1,3) >= f(0,1) + f(0,1,2,3,4)
Axiom44 23(4) - g1 f(2,4) + f(3,4) >= f(4) + f(2,3,4)
Axiom45 23(0,4) - g2 f(0,2,4) + f(0,3,4) >= f(0,1,2,3,4) + f(0,4)
Axiom46 23(1,4) - g2 f(1,2,4) + f(1,3,4) >= f(0,1,2,3,4) + f(1,4)
Axiom54 04(2,3) - g2 f(0,2,3) + f(2,3,4) >= f(2,3) + f(0,1,2,3,4)
Axiom61 14(0,3) - g2 f(0,1,3) + f(0,3,4) >= f(0,3) + f(0,1,2,3,4)
Axiom62 14(2,3) - g2 f(1,2,3) + f(2,3,4) >= f(2,3) + f(0,1,2,3,4)
Axiom67 24(0,1) - g2 f(0,1,2) + f(0,1,4) >= f(0,1) + f(0,1,2,3,4)
Axiom68 24(3) - g1 f(2,3) + f(3,4) >= f(3) + f(2,3,4)
Axiom69 24(0,3) - g2 f(0,2,3) + f(0,3,4) >= f(0,3) + f(0,1,2,3,4)
Axiom70 24(1,3) - g2 f(1,2,3) + f(1,3,4) >= f(1,3) + f(0,1,2,3,4)
Axiom72 34() - g0 f(3) + f(4) >= f(3,4)
Axiom73 34(0) - g1 f(0,3) + f(0,4) >= f(0) + f(0,3,4)
Axiom74 34(1) - g1 f(1,3) + f(1,4) >= f(1) + f(1,3,4)
Axiom75 34(0,1) - g2 f(0,1,3) + f(0,1,4) >= f(0,1) + f(0,1,2,3,4)
Axiom76 34(2) - g1 f(2,3) + f(2,4) >= f(2) + f(2,3,4)
Axiom77 34(0,2) - g2 f(0,2,3) + f(0,2,4) >= f(0,2) + f(0,1,2,3,4)
Axiom78 34(1,2) - g2 f(1,2,3) + f(1,2,4) >= f(1,2) + f(0,1,2,3,4)
Axiom79 34(0,1,2) - g3 f(0,1,2,3,4) >= f(0,1,2)

Axioms in order:
Step=27 Axiom59 14(0,2) - g2 f(0,1,2) + f(0,2,4) >= f(0,2) + f(0,1,2,3,4)
Step=28 Axiom35 13(0,2) - g2 f(0,1,2) + f(0,2,3) >= f(0,2) + f(0,1,2,3,4)
Step=29 Axiom19 12(0,3) - g2 f(0,1,3) + f(0,2,3) >= f(0,3) + f(0,1,2,3,4)
Step=30 Axiom53 04(1,3) - g2 f(0,1,3) + f(1,3,4) >= f(1,3) + f(0,1,2,3,4)
Step=31 Axiom51 04(1,2) - g2 f(0,1,2) + f(1,2,4) >= f(1,2) + f(0,1,2,3,4)
Step=32 Axiom29 03(1,4) - g2 f(0,1,4) + f(1,3,4) >= f(0,1,2,3,4) + f(1,4)
Step=33 Axiom27 03(1,2) - g2 f(0,1,2) + f(1,2,3) >= f(1,2) + f(0,1,2,3,4)
Step=34 Axiom13 02(1,4) - g2 f(0,1,4) + f(1,2,4) >= f(0,1,2,3,4) + f(1,4)
Step=35 Axiom11 02(1,3) - g2 f(0,1,3) + f(1,2,3) >= f(1,3) + f(0,1,2,3,4)
Step=36 Axiom5 01(2,4) - g2 f(0,2,4) + f(1,2,4) >= f(0,1,2,3,4) + f(2,4)
Step=37 Axiom3 01(2,3) - g2 f(0,2,3) + f(1,2,3) >= f(2,3) + f(0,1,2,3,4)
Step=38 Axiom66 24(1) - g1 f(1,2) + f(1,4) >= f(1) + f(1,2,4)
Step=39 Axiom65 24(0) - g1 f(0,2) + f(0,4) >= f(0) + f(0,2,4)
Step=40 Axiom42 23(1) - g1 f(1,2) + f(1,3) >= f(1) + f(1,2,3)
Step=41 Axiom41 23(0) - g1 f(0,2) + f(0,3) >= f(0) + f(0,2,3)
Step=42 Axiom60 14(3) - g1 f(1,3) + f(3,4) >= f(3) + f(1,3,4)
Step=43 Axiom58 14(2) - g1 f(1,2) + f(2,4) >= f(2) + f(1,2,4)
Step=44 Axiom57 14(0) - g1 f(0,1) + f(0,4) >= f(0) + f(0,1,4)
Step=45 Axiom36 13(4) - g1 f(1,4) + f(3,4) >= f(4) + f(1,3,4)
Step=46 Axiom34 13(2) - g1 f(1,2) + f(2,3) >= f(2) + f(1,2,3)
Step=47 Axiom33 13(0) - g1 f(0,1) + f(0,3) >= f(0) + f(0,1,3)
Step=48 Axiom20 12(4) - g1 f(1,4) + f(2,4) >= f(4) + f(1,2,4)
Step=49 Axiom18 12(3) - g1 f(1,3) + f(2,3) >= f(3) + f(1,2,3)
Step=50 Axiom17 12(0) - g1 f(0,1) + f(0,2) >= f(0) + f(0,1,2)
Step=51 Axiom52 04(3) - g1 f(0,3) + f(3,4) >= f(3) + f(0,3,4)
Step=52 Axiom50 04(2) - g1 f(0,2) + f(2,4) >= f(2) + f(0,2,4)
Step=53 Axiom49 04(1) - g1 f(0,1) + f(1,4) >= f(1) + f(0,1,4)
Step=54 Axiom28 03(4) - g1 f(0,4) + f(3,4) >= f(4) + f(0,3,4)
Step=55 Axiom26 03(2) - g1 f(0,2) + f(2,3) >= f(2) + f(0,2,3)
Step=56 Axiom25 03(1) - g1 f(0,1) + f(1,3) >= f(1) + f(0,1,3)
Step=57 Axiom12 02(4) - g1 f(0,4) + f(2,4) >= f(4) + f(0,2,4)
Step=58 Axiom10 02(3) - g1 f(0,3) + f(2,3) >= f(3) + f(0,2,3)
Step=59 Axiom9 02(1) - g1 f(0,1) + f(1,2) >= f(1) + f(0,1,2)
Step=60 Axiom4 01(4) - g1 f(0,4) + f(1,4) >= f(4) + f(0,1,4)
Step=61 Axiom2 01(3) - g1 f(0,3) + f(1,3) >= f(3) + f(0,1,3)
Step=62 Axiom1 01(2) - g1 f(0,2) + f(1,2) >= f(2) + f(0,1,2)
Step=63 Axiom71 24(0,1,3) - g3 f(0,1,2,3,4) >= f(0,1,3)
Step=64 Axiom47 23(0,1,4) - g3 f(0,1,2,3,4) >= f(0,1,4)
Step=65 Axiom63 14(0,2,3) - g3 f(0,1,2,3,4) >= f(0,2,3)
Step=66 Axiom39 13(0,2,4) - g3 f(0,1,2,3,4) >= f(0,2,4)
Step=67 Axiom23 12(0,3,4) - g3 f(0,1,2,3,4) >= f(0,3,4)
Step=68 Axiom55 04(1,2,3) - g3 f(0,1,2,3,4) >= f(1,2,3)
Step=69 Axiom31 03(1,2,4) - g3 f(0,1,2,3,4) >= f(1,2,4)
Step=70 Axiom15 02(1,3,4) - g3 f(0,1,2,3,4) >= f(1,3,4)
Step=71 Axiom7 01(2,3,4) - g3 f(0,1,2,3,4) >= f(2,3,4)
Step=72 Axiom64 24() - g0 f(2) + f(4) >= f(2,4)
Step=73 Axiom40 23() - g0 f(2) + f(3) >= f(2,3)
Step=74 Axiom56 14() - g0 f(1) + f(4) >= f(1,4)
Step=75 Axiom32 13() - g0 f(1) + f(3) >= f(1,3)
Step=76 Axiom16 12() - g0 f(1) + f(2) >= f(1,2)
Step=77 Axiom48 04() - g0 f(0) + f(4) >= f(0,4)
Step=78 Axiom24 03() - g0 f(0) + f(3) >= f(0,3)
Step=79 Axiom8 02() - g0 f(0) + f(2) >= f(0,2)
Step=80 Axiom0 01() - g0 f(0) + f(1) >= f(0,1)
