Step=27 PrevRays=    26 ResultRays=    27 RayPairs=         2 NewAxiom=13 PrevAxioms=4,5,6,12,14,20,22,28,36,41,42,43,44,49,50,51,52,53,54,58,60,62,70,72,77,79,+13 MissingAxioms=0,1,2,3,7,8,9,10,11,15,16,17,18,19,21,23,24,25,26,27,29,30,31,32,33,34,35,37,38,39,40,45,46,47,48,55,56,57,59,61,63,64,65,66,67,68,69,71,73,74,75,76,78
Step=28 PrevRays=    27 ResultRays=    27 RayPairs=         2 NewAxiom=21 PrevAxioms=4,5,6,12,14,20,22,28,36,41,42,43,44,49,50,51,52,53,54,58,60,62,70,72,77,79,13,+21 MissingAxioms=0,1,2,3,7,8,9,10,11,15,16,17,18,19,23,24,25,26,27,29,30,31,32,33,34,35,37,38,39,40,45,46,47,48,55,56,57,59,61,63,64,65,66,67,68,69,71,73,74,75,76,78
Step=29 PrevRays=    27 ResultRays=    29 RayPairs=         4 NewAxiom=29 PrevAxioms=4,5,6,12,14,20,22,28,36,41,42,43,44,49,50,51,52,53,54,58,60,62,70,72,77,79,13,21,+29 MissingAxioms=0,1,2,3,7,8,9,10,11,15,16,17,18,19,23,24,25,26,27,30,31,32,33,34,35,37,38,39,40,45,46,47,48,55,56,57,59,61,63,64,65,66,67,68,69,71,73,74,75,76,78
Step=30 PrevRays=    29 ResultRays=    29 RayPairs=         4 NewAxiom=37 PrevAxioms=4,5,6,12,14,20,22,28,36,41,42,43,44,49,50,51,52,53,54,58,60,62,70,72,77,79,13,21,29,+37 MissingAxioms=0,1,2,3,7,8,9,10,11,15,16,17,18,19,23,24,25,26,27,30,31,32,33,34,35,38,39,40,45,46,47,48,55,56,57,59,61,63,64,65,66,67,68,69,71,73,74,75,76,78
Step=31 PrevRays=    29 ResultRays=    32 RayPairs=         6 NewAxiom=30 PrevAxioms=4,5,6,12,14,20,22,28,36,41,42,43,44,49,50,51,52,53,54,58,60,62,70,72,77,79,13,21,29,37,+30 MissingAxioms=0,1,2,3,7,8,9,10,11,15,16,17,18,19,23,24,25,26,27,31,32,33,34,35,38,39,40,45,46,47,48,55,56,57,59,61,63,64,65,66,67,68,69,71,73,74,75,76,78
Step=32 PrevRays=    32 ResultRays=    33 RayPairs=         8 NewAxiom=45 PrevAxioms=4,5,6,12,14,20,22,28,36,41,42,43,44,49,50,51,52,53,54,58,60,62,70,72,77,79,13,21,29,37,30,+45 MissingAxioms=0,1,2,3,7,8,9,10,11,15,16,17,18,19,23,24,25,26,27,31,32,33,34,35,38,39,40,46,47,48,55,56,57,59,61,63,64,65,66,67,68,69,71,73,74,75,76,78
Step=33 PrevRays=    33 ResultRays=    36 RayPairs=        12 NewAxiom=38 PrevAxioms=4,5,6,12,14,20,22,28,36,41,42,43,44,49,50,51,52,53,54,58,60,62,70,72,77,79,13,21,29,37,30,45,+38 MissingAxioms=0,1,2,3,7,8,9,10,11,15,16,17,18,19,23,24,25,26,27,31,32,33,34,35,39,40,46,47,48,55,56,57,59,61,63,64,65,66,67,68,69,71,73,74,75,76,78
Step=34 PrevRays=    36 ResultRays=    37 RayPairs=        20 NewAxiom=46 PrevAxioms=4,5,6,12,14,20,22,28,36,41,42,43,44,49,50,51,52,53,54,58,60,62,70,72,77,79,13,21,29,37,30,45,38,+46 MissingAxioms=0,1,2,3,7,8,9,10,11,15,16,17,18,19,23,24,25,26,27,31,32,33,34,35,39,40,47,48,55,56,57,59,61,63,64,65,66,67,68,69,71,73,74,75,76,78
Step=35 PrevRays=    37 ResultRays=    38 RayPairs=         2 NewAxiom=61 PrevAxioms=4,5,6,12,14,20,22,28,36,41,42,43,44,49,50,51,52,53,54,58,60,62,70,72,77,79,13,21,29,37,30,45,38,46,+61 MissingAxioms=0,1,2,3,7,8,9,10,11,15,16,17,18,19,23,24,25,26,27,31,32,33,34,35,39,40,47,48,55,56,57,59,63,64,65,66,67,68,69,71,73,74,75,76,78
Step=36 PrevRays=    38 ResultRays=    86 RayPairs=        72 NewAxiom=57 PrevAxioms=4,5,6,12,14,20,22,28,36,41,42,43,44,49,50,51,52,53,54,58,60,62,70,72,77,79,13,21,29,37,30,45,38,46,61,+57 MissingAxioms=0,1,2,3,7,8,9,10,11,15,16,17,18,19,23,24,25,26,27,31,32,33,34,35,39,40,47,48,55,56,59,63,64,65,66,67,68,69,71,73,74,75,76,78
Step=37 PrevRays=    86 ResultRays=    86 RayPairs=        72 NewAxiom=59 PrevAxioms=4,5,6,12,14,20,22,28,36,41,42,43,44,49,50,51,52,53,54,58,60,62,70,72,77,79,13,21,29,37,30,45,38,46,61,57,+59 MissingAxioms=0,1,2,3,7,8,9,10,11,15,16,17,18,19,23,24,25,26,27,31,32,33,34,35,39,40,47,48,55,56,63,64,65,66,67,68,69,71,73,74,75,76,78
Step=38 PrevRays=    86 ResultRays=    94 RayPairs=        72 NewAxiom=68 PrevAxioms=4,5,6,12,14,20,22,28,36,41,42,43,44,49,50,51,52,53,54,58,60,62,70,72,77,79,13,21,29,37,30,45,38,46,61,57,59,+68 MissingAxioms=0,1,2,3,7,8,9,10,11,15,16,17,18,19,23,24,25,26,27,31,32,33,34,35,39,40,47,48,55,56,63,64,65,66,67,69,71,73,74,75,76,78
Step=39 PrevRays=    94 ResultRays=    87 RayPairs=       224 NewAxiom=69 PrevAxioms=4,5,6,12,14,20,22,28,36,41,42,43,44,49,50,51,52,53,54,58,60,62,70,72,77,79,13,21,29,37,30,45,38,46,61,57,59,68,+69 MissingAxioms=0,1,2,3,7,8,9,10,11,15,16,17,18,19,23,24,25,26,27,31,32,33,34,35,39,40,47,48,55,56,63,64,65,66,67,71,73,74,75,76,78
Step=40 PrevRays=    87 ResultRays=    99 RayPairs=       130 NewAxiom=66 PrevAxioms=4,5,6,12,14,20,22,28,36,41,42,43,44,49,50,51,52,53,54,58,60,62,70,72,77,79,13,21,29,37,30,45,38,46,61,57,59,68,69,+66 MissingAxioms=0,1,2,3,7,8,9,10,11,15,16,17,18,19,23,24,25,26,27,31,32,33,34,35,39,40,47,48,55,56,63,64,65,67,71,73,74,75,76,78
Step=41 PrevRays=    99 ResultRays=    93 RayPairs=       294 NewAxiom=65 PrevAxioms=4,5,6,12,14,20,22,28,36,41,42,43,44,49,50,51,52,53,54,58,60,62,70,72,77,79,13,21,29,37,30,45,38,46,61,57,59,68,69,66,+65 MissingAxioms=0,1,2,3,7,8,9,10,11,15,16,17,18,19,23,24,25,26,27,31,32,33,34,35,39,40,47,48,55,56,63,64,67,71,73,74,75,76,78
Step=42 PrevRays=    93 ResultRays=    94 RayPairs=        22 NewAxiom=67 PrevAxioms=4,5,6,12,14,20,22,28,36,41,42,43,44,49,50,51,52,53,54,58,60,62,70,72,77,79,13,21,29,37,30,45,38,46,61,57,59,68,69,66,65,+67 MissingAxioms=0,1,2,3,7,8,9,10,11,15,16,17,18,19,23,24,25,26,27,31,32,33,34,35,39,40,47,48,55,56,63,64,71,73,74,75,76,78
Step=43 PrevRays=    94 ResultRays=   116 RayPairs=        99 NewAxiom=76 PrevAxioms=4,5,6,12,14,20,22,28,36,41,42,43,44,49,50,51,52,53,54,58,60,62,70,72,77,79,13,21,29,37,30,45,38,46,61,57,59,68,69,66,65,67,+76 MissingAxioms=0,1,2,3,7,8,9,10,11,15,16,17,18,19,23,24,25,26,27,31,32,33,34,35,39,40,47,48,55,56,63,64,71,73,74,75,78
Step=44 PrevRays=   116 ResultRays=   143 RayPairs=       330 NewAxiom=78 PrevAxioms=4,5,6,12,14,20,22,28,36,41,42,43,44,49,50,51,52,53,54,58,60,62,70,72,77,79,13,21,29,37,30,45,38,46,61,57,59,68,69,66,65,67,76,+78 MissingAxioms=0,1,2,3,7,8,9,10,11,15,16,17,18,19,23,24,25,26,27,31,32,33,34,35,39,40,47,48,55,56,63,64,71,73,74,75
Step=45 PrevRays=   143 ResultRays=   151 RayPairs=       532 NewAxiom=74 PrevAxioms=4,5,6,12,14,20,22,28,36,41,42,43,44,49,50,51,52,53,54,58,60,62,70,72,77,79,13,21,29,37,30,45,38,46,61,57,59,68,69,66,65,67,76,78,+74 MissingAxioms=0,1,2,3,7,8,9,10,11,15,16,17,18,19,23,24,25,26,27,31,32,33,34,35,39,40,47,48,55,56,63,64,71,73,75
Step=46 PrevRays=   151 ResultRays=   143 RayPairs=      1089 NewAxiom=73 PrevAxioms=4,5,6,12,14,20,22,28,36,41,42,43,44,49,50,51,52,53,54,58,60,62,70,72,77,79,13,21,29,37,30,45,38,46,61,57,59,68,69,66,65,67,76,78,74,+73 MissingAxioms=0,1,2,3,7,8,9,10,11,15,16,17,18,19,23,24,25,26,27,31,32,33,34,35,39,40,47,48,55,56,63,64,71,75
Step=47 PrevRays=   143 ResultRays=   160 RayPairs=       615 NewAxiom=75 PrevAxioms=4,5,6,12,14,20,22,28,36,41,42,43,44,49,50,51,52,53,54,58,60,62,70,72,77,79,13,21,29,37,30,45,38,46,61,57,59,68,69,66,65,67,76,78,74,73,+75 MissingAxioms=0,1,2,3,7,8,9,10,11,15,16,17,18,19,23,24,25,26,27,31,32,33,34,35,39,40,47,48,55,56,63,64,71
Step=48 PrevRays=   160 ResultRays=   207 RayPairs=       616 NewAxiom=34 PrevAxioms=4,5,6,12,14,20,22,28,36,41,42,43,44,49,50,51,52,53,54,58,60,62,70,72,77,79,13,21,29,37,30,45,38,46,61,57,59,68,69,66,65,67,76,78,74,73,75,+34 MissingAxioms=0,1,2,3,7,8,9,10,11,15,16,17,18,19,23,24,25,26,27,31,32,33,35,39,40,47,48,55,56,63,64,71
Step=49 PrevRays=   207 ResultRays=   273 RayPairs=       880 NewAxiom=33 PrevAxioms=4,5,6,12,14,20,22,28,36,41,42,43,44,49,50,51,52,53,54,58,60,62,70,72,77,79,13,21,29,37,30,45,38,46,61,57,59,68,69,66,65,67,76,78,74,73,75,34,+33 MissingAxioms=0,1,2,3,7,8,9,10,11,15,16,17,18,19,23,24,25,26,27,31,32,35,39,40,47,48,55,56,63,64,71
Step=50 PrevRays=   273 ResultRays=   361 RayPairs=      2256 NewAxiom=35 PrevAxioms=4,5,6,12,14,20,22,28,36,41,42,43,44,49,50,51,52,53,54,58,60,62,70,72,77,79,13,21,29,37,30,45,38,46,61,57,59,68,69,66,65,67,76,78,74,73,75,34,33,+35 MissingAxioms=0,1,2,3,7,8,9,10,11,15,16,17,18,19,23,24,25,26,27,31,32,39,40,47,48,55,56,63,64,71
Step=51 PrevRays=   361 ResultRays=   465 RayPairs=      5015 NewAxiom=18 PrevAxioms=4,5,6,12,14,20,22,28,36,41,42,43,44,49,50,51,52,53,54,58,60,62,70,72,77,79,13,21,29,37,30,45,38,46,61,57,59,68,69,66,65,67,76,78,74,73,75,34,33,35,+18 MissingAxioms=0,1,2,3,7,8,9,10,11,15,16,17,19,23,24,25,26,27,31,32,39,40,47,48,55,56,63,64,71
Step=52 PrevRays=   465 ResultRays=   624 RayPairs=      4060 NewAxiom=17 PrevAxioms=4,5,6,12,14,20,22,28,36,41,42,43,44,49,50,51,52,53,54,58,60,62,70,72,77,79,13,21,29,37,30,45,38,46,61,57,59,68,69,66,65,67,76,78,74,73,75,34,33,35,18,+17 MissingAxioms=0,1,2,3,7,8,9,10,11,15,16,19,23,24,25,26,27,31,32,39,40,47,48,55,56,63,64,71
Step=53 PrevRays=   624 ResultRays=   699 RayPairs=     16100 NewAxiom=19 PrevAxioms=4,5,6,12,14,20,22,28,36,41,42,43,44,49,50,51,52,53,54,58,60,62,70,72,77,79,13,21,29,37,30,45,38,46,61,57,59,68,69,66,65,67,76,78,74,73,75,34,33,35,18,17,+19 MissingAxioms=0,1,2,3,7,8,9,10,11,15,16,23,24,25,26,27,31,32,39,40,47,48,55,56,63,64,71
Step=54 PrevRays=   699 ResultRays=   877 RayPairs=     19762 NewAxiom=26 PrevAxioms=4,5,6,12,14,20,22,28,36,41,42,43,44,49,50,51,52,53,54,58,60,62,70,72,77,79,13,21,29,37,30,45,38,46,61,57,59,68,69,66,65,67,76,78,74,73,75,34,33,35,18,17,19,+26 MissingAxioms=0,1,2,3,7,8,9,10,11,15,16,23,24,25,27,31,32,39,40,47,48,55,56,63,64,71
Step=55 PrevRays=   877 ResultRays=  1011 RayPairs=     36435 NewAxiom=25 PrevAxioms=4,5,6,12,14,20,22,28,36,41,42,43,44,49,50,51,52,53,54,58,60,62,70,72,77,79,13,21,29,37,30,45,38,46,61,57,59,68,69,66,65,67,76,78,74,73,75,34,33,35,18,17,19,26,+25 MissingAxioms=0,1,2,3,7,8,9,10,11,15,16,23,24,27,31,32,39,40,47,48,55,56,63,64,71
Step=56 PrevRays=  1011 ResultRays=  1160 RayPairs=     64554 NewAxiom=27 PrevAxioms=4,5,6,12,14,20,22,28,36,41,42,43,44,49,50,51,52,53,54,58,60,62,70,72,77,79,13,21,29,37,30,45,38,46,61,57,59,68,69,66,65,67,76,78,74,73,75,34,33,35,18,17,19,26,25,+27 MissingAxioms=0,1,2,3,7,8,9,10,11,15,16,23,24,31,32,39,40,47,48,55,56,63,64,71
Step=57 PrevRays=  1160 ResultRays=  1398 RayPairs=     77418 NewAxiom=10 PrevAxioms=4,5,6,12,14,20,22,28,36,41,42,43,44,49,50,51,52,53,54,58,60,62,70,72,77,79,13,21,29,37,30,45,38,46,61,57,59,68,69,66,65,67,76,78,74,73,75,34,33,35,18,17,19,26,25,27,+10 MissingAxioms=0,1,2,3,7,8,9,11,15,16,23,24,31,32,39,40,47,48,55,56,63,64,71
Step=58 PrevRays=  1398 ResultRays=  1635 RayPairs=     95480 NewAxiom=9 PrevAxioms=4,5,6,12,14,20,22,28,36,41,42,43,44,49,50,51,52,53,54,58,60,62,70,72,77,79,13,21,29,37,30,45,38,46,61,57,59,68,69,66,65,67,76,78,74,73,75,34,33,35,18,17,19,26,25,27,10,+9 MissingAxioms=0,1,2,3,7,8,11,15,16,23,24,31,32,39,40,47,48,55,56,63,64,71
Step=59 PrevRays=  1635 ResultRays=  1751 RayPairs=    193980 NewAxiom=11 PrevAxioms=4,5,6,12,14,20,22,28,36,41,42,43,44,49,50,51,52,53,54,58,60,62,70,72,77,79,13,21,29,37,30,45,38,46,61,57,59,68,69,66,65,67,76,78,74,73,75,34,33,35,18,17,19,26,25,27,10,9,+11 MissingAxioms=0,1,2,3,7,8,15,16,23,24,31,32,39,40,47,48,55,56,63,64,71
Step=60 PrevRays=  1751 ResultRays=  2184 RayPairs=    179340 NewAxiom=2 PrevAxioms=4,5,6,12,14,20,22,28,36,41,42,43,44,49,50,51,52,53,54,58,60,62,70,72,77,79,13,21,29,37,30,45,38,46,61,57,59,68,69,66,65,67,76,78,74,73,75,34,33,35,18,17,19,26,25,27,10,9,11,+2 MissingAxioms=0,1,3,7,8,15,16,23,24,31,32,39,40,47,48,55,56,63,64,71
Step=61 PrevRays=  2184 ResultRays=  2468 RayPairs=    354299 NewAxiom=1 PrevAxioms=4,5,6,12,14,20,22,28,36,41,42,43,44,49,50,51,52,53,54,58,60,62,70,72,77,79,13,21,29,37,30,45,38,46,61,57,59,68,69,66,65,67,76,78,74,73,75,34,33,35,18,17,19,26,25,27,10,9,11,2,+1 MissingAxioms=0,3,7,8,15,16,23,24,31,32,39,40,47,48,55,56,63,64,71
Step=62 PrevRays=  2468 ResultRays=  2627 RayPairs=    465156 NewAxiom=3 PrevAxioms=4,5,6,12,14,20,22,28,36,41,42,43,44,49,50,51,52,53,54,58,60,62,70,72,77,79,13,21,29,37,30,45,38,46,61,57,59,68,69,66,65,67,76,78,74,73,75,34,33,35,18,17,19,26,25,27,10,9,11,2,1,+3 MissingAxioms=0,7,8,15,16,23,24,31,32,39,40,47,48,55,56,63,64,71
Step=63 PrevRays=  2627 ResultRays=  4546 RayPairs=    245520 NewAxiom=71 PrevAxioms=4,5,6,12,14,20,22,28,36,41,42,43,44,49,50,51,52,53,54,58,60,62,70,72,77,79,13,21,29,37,30,45,38,46,61,57,59,68,69,66,65,67,76,78,74,73,75,34,33,35,18,17,19,26,25,27,10,9,11,2,1,3,+71 MissingAxioms=0,7,8,15,16,23,24,31,32,39,40,47,48,55,56,63,64
Step=64 PrevRays=  4546 ResultRays=  7455 RayPairs=   1175872 NewAxiom=47 PrevAxioms=4,5,6,12,14,20,22,28,36,41,42,43,44,49,50,51,52,53,54,58,60,62,70,72,77,79,13,21,29,37,30,45,38,46,61,57,59,68,69,66,65,67,76,78,74,73,75,34,33,35,18,17,19,26,25,27,10,9,11,2,1,3,71,+47 MissingAxioms=0,7,8,15,16,23,24,31,32,39,40,48,55,56,63,64
Step=65 PrevRays=  7455 ResultRays= 10768 RayPairs=   3120726 NewAxiom=63 PrevAxioms=4,5,6,12,14,20,22,28,36,41,42,43,44,49,50,51,52,53,54,58,60,62,70,72,77,79,13,21,29,37,30,45,38,46,61,57,59,68,69,66,65,67,76,78,74,73,75,34,33,35,18,17,19,26,25,27,10,9,11,2,1,3,71,47,+63 MissingAxioms=0,7,8,15,16,23,24,31,32,39,40,48,55,56,64
Step=66 PrevRays= 10768 ResultRays= 13245 RayPairs=   8958774 NewAxiom=39 PrevAxioms=4,5,6,12,14,20,22,28,36,41,42,43,44,49,50,51,52,53,54,58,60,62,70,72,77,79,13,21,29,37,30,45,38,46,61,57,59,68,69,66,65,67,76,78,74,73,75,34,33,35,18,17,19,26,25,27,10,9,11,2,1,3,71,47,63,+39 MissingAxioms=0,7,8,15,16,23,24,31,32,40,48,55,56,64
Step=67 PrevRays= 13245 ResultRays= 14100 RayPairs=  16846676 NewAxiom=23 PrevAxioms=4,5,6,12,14,20,22,28,36,41,42,43,44,49,50,51,52,53,54,58,60,62,70,72,77,79,13,21,29,37,30,45,38,46,61,57,59,68,69,66,65,67,76,78,74,73,75,34,33,35,18,17,19,26,25,27,10,9,11,2,1,3,71,47,63,39,+23 MissingAxioms=0,7,8,15,16,24,31,32,40,48,55,56,64
Step=68 PrevRays= 14100 ResultRays= 18815 RayPairs=  11563604 NewAxiom=55 PrevAxioms=4,5,6,12,14,20,22,28,36,41,42,43,44,49,50,51,52,53,54,58,60,62,70,72,77,79,13,21,29,37,30,45,38,46,61,57,59,68,69,66,65,67,76,78,74,73,75,34,33,35,18,17,19,26,25,27,10,9,11,2,1,3,71,47,63,39,23,+55 MissingAxioms=0,7,8,15,16,24,31,32,40,48,56,64
Step=69 PrevRays= 18815 ResultRays= 22184 RayPairs=  29609475 NewAxiom=31 PrevAxioms=4,5,6,12,14,20,22,28,36,41,42,43,44,49,50,51,52,53,54,58,60,62,70,72,77,79,13,21,29,37,30,45,38,46,61,57,59,68,69,66,65,67,76,78,74,73,75,34,33,35,18,17,19,26,25,27,10,9,11,2,1,3,71,47,63,39,23,55,+31 MissingAxioms=0,7,8,15,16,24,32,40,48,56,64
Step=70 PrevRays= 22184 ResultRays= 23659 RayPairs=  48113884 NewAxiom=15 PrevAxioms=4,5,6,12,14,20,22,28,36,41,42,43,44,49,50,51,52,53,54,58,60,62,70,72,77,79,13,21,29,37,30,45,38,46,61,57,59,68,69,66,65,67,76,78,74,73,75,34,33,35,18,17,19,26,25,27,10,9,11,2,1,3,71,47,63,39,23,55,31,+15 MissingAxioms=0,7,8,16,24,32,40,48,56,64
Step=71 PrevRays= 23659 ResultRays= 24675 RayPairs=  55974816 NewAxiom=7 PrevAxioms=4,5,6,12,14,20,22,28,36,41,42,43,44,49,50,51,52,53,54,58,60,62,70,72,77,79,13,21,29,37,30,45,38,46,61,57,59,68,69,66,65,67,76,78,74,73,75,34,33,35,18,17,19,26,25,27,10,9,11,2,1,3,71,47,63,39,23,55,31,15,+7 MissingAxioms=0,8,16,24,32,40,48,56,64
Step=72 PrevRays= 24675 ResultRays= 36355 RayPairs=  31108506 NewAxiom=64 PrevAxioms=4,5,6,12,14,20,22,28,36,41,42,43,44,49,50,51,52,53,54,58,60,62,70,72,77,79,13,21,29,37,30,45,38,46,61,57,59,68,69,66,65,67,76,78,74,73,75,34,33,35,18,17,19,26,25,27,10,9,11,2,1,3,71,47,63,39,23,55,31,15,7,+64 MissingAxioms=0,8,16,24,32,40,48,56
Step=73 PrevRays= 36355 ResultRays= 45355 RayPairs= 100898945 NewAxiom=40 PrevAxioms=4,5,6,12,14,20,22,28,36,41,42,43,44,49,50,51,52,53,54,58,60,62,70,72,77,79,13,21,29,37,30,45,38,46,61,57,59,68,69,66,65,67,76,78,74,73,75,34,33,35,18,17,19,26,25,27,10,9,11,2,1,3,71,47,63,39,23,55,31,15,7,64,+40 MissingAxioms=0,8,16,24,32,48,56
Step=74 PrevRays= 45355 ResultRays= 59681 RayPairs= 137776548 NewAxiom=56 PrevAxioms=4,5,6,12,14,20,22,28,36,41,42,43,44,49,50,51,52,53,54,58,60,62,70,72,77,79,13,21,29,37,30,45,38,46,61,57,59,68,69,66,65,67,76,78,74,73,75,34,33,35,18,17,19,26,25,27,10,9,11,2,1,3,71,47,63,39,23,55,31,15,7,64,40,+56 MissingAxioms=0,8,16,24,32,48
Step=75 PrevRays= 59681 ResultRays= 68158 RayPairs= 313832961 NewAxiom=32 PrevAxioms=4,5,6,12,14,20,22,28,36,41,42,43,44,49,50,51,52,53,54,58,60,62,70,72,77,79,13,21,29,37,30,45,38,46,61,57,59,68,69,66,65,67,76,78,74,73,75,34,33,35,18,17,19,26,25,27,10,9,11,2,1,3,71,47,63,39,23,55,31,15,7,64,40,56,+32 MissingAxioms=0,8,16,24,48
Step=76 PrevRays= 68158 ResultRays= 73331 RayPairs= 445809759 NewAxiom=16 PrevAxioms=4,5,6,12,14,20,22,28,36,41,42,43,44,49,50,51,52,53,54,58,60,62,70,72,77,79,13,21,29,37,30,45,38,46,61,57,59,68,69,66,65,67,76,78,74,73,75,34,33,35,18,17,19,26,25,27,10,9,11,2,1,3,71,47,63,39,23,55,31,15,7,64,40,56,32,+16 MissingAxioms=0,8,24,48
Step=77 PrevRays= 73331 ResultRays= 91607 RayPairs= 334261224 NewAxiom=48 PrevAxioms=4,5,6,12,14,20,22,28,36,41,42,43,44,49,50,51,52,53,54,58,60,62,70,72,77,79,13,21,29,37,30,45,38,46,61,57,59,68,69,66,65,67,76,78,74,73,75,34,33,35,18,17,19,26,25,27,10,9,11,2,1,3,71,47,63,39,23,55,31,15,7,64,40,56,32,16,+48 MissingAxioms=0,8,24
Step=78 PrevRays= 91607 ResultRays=103752 RayPairs= 690546780 NewAxiom=24 PrevAxioms=4,5,6,12,14,20,22,28,36,41,42,43,44,49,50,51,52,53,54,58,60,62,70,72,77,79,13,21,29,37,30,45,38,46,61,57,59,68,69,66,65,67,76,78,74,73,75,34,33,35,18,17,19,26,25,27,10,9,11,2,1,3,71,47,63,39,23,55,31,15,7,64,40,56,32,16,48,+24 MissingAxioms=0,8
Step=79 PrevRays=103752 ResultRays=111712 RayPairs= 944424360 NewAxiom=8 PrevAxioms=4,5,6,12,14,20,22,28,36,41,42,43,44,49,50,51,52,53,54,58,60,62,70,72,77,79,13,21,29,37,30,45,38,46,61,57,59,68,69,66,65,67,76,78,74,73,75,34,33,35,18,17,19,26,25,27,10,9,11,2,1,3,71,47,63,39,23,55,31,15,7,64,40,56,32,16,48,24,+8 MissingAxioms=0
Step=80 PrevRays=111712 ResultRays=117978 RayPairs=1087109287 NewAxiom=0 PrevAxioms=4,5,6,12,14,20,22,28,36,41,42,43,44,49,50,51,52,53,54,58,60,62,70,72,77,79,13,21,29,37,30,45,38,46,61,57,59,68,69,66,65,67,76,78,74,73,75,34,33,35,18,17,19,26,25,27,10,9,11,2,1,3,71,47,63,39,23,55,31,15,7,64,40,56,32,16,48,24,8,+0 MissingAxioms= TotalTime=97.4

Initial axioms, in no particular order:
Axiom4 01(4) - g1 f(0,4) + f(1,4) >= f(4) + f(0,1,4)
Axiom5 01(2,4) - g2 f(0,2,4) + f(1,2,4) >= f(0,1,2,3,4) + f(2,4)
Axiom6 01(3,4) - g2 f(0,3,4) + f(1,3,4) >= f(0,1,2,3,4) + f(3,4)
Axiom12 02(4) - g1 f(0,4) + f(2,4) >= f(4) + f(0,2,4)
Axiom14 02(3,4) - g2 f(0,3,4) + f(2,3,4) >= f(0,1,2,3,4) + f(3,4)
Axiom20 12(4) - g1 f(1,4) + f(2,4) >= f(4) + f(1,2,4)
Axiom22 12(3,4) - g2 f(1,3,4) + f(2,3,4) >= f(0,1,2,3,4) + f(3,4)
Axiom28 03(4) - g1 f(0,4) + f(3,4) >= f(4) + f(0,3,4)
Axiom36 13(4) - g1 f(1,4) + f(3,4) >= f(4) + f(1,3,4)
Axiom41 23(0) - g1 f(0,2) + f(0,3) >= f(0) + f(0,2,3)
Axiom42 23(1) - g1 f(1,2) + f(1,3) >= f(1) + f(1,2,3)
Axiom43 23(0,1) - g2 f(0,1,2) + f(0,1,3) >= f(0,1) + f(0,1,2,3,4)
Axiom44 23(4) - g1 f(2,4) + f(3,4) >= f(4) + f(2,3,4)
Axiom49 04(1) - g1 f(0,1) + f(1,4) >= f(1) + f(0,1,4)
Axiom50 04(2) - g1 f(0,2) + f(2,4) >= f(2) + f(0,2,4)
Axiom51 04(1,2) - g2 f(0,1,2) + f(1,2,4) >= f(1,2) + f(0,1,2,3,4)
Axiom52 04(3) - g1 f(0,3) + f(3,4) >= f(3) + f(0,3,4)
Axiom53 04(1,3) - g2 f(0,1,3) + f(1,3,4) >= f(1,3) + f(0,1,2,3,4)
Axiom54 04(2,3) - g2 f(0,2,3) + f(2,3,4) >= f(2,3) + f(0,1,2,3,4)
Axiom58 14(2) - g1 f(1,2) + f(2,4) >= f(2) + f(1,2,4)
Axiom60 14(3) - g1 f(1,3) + f(3,4) >= f(3) + f(1,3,4)
Axiom62 14(2,3) - g2 f(1,2,3) + f(2,3,4) >= f(2,3) + f(0,1,2,3,4)
Axiom70 24(1,3) - g2 f(1,2,3) + f(1,3,4) >= f(1,3) + f(0,1,2,3,4)
Axiom72 34() - g0 f(3) + f(4) >= f(3,4)
Axiom77 34(0,2) - g2 f(0,2,3) + f(0,2,4) >= f(0,2) + f(0,1,2,3,4)
Axiom79 34(0,1,2) - g3 f(0,1,2,3,4) >= f(0,1,2)

Axioms in order:
Step=27 Axiom13 02(1,4) - g2 f(0,1,4) + f(1,2,4) >= f(0,1,2,3,4) + f(1,4)
Step=28 Axiom21 12(0,4) - g2 f(0,1,4) + f(0,2,4) >= f(0,1,2,3,4) + f(0,4)
Step=29 Axiom29 03(1,4) - g2 f(0,1,4) + f(1,3,4) >= f(0,1,2,3,4) + f(1,4)
Step=30 Axiom37 13(0,4) - g2 f(0,1,4) + f(0,3,4) >= f(0,1,2,3,4) + f(0,4)
Step=31 Axiom30 03(2,4) - g2 f(0,2,4) + f(2,3,4) >= f(0,1,2,3,4) + f(2,4)
Step=32 Axiom45 23(0,4) - g2 f(0,2,4) + f(0,3,4) >= f(0,1,2,3,4) + f(0,4)
Step=33 Axiom38 13(2,4) - g2 f(1,2,4) + f(2,3,4) >= f(0,1,2,3,4) + f(2,4)
Step=34 Axiom46 23(1,4) - g2 f(1,2,4) + f(1,3,4) >= f(0,1,2,3,4) + f(1,4)
Step=35 Axiom61 14(0,3) - g2 f(0,1,3) + f(0,3,4) >= f(0,3) + f(0,1,2,3,4)
Step=36 Axiom57 14(0) - g1 f(0,1) + f(0,4) >= f(0) + f(0,1,4)
Step=37 Axiom59 14(0,2) - g2 f(0,1,2) + f(0,2,4) >= f(0,2) + f(0,1,2,3,4)
Step=38 Axiom68 24(3) - g1 f(2,3) + f(3,4) >= f(3) + f(2,3,4)
Step=39 Axiom69 24(0,3) - g2 f(0,2,3) + f(0,3,4) >= f(0,3) + f(0,1,2,3,4)
Step=40 Axiom66 24(1) - g1 f(1,2) + f(1,4) >= f(1) + f(1,2,4)
Step=41 Axiom65 24(0) - g1 f(0,2) + f(0,4) >= f(0) + f(0,2,4)
Step=42 Axiom67 24(0,1) - g2 f(0,1,2) + f(0,1,4) >= f(0,1) + f(0,1,2,3,4)
Step=43 Axiom76 34(2) - g1 f(2,3) + f(2,4) >= f(2) + f(2,3,4)
Step=44 Axiom78 34(1,2) - g2 f(1,2,3) + f(1,2,4) >= f(1,2) + f(0,1,2,3,4)
Step=45 Axiom74 34(1) - g1 f(1,3) + f(1,4) >= f(1) + f(1,3,4)
Step=46 Axiom73 34(0) - g1 f(0,3) + f(0,4) >= f(0) + f(0,3,4)
Step=47 Axiom75 34(0,1) - g2 f(0,1,3) + f(0,1,4) >= f(0,1) + f(0,1,2,3,4)
Step=48 Axiom34 13(2) - g1 f(1,2) + f(2,3) >= f(2) + f(1,2,3)
Step=49 Axiom33 13(0) - g1 f(0,1) + f(0,3) >= f(0) + f(0,1,3)
Step=50 Axiom35 13(0,2) - g2 f(0,1,2) + f(0,2,3) >= f(0,2) + f(0,1,2,3,4)
Step=51 Axiom18 12(3) - g1 f(1,3) + f(2,3) >= f(3) + f(1,2,3)
Step=52 Axiom17 12(0) - g1 f(0,1) + f(0,2) >= f(0) + f(0,1,2)
Step=53 Axiom19 12(0,3) - g2 f(0,1,3) + f(0,2,3) >= f(0,3) + f(0,1,2,3,4)
Step=54 Axiom26 03(2) - g1 f(0,2) + f(2,3) >= f(2) + f(0,2,3)
Step=55 Axiom25 03(1) - g1 f(0,1) + f(1,3) >= f(1) + f(0,1,3)
Step=56 Axiom27 03(1,2) - g2 f(0,1,2) + f(1,2,3) >= f(1,2) + f(0,1,2,3,4)
Step=57 Axiom10 02(3) - g1 f(0,3) + f(2,3) >= f(3) + f(0,2,3)
Step=58 Axiom9 02(1) - g1 f(0,1) + f(1,2) >= f(1) + f(0,1,2)
Step=59 Axiom11 02(1,3) - g2 f(0,1,3) + f(1,2,3) >= f(1,3) + f(0,1,2,3,4)
Step=60 Axiom2 01(3) - g1 f(0,3) + f(1,3) >= f(3) + f(0,1,3)
Step=61 Axiom1 01(2) - g1 f(0,2) + f(1,2) >= f(2) + f(0,1,2)
Step=62 Axiom3 01(2,3) - g2 f(0,2,3) + f(1,2,3) >= f(2,3) + f(0,1,2,3,4)
Step=63 Axiom71 24(0,1,3) - g3 f(0,1,2,3,4) >= f(0,1,3)
Step=64 Axiom47 23(0,1,4) - g3 f(0,1,2,3,4) >= f(0,1,4)
Step=65 Axiom63 14(0,2,3) - g3 f(0,1,2,3,4) >= f(0,2,3)
Step=66 Axiom39 13(0,2,4) - g3 f(0,1,2,3,4) >= f(0,2,4)
Step=67 Axiom23 12(0,3,4) - g3 f(0,1,2,3,4) >= f(0,3,4)
Step=68 Axiom55 04(1,2,3) - g3 f(0,1,2,3,4) >= f(1,2,3)
Step=69 Axiom31 03(1,2,4) - g3 f(0,1,2,3,4) >= f(1,2,4)
Step=70 Axiom15 02(1,3,4) - g3 f(0,1,2,3,4) >= f(1,3,4)
Step=71 Axiom7 01(2,3,4) - g3 f(0,1,2,3,4) >= f(2,3,4)
Step=72 Axiom64 24() - g0 f(2) + f(4) >= f(2,4)
Step=73 Axiom40 23() - g0 f(2) + f(3) >= f(2,3)
Step=74 Axiom56 14() - g0 f(1) + f(4) >= f(1,4)
Step=75 Axiom32 13() - g0 f(1) + f(3) >= f(1,3)
Step=76 Axiom16 12() - g0 f(1) + f(2) >= f(1,2)
Step=77 Axiom48 04() - g0 f(0) + f(4) >= f(0,4)
Step=78 Axiom24 03() - g0 f(0) + f(3) >= f(0,3)
Step=79 Axiom8 02() - g0 f(0) + f(2) >= f(0,2)
Step=80 Axiom0 01() - g0 f(0) + f(1) >= f(0,1)
