Step=27 PrevRays=    26 ResultRays=    26 RayPairs=         2 NewAxiom=64 PrevAxioms=6,14,21,22,30,37,38,43,44,45,46,54,61,62,67,68,69,70,72,73,74,75,76,77,78,79,+64 MissingAxioms=0,1,2,3,4,5,7,8,9,10,11,12,13,15,16,17,18,19,20,23,24,25,26,27,28,29,31,32,33,34,35,36,39,40,41,42,47,48,49,50,51,52,53,55,56,57,58,59,60,63,65,66,71
Step=28 PrevRays=    27 ResultRays=    27 RayPairs=         2 NewAxiom=66 PrevAxioms=6,14,21,22,30,37,38,43,44,45,46,54,61,62,67,68,69,70,72,73,74,75,76,77,78,79,64,+66 MissingAxioms=0,1,2,3,4,5,7,8,9,10,11,12,13,15,16,17,18,19,20,23,24,25,26,27,28,29,31,32,33,34,35,36,39,40,41,42,47,48,49,50,51,52,53,55,56,57,58,59,60,63,65,71
Step=29 PrevRays=    28 ResultRays=    28 RayPairs=         2 NewAxiom=65 PrevAxioms=6,14,21,22,30,37,38,43,44,45,46,54,61,62,67,68,69,70,72,73,74,75,76,77,78,79,64,66,+65 MissingAxioms=0,1,2,3,4,5,7,8,9,10,11,12,13,15,16,17,18,19,20,23,24,25,26,27,28,29,31,32,33,34,35,36,39,40,41,42,47,48,49,50,51,52,53,55,56,57,58,59,60,63,71
Step=30 PrevRays=    29 ResultRays=    29 RayPairs=         2 NewAxiom=71 PrevAxioms=6,14,21,22,30,37,38,43,44,45,46,54,61,62,67,68,69,70,72,73,74,75,76,77,78,79,64,66,65,+71 MissingAxioms=0,1,2,3,4,5,7,8,9,10,11,12,13,15,16,17,18,19,20,23,24,25,26,27,28,29,31,32,33,34,35,36,39,40,41,42,47,48,49,50,51,52,53,55,56,57,58,59,60,63
Step=31 PrevRays=    30 ResultRays=    30 RayPairs=         2 NewAxiom=40 PrevAxioms=6,14,21,22,30,37,38,43,44,45,46,54,61,62,67,68,69,70,72,73,74,75,76,77,78,79,64,66,65,71,+40 MissingAxioms=0,1,2,3,4,5,7,8,9,10,11,12,13,15,16,17,18,19,20,23,24,25,26,27,28,29,31,32,33,34,35,36,39,41,42,47,48,49,50,51,52,53,55,56,57,58,59,60,63
Step=32 PrevRays=    30 ResultRays=    30 RayPairs=         2 NewAxiom=42 PrevAxioms=6,14,21,22,30,37,38,43,44,45,46,54,61,62,67,68,69,70,72,73,74,75,76,77,78,79,64,66,65,71,40,+42 MissingAxioms=0,1,2,3,4,5,7,8,9,10,11,12,13,15,16,17,18,19,20,23,24,25,26,27,28,29,31,32,33,34,35,36,39,41,47,48,49,50,51,52,53,55,56,57,58,59,60,63
Step=33 PrevRays=    30 ResultRays=    30 RayPairs=         2 NewAxiom=41 PrevAxioms=6,14,21,22,30,37,38,43,44,45,46,54,61,62,67,68,69,70,72,73,74,75,76,77,78,79,64,66,65,71,40,42,+41 MissingAxioms=0,1,2,3,4,5,7,8,9,10,11,12,13,15,16,17,18,19,20,23,24,25,26,27,28,29,31,32,33,34,35,36,39,47,48,49,50,51,52,53,55,56,57,58,59,60,63
Step=34 PrevRays=    30 ResultRays=    30 RayPairs=         2 NewAxiom=47 PrevAxioms=6,14,21,22,30,37,38,43,44,45,46,54,61,62,67,68,69,70,72,73,74,75,76,77,78,79,64,66,65,71,40,42,41,+47 MissingAxioms=0,1,2,3,4,5,7,8,9,10,11,12,13,15,16,17,18,19,20,23,24,25,26,27,28,29,31,32,33,34,35,36,39,48,49,50,51,52,53,55,56,57,58,59,60,63
Step=35 PrevRays=    30 ResultRays=    30 RayPairs=         6 NewAxiom=60 PrevAxioms=6,14,21,22,30,37,38,43,44,45,46,54,61,62,67,68,69,70,72,73,74,75,76,77,78,79,64,66,65,71,40,42,41,47,+60 MissingAxioms=0,1,2,3,4,5,7,8,9,10,11,12,13,15,16,17,18,19,20,23,24,25,26,27,28,29,31,32,33,34,35,36,39,48,49,50,51,52,53,55,56,57,58,59,63
Step=36 PrevRays=    34 ResultRays=    34 RayPairs=        10 NewAxiom=56 PrevAxioms=6,14,21,22,30,37,38,43,44,45,46,54,61,62,67,68,69,70,72,73,74,75,76,77,78,79,64,66,65,71,40,42,41,47,60,+56 MissingAxioms=0,1,2,3,4,5,7,8,9,10,11,12,13,15,16,17,18,19,20,23,24,25,26,27,28,29,31,32,33,34,35,36,39,48,49,50,51,52,53,55,57,58,59,63
Step=37 PrevRays=    42 ResultRays=    42 RayPairs=        24 NewAxiom=58 PrevAxioms=6,14,21,22,30,37,38,43,44,45,46,54,61,62,67,68,69,70,72,73,74,75,76,77,78,79,64,66,65,71,40,42,41,47,60,56,+58 MissingAxioms=0,1,2,3,4,5,7,8,9,10,11,12,13,15,16,17,18,19,20,23,24,25,26,27,28,29,31,32,33,34,35,36,39,48,49,50,51,52,53,55,57,59,63
Step=38 PrevRays=    41 ResultRays=    41 RayPairs=         6 NewAxiom=57 PrevAxioms=6,14,21,22,30,37,38,43,44,45,46,54,61,62,67,68,69,70,72,73,74,75,76,77,78,79,64,66,65,71,40,42,41,47,60,56,58,+57 MissingAxioms=0,1,2,3,4,5,7,8,9,10,11,12,13,15,16,17,18,19,20,23,24,25,26,27,28,29,31,32,33,34,35,36,39,48,49,50,51,52,53,55,59,63
Step=39 PrevRays=    45 ResultRays=    45 RayPairs=        10 NewAxiom=59 PrevAxioms=6,14,21,22,30,37,38,43,44,45,46,54,61,62,67,68,69,70,72,73,74,75,76,77,78,79,64,66,65,71,40,42,41,47,60,56,58,57,+59 MissingAxioms=0,1,2,3,4,5,7,8,9,10,11,12,13,15,16,17,18,19,20,23,24,25,26,27,28,29,31,32,33,34,35,36,39,48,49,50,51,52,53,55,63
Step=40 PrevRays=    49 ResultRays=    49 RayPairs=        18 NewAxiom=63 PrevAxioms=6,14,21,22,30,37,38,43,44,45,46,54,61,62,67,68,69,70,72,73,74,75,76,77,78,79,64,66,65,71,40,42,41,47,60,56,58,57,59,+63 MissingAxioms=0,1,2,3,4,5,7,8,9,10,11,12,13,15,16,17,18,19,20,23,24,25,26,27,28,29,31,32,33,34,35,36,39,48,49,50,51,52,53,55
Step=41 PrevRays=    52 ResultRays=    52 RayPairs=        18 NewAxiom=36 PrevAxioms=6,14,21,22,30,37,38,43,44,45,46,54,61,62,67,68,69,70,72,73,74,75,76,77,78,79,64,66,65,71,40,42,41,47,60,56,58,57,59,63,+36 MissingAxioms=0,1,2,3,4,5,7,8,9,10,11,12,13,15,16,17,18,19,20,23,24,25,26,27,28,29,31,32,33,34,35,39,48,49,50,51,52,53,55
Step=42 PrevRays=    58 ResultRays=    58 RayPairs=        35 NewAxiom=32 PrevAxioms=6,14,21,22,30,37,38,43,44,45,46,54,61,62,67,68,69,70,72,73,74,75,76,77,78,79,64,66,65,71,40,42,41,47,60,56,58,57,59,63,36,+32 MissingAxioms=0,1,2,3,4,5,7,8,9,10,11,12,13,15,16,17,18,19,20,23,24,25,26,27,28,29,31,33,34,35,39,48,49,50,51,52,53,55
Step=43 PrevRays=    60 ResultRays=    60 RayPairs=        48 NewAxiom=34 PrevAxioms=6,14,21,22,30,37,38,43,44,45,46,54,61,62,67,68,69,70,72,73,74,75,76,77,78,79,64,66,65,71,40,42,41,47,60,56,58,57,59,63,36,32,+34 MissingAxioms=0,1,2,3,4,5,7,8,9,10,11,12,13,15,16,17,18,19,20,23,24,25,26,27,28,29,31,33,35,39,48,49,50,51,52,53,55
Step=44 PrevRays=    59 ResultRays=    59 RayPairs=        20 NewAxiom=33 PrevAxioms=6,14,21,22,30,37,38,43,44,45,46,54,61,62,67,68,69,70,72,73,74,75,76,77,78,79,64,66,65,71,40,42,41,47,60,56,58,57,59,63,36,32,34,+33 MissingAxioms=0,1,2,3,4,5,7,8,9,10,11,12,13,15,16,17,18,19,20,23,24,25,26,27,28,29,31,35,39,48,49,50,51,52,53,55
Step=45 PrevRays=    60 ResultRays=    60 RayPairs=        24 NewAxiom=35 PrevAxioms=6,14,21,22,30,37,38,43,44,45,46,54,61,62,67,68,69,70,72,73,74,75,76,77,78,79,64,66,65,71,40,42,41,47,60,56,58,57,59,63,36,32,34,33,+35 MissingAxioms=0,1,2,3,4,5,7,8,9,10,11,12,13,15,16,17,18,19,20,23,24,25,26,27,28,29,31,39,48,49,50,51,52,53,55
Step=46 PrevRays=    66 ResultRays=    66 RayPairs=        45 NewAxiom=39 PrevAxioms=6,14,21,22,30,37,38,43,44,45,46,54,61,62,67,68,69,70,72,73,74,75,76,77,78,79,64,66,65,71,40,42,41,47,60,56,58,57,59,63,36,32,34,33,35,+39 MissingAxioms=0,1,2,3,4,5,7,8,9,10,11,12,13,15,16,17,18,19,20,23,24,25,26,27,28,29,31,48,49,50,51,52,53,55
Step=47 PrevRays=    66 ResultRays=    66 RayPairs=        32 NewAxiom=20 PrevAxioms=6,14,21,22,30,37,38,43,44,45,46,54,61,62,67,68,69,70,72,73,74,75,76,77,78,79,64,66,65,71,40,42,41,47,60,56,58,57,59,63,36,32,34,33,35,39,+20 MissingAxioms=0,1,2,3,4,5,7,8,9,10,11,12,13,15,16,17,18,19,23,24,25,26,27,28,29,31,48,49,50,51,52,53,55
Step=48 PrevRays=    69 ResultRays=    69 RayPairs=        45 NewAxiom=16 PrevAxioms=6,14,21,22,30,37,38,43,44,45,46,54,61,62,67,68,69,70,72,73,74,75,76,77,78,79,64,66,65,71,40,42,41,47,60,56,58,57,59,63,36,32,34,33,35,39,20,+16 MissingAxioms=0,1,2,3,4,5,7,8,9,10,11,12,13,15,17,18,19,23,24,25,26,27,28,29,31,48,49,50,51,52,53,55
Step=49 PrevRays=    73 ResultRays=    73 RayPairs=        80 NewAxiom=18 PrevAxioms=6,14,21,22,30,37,38,43,44,45,46,54,61,62,67,68,69,70,72,73,74,75,76,77,78,79,64,66,65,71,40,42,41,47,60,56,58,57,59,63,36,32,34,33,35,39,20,16,+18 MissingAxioms=0,1,2,3,4,5,7,8,9,10,11,12,13,15,17,19,23,24,25,26,27,28,29,31,48,49,50,51,52,53,55
Step=50 PrevRays=    72 ResultRays=    72 RayPairs=        35 NewAxiom=17 PrevAxioms=6,14,21,22,30,37,38,43,44,45,46,54,61,62,67,68,69,70,72,73,74,75,76,77,78,79,64,66,65,71,40,42,41,47,60,56,58,57,59,63,36,32,34,33,35,39,20,16,18,+17 MissingAxioms=0,1,2,3,4,5,7,8,9,10,11,12,13,15,19,23,24,25,26,27,28,29,31,48,49,50,51,52,53,55
Step=51 PrevRays=    75 ResultRays=    75 RayPairs=        52 NewAxiom=19 PrevAxioms=6,14,21,22,30,37,38,43,44,45,46,54,61,62,67,68,69,70,72,73,74,75,76,77,78,79,64,66,65,71,40,42,41,47,60,56,58,57,59,63,36,32,34,33,35,39,20,16,18,17,+19 MissingAxioms=0,1,2,3,4,5,7,8,9,10,11,12,13,15,23,24,25,26,27,28,29,31,48,49,50,51,52,53,55
Step=52 PrevRays=    78 ResultRays=    78 RayPairs=        72 NewAxiom=23 PrevAxioms=6,14,21,22,30,37,38,43,44,45,46,54,61,62,67,68,69,70,72,73,74,75,76,77,78,79,64,66,65,71,40,42,41,47,60,56,58,57,59,63,36,32,34,33,35,39,20,16,18,17,19,+23 MissingAxioms=0,1,2,3,4,5,7,8,9,10,11,12,13,15,24,25,26,27,28,29,31,48,49,50,51,52,53,55
Step=53 PrevRays=    78 ResultRays=    78 RayPairs=       272 NewAxiom=52 PrevAxioms=6,14,21,22,30,37,38,43,44,45,46,54,61,62,67,68,69,70,72,73,74,75,76,77,78,79,64,66,65,71,40,42,41,47,60,56,58,57,59,63,36,32,34,33,35,39,20,16,18,17,19,23,+52 MissingAxioms=0,1,2,3,4,5,7,8,9,10,11,12,13,15,24,25,26,27,28,29,31,48,49,50,51,53,55
Step=54 PrevRays=   334 ResultRays=   334 RayPairs=      4620 NewAxiom=53 PrevAxioms=6,14,21,22,30,37,38,43,44,45,46,54,61,62,67,68,69,70,72,73,74,75,76,77,78,79,64,66,65,71,40,42,41,47,60,56,58,57,59,63,36,32,34,33,35,39,20,16,18,17,19,23,52,+53 MissingAxioms=0,1,2,3,4,5,7,8,9,10,11,12,13,15,24,25,26,27,28,29,31,48,49,50,51,55
Step=55 PrevRays=   520 ResultRays=   520 RayPairs=      3735 NewAxiom=48 PrevAxioms=6,14,21,22,30,37,38,43,44,45,46,54,61,62,67,68,69,70,72,73,74,75,76,77,78,79,64,66,65,71,40,42,41,47,60,56,58,57,59,63,36,32,34,33,35,39,20,16,18,17,19,23,52,53,+48 MissingAxioms=0,1,2,3,4,5,7,8,9,10,11,12,13,15,24,25,26,27,28,29,31,49,50,51,55
Step=56 PrevRays=  1202 ResultRays=  1202 RayPairs=    100488 NewAxiom=50 PrevAxioms=6,14,21,22,30,37,38,43,44,45,46,54,61,62,67,68,69,70,72,73,74,75,76,77,78,79,64,66,65,71,40,42,41,47,60,56,58,57,59,63,36,32,34,33,35,39,20,16,18,17,19,23,52,53,48,+50 MissingAxioms=0,1,2,3,4,5,7,8,9,10,11,12,13,15,24,25,26,27,28,29,31,49,51,55
Step=57 PrevRays=  1388 ResultRays=  1388 RayPairs=    147960 NewAxiom=49 PrevAxioms=6,14,21,22,30,37,38,43,44,45,46,54,61,62,67,68,69,70,72,73,74,75,76,77,78,79,64,66,65,71,40,42,41,47,60,56,58,57,59,63,36,32,34,33,35,39,20,16,18,17,19,23,52,53,48,50,+49 MissingAxioms=0,1,2,3,4,5,7,8,9,10,11,12,13,15,24,25,26,27,28,29,31,51,55
Step=58 PrevRays=  1541 ResultRays=  1541 RayPairs=    178367 NewAxiom=51 PrevAxioms=6,14,21,22,30,37,38,43,44,45,46,54,61,62,67,68,69,70,72,73,74,75,76,77,78,79,64,66,65,71,40,42,41,47,60,56,58,57,59,63,36,32,34,33,35,39,20,16,18,17,19,23,52,53,48,50,49,+51 MissingAxioms=0,1,2,3,4,5,7,8,9,10,11,12,13,15,24,25,26,27,28,29,31,55
Step=59 PrevRays=  1862 ResultRays=  1862 RayPairs=    208608 NewAxiom=55 PrevAxioms=6,14,21,22,30,37,38,43,44,45,46,54,61,62,67,68,69,70,72,73,74,75,76,77,78,79,64,66,65,71,40,42,41,47,60,56,58,57,59,63,36,32,34,33,35,39,20,16,18,17,19,23,52,53,48,50,49,51,+55 MissingAxioms=0,1,2,3,4,5,7,8,9,10,11,12,13,15,24,25,26,27,28,29,31
Step=60 PrevRays=  2389 ResultRays=  2389 RayPairs=    390500 NewAxiom=28 PrevAxioms=6,14,21,22,30,37,38,43,44,45,46,54,61,62,67,68,69,70,72,73,74,75,76,77,78,79,64,66,65,71,40,42,41,47,60,56,58,57,59,63,36,32,34,33,35,39,20,16,18,17,19,23,52,53,48,50,49,51,55,+28 MissingAxioms=0,1,2,3,4,5,7,8,9,10,11,12,13,15,24,25,26,27,29,31
Step=61 PrevRays=  4641 ResultRays=  4641 RayPairs=   1660608 NewAxiom=29 PrevAxioms=6,14,21,22,30,37,38,43,44,45,46,54,61,62,67,68,69,70,72,73,74,75,76,77,78,79,64,66,65,71,40,42,41,47,60,56,58,57,59,63,36,32,34,33,35,39,20,16,18,17,19,23,52,53,48,50,49,51,55,28,+29 MissingAxioms=0,1,2,3,4,5,7,8,9,10,11,12,13,15,24,25,26,27,31
Step=62 PrevRays=  6841 ResultRays=  6841 RayPairs=   2759640 NewAxiom=24 PrevAxioms=6,14,21,22,30,37,38,43,44,45,46,54,61,62,67,68,69,70,72,73,74,75,76,77,78,79,64,66,65,71,40,42,41,47,60,56,58,57,59,63,36,32,34,33,35,39,20,16,18,17,19,23,52,53,48,50,49,51,55,28,29,+24 MissingAxioms=0,1,2,3,4,5,7,8,9,10,11,12,13,15,25,26,27,31
Step=63 PrevRays=  8610 ResultRays=  8610 RayPairs=   7169840 NewAxiom=26 PrevAxioms=6,14,21,22,30,37,38,43,44,45,46,54,61,62,67,68,69,70,72,73,74,75,76,77,78,79,64,66,65,71,40,42,41,47,60,56,58,57,59,63,36,32,34,33,35,39,20,16,18,17,19,23,52,53,48,50,49,51,55,28,29,24,+26 MissingAxioms=0,1,2,3,4,5,7,8,9,10,11,12,13,15,25,27,31
Step=64 PrevRays=  9295 ResultRays=  9295 RayPairs=   8596710 NewAxiom=25 PrevAxioms=6,14,21,22,30,37,38,43,44,45,46,54,61,62,67,68,69,70,72,73,74,75,76,77,78,79,64,66,65,71,40,42,41,47,60,56,58,57,59,63,36,32,34,33,35,39,20,16,18,17,19,23,52,53,48,50,49,51,55,28,29,24,26,+25 MissingAxioms=0,1,2,3,4,5,7,8,9,10,11,12,13,15,27,31
Step=65 PrevRays=  9748 ResultRays=  9748 RayPairs=   9237840 NewAxiom=27 PrevAxioms=6,14,21,22,30,37,38,43,44,45,46,54,61,62,67,68,69,70,72,73,74,75,76,77,78,79,64,66,65,71,40,42,41,47,60,56,58,57,59,63,36,32,34,33,35,39,20,16,18,17,19,23,52,53,48,50,49,51,55,28,29,24,26,25,+27 MissingAxioms=0,1,2,3,4,5,7,8,9,10,11,12,13,15,31
Step=66 PrevRays= 12562 ResultRays= 12562 RayPairs=  13161106 NewAxiom=31 PrevAxioms=6,14,21,22,30,37,38,43,44,45,46,54,61,62,67,68,69,70,72,73,74,75,76,77,78,79,64,66,65,71,40,42,41,47,60,56,58,57,59,63,36,32,34,33,35,39,20,16,18,17,19,23,52,53,48,50,49,51,55,28,29,24,26,25,27,+31 MissingAxioms=0,1,2,3,4,5,7,8,9,10,11,12,13,15
Step=67 PrevRays= 13423 ResultRays= 13423 RayPairs=  14903458 NewAxiom=12 PrevAxioms=6,14,21,22,30,37,38,43,44,45,46,54,61,62,67,68,69,70,72,73,74,75,76,77,78,79,64,66,65,71,40,42,41,47,60,56,58,57,59,63,36,32,34,33,35,39,20,16,18,17,19,23,52,53,48,50,49,51,55,28,29,24,26,25,27,31,+12 MissingAxioms=0,1,2,3,4,5,7,8,9,10,11,13,15
Step=68 PrevRays= 17910 ResultRays= 17910 RayPairs=  31164195 NewAxiom=13 PrevAxioms=6,14,21,22,30,37,38,43,44,45,46,54,61,62,67,68,69,70,72,73,74,75,76,77,78,79,64,66,65,71,40,42,41,47,60,56,58,57,59,63,36,32,34,33,35,39,20,16,18,17,19,23,52,53,48,50,49,51,55,28,29,24,26,25,27,31,12,+13 MissingAxioms=0,1,2,3,4,5,7,8,9,10,11,15
Step=69 PrevRays= 26678 ResultRays= 26678 RayPairs=  49129248 NewAxiom=8 PrevAxioms=6,14,21,22,30,37,38,43,44,45,46,54,61,62,67,68,69,70,72,73,74,75,76,77,78,79,64,66,65,71,40,42,41,47,60,56,58,57,59,63,36,32,34,33,35,39,20,16,18,17,19,23,52,53,48,50,49,51,55,28,29,24,26,25,27,31,12,13,+8 MissingAxioms=0,1,2,3,4,5,7,9,10,11,15
Step=70 PrevRays= 37071 ResultRays= 37071 RayPairs= 158308839 NewAxiom=10 PrevAxioms=6,14,21,22,30,37,38,43,44,45,46,54,61,62,67,68,69,70,72,73,74,75,76,77,78,79,64,66,65,71,40,42,41,47,60,56,58,57,59,63,36,32,34,33,35,39,20,16,18,17,19,23,52,53,48,50,49,51,55,28,29,24,26,25,27,31,12,13,8,+10 MissingAxioms=0,1,2,3,4,5,7,9,11,15
Step=71 PrevRays= 36540 ResultRays= 36540 RayPairs= 145224768 NewAxiom=9 PrevAxioms=6,14,21,22,30,37,38,43,44,45,46,54,61,62,67,68,69,70,72,73,74,75,76,77,78,79,64,66,65,71,40,42,41,47,60,56,58,57,59,63,36,32,34,33,35,39,20,16,18,17,19,23,52,53,48,50,49,51,55,28,29,24,26,25,27,31,12,13,8,10,+9 MissingAxioms=0,1,2,3,4,5,7,11,15
Step=72 PrevRays= 39145 ResultRays= 39145 RayPairs= 174128760 NewAxiom=11 PrevAxioms=6,14,21,22,30,37,38,43,44,45,46,54,61,62,67,68,69,70,72,73,74,75,76,77,78,79,64,66,65,71,40,42,41,47,60,56,58,57,59,63,36,32,34,33,35,39,20,16,18,17,19,23,52,53,48,50,49,51,55,28,29,24,26,25,27,31,12,13,8,10,9,+11 MissingAxioms=0,1,2,3,4,5,7,15
Step=73 PrevRays= 42437 ResultRays= 42437 RayPairs= 154878530 NewAxiom=15 PrevAxioms=6,14,21,22,30,37,38,43,44,45,46,54,61,62,67,68,69,70,72,73,74,75,76,77,78,79,64,66,65,71,40,42,41,47,60,56,58,57,59,63,36,32,34,33,35,39,20,16,18,17,19,23,52,53,48,50,49,51,55,28,29,24,26,25,27,31,12,13,8,10,9,11,+15 MissingAxioms=0,1,2,3,4,5,7
Step=74 PrevRays= 45150 ResultRays= 45150 RayPairs= 183914282 NewAxiom=4 PrevAxioms=6,14,21,22,30,37,38,43,44,45,46,54,61,62,67,68,69,70,72,73,74,75,76,77,78,79,64,66,65,71,40,42,41,47,60,56,58,57,59,63,36,32,34,33,35,39,20,16,18,17,19,23,52,53,48,50,49,51,55,28,29,24,26,25,27,31,12,13,8,10,9,11,15,+4 MissingAxioms=0,1,2,3,5,7
Step=75 PrevRays= 61149 ResultRays= 61149 RayPairs= 431996838 NewAxiom=5 PrevAxioms=6,14,21,22,30,37,38,43,44,45,46,54,61,62,67,68,69,70,72,73,74,75,76,77,78,79,64,66,65,71,40,42,41,47,60,56,58,57,59,63,36,32,34,33,35,39,20,16,18,17,19,23,52,53,48,50,49,51,55,28,29,24,26,25,27,31,12,13,8,10,9,11,15,4,+5 MissingAxioms=0,1,2,3,7
Step=76 PrevRays= 72292 ResultRays= 72292 RayPairs= 394389066 NewAxiom=0 PrevAxioms=6,14,21,22,30,37,38,43,44,45,46,54,61,62,67,68,69,70,72,73,74,75,76,77,78,79,64,66,65,71,40,42,41,47,60,56,58,57,59,63,36,32,34,33,35,39,20,16,18,17,19,23,52,53,48,50,49,51,55,28,29,24,26,25,27,31,12,13,8,10,9,11,15,4,5,+0 MissingAxioms=1,2,3,7
Step=77 PrevRays=102665 ResultRays=102665 RayPairs=1215921308 NewAxiom=2 PrevAxioms=6,14,21,22,30,37,38,43,44,45,46,54,61,62,67,68,69,70,72,73,74,75,76,77,78,79,64,66,65,71,40,42,41,47,60,56,58,57,59,63,36,32,34,33,35,39,20,16,18,17,19,23,52,53,48,50,49,51,55,28,29,24,26,25,27,31,12,13,8,10,9,11,15,4,5,0,+2 MissingAxioms=1,3,7
Step=78 PrevRays=104685 ResultRays=104685 RayPairs=1314732482 NewAxiom=1 PrevAxioms=6,14,21,22,30,37,38,43,44,45,46,54,61,62,67,68,69,70,72,73,74,75,76,77,78,79,64,66,65,71,40,42,41,47,60,56,58,57,59,63,36,32,34,33,35,39,20,16,18,17,19,23,52,53,48,50,49,51,55,28,29,24,26,25,27,31,12,13,8,10,9,11,15,4,5,0,2,+1 MissingAxioms=3,7
Step=79 PrevRays=105687 ResultRays=105687 RayPairs=1280588688 NewAxiom=3 PrevAxioms=6,14,21,22,30,37,38,43,44,45,46,54,61,62,67,68,69,70,72,73,74,75,76,77,78,79,64,66,65,71,40,42,41,47,60,56,58,57,59,63,36,32,34,33,35,39,20,16,18,17,19,23,52,53,48,50,49,51,55,28,29,24,26,25,27,31,12,13,8,10,9,11,15,4,5,0,2,1,+3 MissingAxioms=7
Step=80 PrevRays=111712 ResultRays=111712 RayPairs=1087109287 NewAxiom=7 PrevAxioms=6,14,21,22,30,37,38,43,44,45,46,54,61,62,67,68,69,70,72,73,74,75,76,77,78,79,64,66,65,71,40,42,41,47,60,56,58,57,59,63,36,32,34,33,35,39,20,16,18,17,19,23,52,53,48,50,49,51,55,28,29,24,26,25,27,31,12,13,8,10,9,11,15,4,5,0,2,1,3,+7 MissingAxioms= TotalTime=84.9

Initial axioms:
Axiom6 01(3,4) - g2 f(0,3,4) + f(1,3,4) >= f(0,1,2,3,4) + f(3,4)
Axiom14 02(3,4) - g2 f(0,3,4) + f(2,3,4) >= f(0,1,2,3,4) + f(3,4)
Axiom21 12(0,4) - g2 f(0,1,4) + f(0,2,4) >= f(0,1,2,3,4) + f(0,4)
Axiom22 12(3,4) - g2 f(1,3,4) + f(2,3,4) >= f(0,1,2,3,4) + f(3,4)
Axiom30 03(2,4) - g2 f(0,2,4) + f(2,3,4) >= f(0,1,2,3,4) + f(2,4)
Axiom37 13(0,4) - g2 f(0,1,4) + f(0,3,4) >= f(0,1,2,3,4) + f(0,4)
Axiom38 13(2,4) - g2 f(1,2,4) + f(2,3,4) >= f(0,1,2,3,4) + f(2,4)
Axiom43 23(0,1) - g2 f(0,1,2) + f(0,1,3) >= f(0,1) + f(0,1,2,3,4)
Axiom44 23(4) - g1 f(2,4) + f(3,4) >= f(4) + f(2,3,4)
Axiom45 23(0,4) - g2 f(0,2,4) + f(0,3,4) >= f(0,1,2,3,4) + f(0,4)
Axiom46 23(1,4) - g2 f(1,2,4) + f(1,3,4) >= f(0,1,2,3,4) + f(1,4)
Axiom54 04(2,3) - g2 f(0,2,3) + f(2,3,4) >= f(2,3) + f(0,1,2,3,4)
Axiom61 14(0,3) - g2 f(0,1,3) + f(0,3,4) >= f(0,3) + f(0,1,2,3,4)
Axiom62 14(2,3) - g2 f(1,2,3) + f(2,3,4) >= f(2,3) + f(0,1,2,3,4)
Axiom67 24(0,1) - g2 f(0,1,2) + f(0,1,4) >= f(0,1) + f(0,1,2,3,4)
Axiom68 24(3) - g1 f(2,3) + f(3,4) >= f(3) + f(2,3,4)
Axiom69 24(0,3) - g2 f(0,2,3) + f(0,3,4) >= f(0,3) + f(0,1,2,3,4)
Axiom70 24(1,3) - g2 f(1,2,3) + f(1,3,4) >= f(1,3) + f(0,1,2,3,4)
Axiom72 34() - g0 f(3) + f(4) >= f(3,4)
Axiom73 34(0) - g1 f(0,3) + f(0,4) >= f(0) + f(0,3,4)
Axiom74 34(1) - g1 f(1,3) + f(1,4) >= f(1) + f(1,3,4)
Axiom75 34(0,1) - g2 f(0,1,3) + f(0,1,4) >= f(0,1) + f(0,1,2,3,4)
Axiom76 34(2) - g1 f(2,3) + f(2,4) >= f(2) + f(2,3,4)
Axiom77 34(0,2) - g2 f(0,2,3) + f(0,2,4) >= f(0,2) + f(0,1,2,3,4)
Axiom78 34(1,2) - g2 f(1,2,3) + f(1,2,4) >= f(1,2) + f(0,1,2,3,4)
Axiom79 34(0,1,2) - g3 f(0,1,2,3,4) >= f(0,1,2)

Axioms in order:
Step=27 Axiom64 24() - g0 f(2) + f(4) >= f(2,4)
Step=28 Axiom66 24(1) - g1 f(1,2) + f(1,4) >= f(1) + f(1,2,4)
Step=29 Axiom65 24(0) - g1 f(0,2) + f(0,4) >= f(0) + f(0,2,4)
Step=30 Axiom71 24(0,1,3) - g3 f(0,1,2,3,4) >= f(0,1,3)
Step=31 Axiom40 23() - g0 f(2) + f(3) >= f(2,3)
Step=32 Axiom42 23(1) - g1 f(1,2) + f(1,3) >= f(1) + f(1,2,3)
Step=33 Axiom41 23(0) - g1 f(0,2) + f(0,3) >= f(0) + f(0,2,3)
Step=34 Axiom47 23(0,1,4) - g3 f(0,1,2,3,4) >= f(0,1,4)
Step=35 Axiom60 14(3) - g1 f(1,3) + f(3,4) >= f(3) + f(1,3,4)
Step=36 Axiom56 14() - g0 f(1) + f(4) >= f(1,4)
Step=37 Axiom58 14(2) - g1 f(1,2) + f(2,4) >= f(2) + f(1,2,4)
Step=38 Axiom57 14(0) - g1 f(0,1) + f(0,4) >= f(0) + f(0,1,4)
Step=39 Axiom59 14(0,2) - g2 f(0,1,2) + f(0,2,4) >= f(0,2) + f(0,1,2,3,4)
Step=40 Axiom63 14(0,2,3) - g3 f(0,1,2,3,4) >= f(0,2,3)
Step=41 Axiom36 13(4) - g1 f(1,4) + f(3,4) >= f(4) + f(1,3,4)
Step=42 Axiom32 13() - g0 f(1) + f(3) >= f(1,3)
Step=43 Axiom34 13(2) - g1 f(1,2) + f(2,3) >= f(2) + f(1,2,3)
Step=44 Axiom33 13(0) - g1 f(0,1) + f(0,3) >= f(0) + f(0,1,3)
Step=45 Axiom35 13(0,2) - g2 f(0,1,2) + f(0,2,3) >= f(0,2) + f(0,1,2,3,4)
Step=46 Axiom39 13(0,2,4) - g3 f(0,1,2,3,4) >= f(0,2,4)
Step=47 Axiom20 12(4) - g1 f(1,4) + f(2,4) >= f(4) + f(1,2,4)
Step=48 Axiom16 12() - g0 f(1) + f(2) >= f(1,2)
Step=49 Axiom18 12(3) - g1 f(1,3) + f(2,3) >= f(3) + f(1,2,3)
Step=50 Axiom17 12(0) - g1 f(0,1) + f(0,2) >= f(0) + f(0,1,2)
Step=51 Axiom19 12(0,3) - g2 f(0,1,3) + f(0,2,3) >= f(0,3) + f(0,1,2,3,4)
Step=52 Axiom23 12(0,3,4) - g3 f(0,1,2,3,4) >= f(0,3,4)
Step=53 Axiom52 04(3) - g1 f(0,3) + f(3,4) >= f(3) + f(0,3,4)
Step=54 Axiom53 04(1,3) - g2 f(0,1,3) + f(1,3,4) >= f(1,3) + f(0,1,2,3,4)
Step=55 Axiom48 04() - g0 f(0) + f(4) >= f(0,4)
Step=56 Axiom50 04(2) - g1 f(0,2) + f(2,4) >= f(2) + f(0,2,4)
Step=57 Axiom49 04(1) - g1 f(0,1) + f(1,4) >= f(1) + f(0,1,4)
Step=58 Axiom51 04(1,2) - g2 f(0,1,2) + f(1,2,4) >= f(1,2) + f(0,1,2,3,4)
Step=59 Axiom55 04(1,2,3) - g3 f(0,1,2,3,4) >= f(1,2,3)
Step=60 Axiom28 03(4) - g1 f(0,4) + f(3,4) >= f(4) + f(0,3,4)
Step=61 Axiom29 03(1,4) - g2 f(0,1,4) + f(1,3,4) >= f(0,1,2,3,4) + f(1,4)
Step=62 Axiom24 03() - g0 f(0) + f(3) >= f(0,3)
Step=63 Axiom26 03(2) - g1 f(0,2) + f(2,3) >= f(2) + f(0,2,3)
Step=64 Axiom25 03(1) - g1 f(0,1) + f(1,3) >= f(1) + f(0,1,3)
Step=65 Axiom27 03(1,2) - g2 f(0,1,2) + f(1,2,3) >= f(1,2) + f(0,1,2,3,4)
Step=66 Axiom31 03(1,2,4) - g3 f(0,1,2,3,4) >= f(1,2,4)
Step=67 Axiom12 02(4) - g1 f(0,4) + f(2,4) >= f(4) + f(0,2,4)
Step=68 Axiom13 02(1,4) - g2 f(0,1,4) + f(1,2,4) >= f(0,1,2,3,4) + f(1,4)
Step=69 Axiom8 02() - g0 f(0) + f(2) >= f(0,2)
Step=70 Axiom10 02(3) - g1 f(0,3) + f(2,3) >= f(3) + f(0,2,3)
Step=71 Axiom9 02(1) - g1 f(0,1) + f(1,2) >= f(1) + f(0,1,2)
Step=72 Axiom11 02(1,3) - g2 f(0,1,3) + f(1,2,3) >= f(1,3) + f(0,1,2,3,4)
Step=73 Axiom15 02(1,3,4) - g3 f(0,1,2,3,4) >= f(1,3,4)
Step=74 Axiom4 01(4) - g1 f(0,4) + f(1,4) >= f(4) + f(0,1,4)
Step=75 Axiom5 01(2,4) - g2 f(0,2,4) + f(1,2,4) >= f(0,1,2,3,4) + f(2,4)
Step=76 Axiom0 01() - g0 f(0) + f(1) >= f(0,1)
Step=77 Axiom2 01(3) - g1 f(0,3) + f(1,3) >= f(3) + f(0,1,3)
Step=78 Axiom1 01(2) - g1 f(0,2) + f(1,2) >= f(2) + f(0,1,2)
Step=79 Axiom3 01(2,3) - g2 f(0,2,3) + f(1,2,3) >= f(2,3) + f(0,1,2,3,4)
Step=80 Axiom7 01(2,3,4) - g3 f(0,1,2,3,4) >= f(2,3,4)

Runs found in file: 1
