Step=27 ResultRays=    27 RayPairs=         2 NewAxiom=13 PrevAxioms=1,3,4,5,6,9,10,11,12,14,19,21,22,23,25,28,32,33,35,36,40,44,49,56,64,73,+13 MissingAxioms=0,2,7,8,15,16,17,18,20,24,26,27,29,30,31,34,37,38,39,41,42,43,45,46,47,48,50,51,52,53,54,55,57,58,59,60,61,62,63,65,66,67,68,69,70,71,72,74,75,76,77,78,79
Step=28 ResultRays=    28 RayPairs=         2 NewAxiom=27 PrevAxioms=1,3,4,5,6,9,10,11,12,14,19,21,22,23,25,28,32,33,35,36,40,44,49,56,64,73,13,+27 MissingAxioms=0,2,7,8,15,16,17,18,20,24,26,29,30,31,34,37,38,39,41,42,43,45,46,47,48,50,51,52,53,54,55,57,58,59,60,61,62,63,65,66,67,68,69,70,71,72,74,75,76,77,78,79
Step=29 ResultRays=    29 RayPairs=         2 NewAxiom=60 PrevAxioms=1,3,4,5,6,9,10,11,12,14,19,21,22,23,25,28,32,33,35,36,40,44,49,56,64,73,13,27,+60 MissingAxioms=0,2,7,8,15,16,17,18,20,24,26,29,30,31,34,37,38,39,41,42,43,45,46,47,48,50,51,52,53,54,55,57,58,59,61,62,63,65,66,67,68,69,70,71,72,74,75,76,77,78,79
Step=30 ResultRays=    30 RayPairs=         2 NewAxiom=68 PrevAxioms=1,3,4,5,6,9,10,11,12,14,19,21,22,23,25,28,32,33,35,36,40,44,49,56,64,73,13,27,60,+68 MissingAxioms=0,2,7,8,15,16,17,18,20,24,26,29,30,31,34,37,38,39,41,42,43,45,46,47,48,50,51,52,53,54,55,57,58,59,61,62,63,65,66,67,69,70,71,72,74,75,76,77,78,79
Step=31 ResultRays=    32 RayPairs=         3 NewAxiom=26 PrevAxioms=1,3,4,5,6,9,10,11,12,14,19,21,22,23,25,28,32,33,35,36,40,44,49,56,64,73,13,27,60,68,+26 MissingAxioms=0,2,7,8,15,16,17,18,20,24,29,30,31,34,37,38,39,41,42,43,45,46,47,48,50,51,52,53,54,55,57,58,59,61,62,63,65,66,67,69,70,71,72,74,75,76,77,78,79
Step=32 ResultRays=    34 RayPairs=         3 NewAxiom=69 PrevAxioms=1,3,4,5,6,9,10,11,12,14,19,21,22,23,25,28,32,33,35,36,40,44,49,56,64,73,13,27,60,68,26,+69 MissingAxioms=0,2,7,8,15,16,17,18,20,24,29,30,31,34,37,38,39,41,42,43,45,46,47,48,50,51,52,53,54,55,57,58,59,61,62,63,65,66,67,70,71,72,74,75,76,77,78,79
Step=33 ResultRays=    36 RayPairs=         4 NewAxiom=29 PrevAxioms=1,3,4,5,6,9,10,11,12,14,19,21,22,23,25,28,32,33,35,36,40,44,49,56,64,73,13,27,60,68,26,69,+29 MissingAxioms=0,2,7,8,15,16,17,18,20,24,30,31,34,37,38,39,41,42,43,45,46,47,48,50,51,52,53,54,55,57,58,59,61,62,63,65,66,67,70,71,72,74,75,76,77,78,79
Step=34 ResultRays=    39 RayPairs=         4 NewAxiom=71 PrevAxioms=1,3,4,5,6,9,10,11,12,14,19,21,22,23,25,28,32,33,35,36,40,44,49,56,64,73,13,27,60,68,26,69,29,+71 MissingAxioms=0,2,7,8,15,16,17,18,20,24,30,31,34,37,38,39,41,42,43,45,46,47,48,50,51,52,53,54,55,57,58,59,61,62,63,65,66,67,70,72,74,75,76,77,78,79
Step=35 ResultRays=    41 RayPairs=         6 NewAxiom=37 PrevAxioms=1,3,4,5,6,9,10,11,12,14,19,21,22,23,25,28,32,33,35,36,40,44,49,56,64,73,13,27,60,68,26,69,29,71,+37 MissingAxioms=0,2,7,8,15,16,17,18,20,24,30,31,34,38,39,41,42,43,45,46,47,48,50,51,52,53,54,55,57,58,59,61,62,63,65,66,67,70,72,74,75,76,77,78,79
Step=36 ResultRays=    45 RayPairs=         5 NewAxiom=39 PrevAxioms=1,3,4,5,6,9,10,11,12,14,19,21,22,23,25,28,32,33,35,36,40,44,49,56,64,73,13,27,60,68,26,69,29,71,37,+39 MissingAxioms=0,2,7,8,15,16,17,18,20,24,30,31,34,38,41,42,43,45,46,47,48,50,51,52,53,54,55,57,58,59,61,62,63,65,66,67,70,72,74,75,76,77,78,79
Step=37 ResultRays=    49 RayPairs=         6 NewAxiom=51 PrevAxioms=1,3,4,5,6,9,10,11,12,14,19,21,22,23,25,28,32,33,35,36,40,44,49,56,64,73,13,27,60,68,26,69,29,71,37,39,+51 MissingAxioms=0,2,7,8,15,16,17,18,20,24,30,31,34,38,41,42,43,45,46,47,48,50,52,53,54,55,57,58,59,61,62,63,65,66,67,70,72,74,75,76,77,78,79
Step=38 ResultRays=    57 RayPairs=        20 NewAxiom=50 PrevAxioms=1,3,4,5,6,9,10,11,12,14,19,21,22,23,25,28,32,33,35,36,40,44,49,56,64,73,13,27,60,68,26,69,29,71,37,39,51,+50 MissingAxioms=0,2,7,8,15,16,17,18,20,24,30,31,34,38,41,42,43,45,46,47,48,52,53,54,55,57,58,59,61,62,63,65,66,67,70,72,74,75,76,77,78,79
Step=39 ResultRays=    77 RayPairs=        22 NewAxiom=74 PrevAxioms=1,3,4,5,6,9,10,11,12,14,19,21,22,23,25,28,32,33,35,36,40,44,49,56,64,73,13,27,60,68,26,69,29,71,37,39,51,50,+74 MissingAxioms=0,2,7,8,15,16,17,18,20,24,30,31,34,38,41,42,43,45,46,47,48,52,53,54,55,57,58,59,61,62,63,65,66,67,70,72,75,76,77,78,79
Step=40 ResultRays=   101 RayPairs=        36 NewAxiom=70 PrevAxioms=1,3,4,5,6,9,10,11,12,14,19,21,22,23,25,28,32,33,35,36,40,44,49,56,64,73,13,27,60,68,26,69,29,71,37,39,51,50,74,+70 MissingAxioms=0,2,7,8,15,16,17,18,20,24,30,31,34,38,41,42,43,45,46,47,48,52,53,54,55,57,58,59,61,62,63,65,66,67,72,75,76,77,78,79
Step=41 ResultRays=   169 RayPairs=        72 NewAxiom=62 PrevAxioms=1,3,4,5,6,9,10,11,12,14,19,21,22,23,25,28,32,33,35,36,40,44,49,56,64,73,13,27,60,68,26,69,29,71,37,39,51,50,74,70,+62 MissingAxioms=0,2,7,8,15,16,17,18,20,24,30,31,34,38,41,42,43,45,46,47,48,52,53,54,55,57,58,59,61,63,65,66,67,72,75,76,77,78,79
Step=42 ResultRays=   211 RayPairs=       330 NewAxiom=53 PrevAxioms=1,3,4,5,6,9,10,11,12,14,19,21,22,23,25,28,32,33,35,36,40,44,49,56,64,73,13,27,60,68,26,69,29,71,37,39,51,50,74,70,62,+53 MissingAxioms=0,2,7,8,15,16,17,18,20,24,30,31,34,38,41,42,43,45,46,47,48,52,54,55,57,58,59,61,63,65,66,67,72,75,76,77,78,79
Step=43 ResultRays=   379 RayPairs=       880 NewAxiom=45 PrevAxioms=1,3,4,5,6,9,10,11,12,14,19,21,22,23,25,28,32,33,35,36,40,44,49,56,64,73,13,27,60,68,26,69,29,71,37,39,51,50,74,70,62,53,+45 MissingAxioms=0,2,7,8,15,16,17,18,20,24,30,31,34,38,41,42,43,46,47,48,52,54,55,57,58,59,61,63,65,66,67,72,75,76,77,78,79
Step=44 ResultRays=   639 RayPairs=      4225 NewAxiom=47 PrevAxioms=1,3,4,5,6,9,10,11,12,14,19,21,22,23,25,28,32,33,35,36,40,44,49,56,64,73,13,27,60,68,26,69,29,71,37,39,51,50,74,70,62,53,45,+47 MissingAxioms=0,2,7,8,15,16,17,18,20,24,30,31,34,38,41,42,43,46,48,52,54,55,57,58,59,61,63,65,66,67,72,75,76,77,78,79
Step=45 ResultRays=  1268 RayPairs=     20696 NewAxiom=43 PrevAxioms=1,3,4,5,6,9,10,11,12,14,19,21,22,23,25,28,32,33,35,36,40,44,49,56,64,73,13,27,60,68,26,69,29,71,37,39,51,50,74,70,62,53,45,47,+43 MissingAxioms=0,2,7,8,15,16,17,18,20,24,30,31,34,38,41,42,46,48,52,54,55,57,58,59,61,63,65,66,67,72,75,76,77,78,79
Step=46 ResultRays=  1306 RayPairs=     33292 NewAxiom=67 PrevAxioms=1,3,4,5,6,9,10,11,12,14,19,21,22,23,25,28,32,33,35,36,40,44,49,56,64,73,13,27,60,68,26,69,29,71,37,39,51,50,74,70,62,53,45,47,43,+67 MissingAxioms=0,2,7,8,15,16,17,18,20,24,30,31,34,38,41,42,46,48,52,54,55,57,58,59,61,63,65,66,72,75,76,77,78,79
Step=47 ResultRays=  1424 RayPairs=     60198 NewAxiom=41 PrevAxioms=1,3,4,5,6,9,10,11,12,14,19,21,22,23,25,28,32,33,35,36,40,44,49,56,64,73,13,27,60,68,26,69,29,71,37,39,51,50,74,70,62,53,45,47,43,67,+41 MissingAxioms=0,2,7,8,15,16,17,18,20,24,30,31,34,38,42,46,48,52,54,55,57,58,59,61,63,65,66,72,75,76,77,78,79
Step=48 ResultRays=  1693 RayPairs=    117694 NewAxiom=30 PrevAxioms=1,3,4,5,6,9,10,11,12,14,19,21,22,23,25,28,32,33,35,36,40,44,49,56,64,73,13,27,60,68,26,69,29,71,37,39,51,50,74,70,62,53,45,47,43,67,41,+30 MissingAxioms=0,2,7,8,15,16,17,18,20,24,31,34,38,42,46,48,52,54,55,57,58,59,61,63,65,66,72,75,76,77,78,79
Step=49 ResultRays=  2722 RayPairs=    175449 NewAxiom=46 PrevAxioms=1,3,4,5,6,9,10,11,12,14,19,21,22,23,25,28,32,33,35,36,40,44,49,56,64,73,13,27,60,68,26,69,29,71,37,39,51,50,74,70,62,53,45,47,43,67,41,30,+46 MissingAxioms=0,2,7,8,15,16,17,18,20,24,31,34,38,42,48,52,54,55,57,58,59,61,63,65,66,72,75,76,77,78,79
Step=50 ResultRays=  4204 RayPairs=    512064 NewAxiom=61 PrevAxioms=1,3,4,5,6,9,10,11,12,14,19,21,22,23,25,28,32,33,35,36,40,44,49,56,64,73,13,27,60,68,26,69,29,71,37,39,51,50,74,70,62,53,45,47,43,67,41,30,46,+61 MissingAxioms=0,2,7,8,15,16,17,18,20,24,31,34,38,42,48,52,54,55,57,58,59,63,65,66,72,75,76,77,78,79
Step=51 ResultRays=  4519 RayPairs=   1304815 NewAxiom=63 PrevAxioms=1,3,4,5,6,9,10,11,12,14,19,21,22,23,25,28,32,33,35,36,40,44,49,56,64,73,13,27,60,68,26,69,29,71,37,39,51,50,74,70,62,53,45,47,43,67,41,30,46,61,+63 MissingAxioms=0,2,7,8,15,16,17,18,20,24,31,34,38,42,48,52,54,55,57,58,59,65,66,72,75,76,77,78,79
Step=52 ResultRays=  6066 RayPairs=   1519886 NewAxiom=57 PrevAxioms=1,3,4,5,6,9,10,11,12,14,19,21,22,23,25,28,32,33,35,36,40,44,49,56,64,73,13,27,60,68,26,69,29,71,37,39,51,50,74,70,62,53,45,47,43,67,41,30,46,61,63,+57 MissingAxioms=0,2,7,8,15,16,17,18,20,24,31,34,38,42,48,52,54,55,58,59,65,66,72,75,76,77,78,79
Step=53 ResultRays=  7114 RayPairs=   3060267 NewAxiom=76 PrevAxioms=1,3,4,5,6,9,10,11,12,14,19,21,22,23,25,28,32,33,35,36,40,44,49,56,64,73,13,27,60,68,26,69,29,71,37,39,51,50,74,70,62,53,45,47,43,67,41,30,46,61,63,57,+76 MissingAxioms=0,2,7,8,15,16,17,18,20,24,31,34,38,42,48,52,54,55,58,59,65,66,72,75,77,78,79
Step=54 ResultRays=  7333 RayPairs=   4974053 NewAxiom=59 PrevAxioms=1,3,4,5,6,9,10,11,12,14,19,21,22,23,25,28,32,33,35,36,40,44,49,56,64,73,13,27,60,68,26,69,29,71,37,39,51,50,74,70,62,53,45,47,43,67,41,30,46,61,63,57,76,+59 MissingAxioms=0,2,7,8,15,16,17,18,20,24,31,34,38,42,48,52,54,55,58,65,66,72,75,77,78,79
Step=55 ResultRays=  9149 RayPairs=   5636099 NewAxiom=52 PrevAxioms=1,3,4,5,6,9,10,11,12,14,19,21,22,23,25,28,32,33,35,36,40,44,49,56,64,73,13,27,60,68,26,69,29,71,37,39,51,50,74,70,62,53,45,47,43,67,41,30,46,61,63,57,76,59,+52 MissingAxioms=0,2,7,8,15,16,17,18,20,24,31,34,38,42,48,54,55,58,65,66,72,75,77,78,79
Step=56 ResultRays=  8673 RayPairs=   9110553 NewAxiom=65 PrevAxioms=1,3,4,5,6,9,10,11,12,14,19,21,22,23,25,28,32,33,35,36,40,44,49,56,64,73,13,27,60,68,26,69,29,71,37,39,51,50,74,70,62,53,45,47,43,67,41,30,46,61,63,57,76,59,52,+65 MissingAxioms=0,2,7,8,15,16,17,18,20,24,31,34,38,42,48,54,55,58,66,72,75,77,78,79
Step=57 ResultRays=  9127 RayPairs=   8581344 NewAxiom=38 PrevAxioms=1,3,4,5,6,9,10,11,12,14,19,21,22,23,25,28,32,33,35,36,40,44,49,56,64,73,13,27,60,68,26,69,29,71,37,39,51,50,74,70,62,53,45,47,43,67,41,30,46,61,63,57,76,59,52,65,+38 MissingAxioms=0,2,7,8,15,16,17,18,20,24,31,34,42,48,54,55,58,66,72,75,77,78,79
Step=58 ResultRays=  8607 RayPairs=   9617139 NewAxiom=54 PrevAxioms=1,3,4,5,6,9,10,11,12,14,19,21,22,23,25,28,32,33,35,36,40,44,49,56,64,73,13,27,60,68,26,69,29,71,37,39,51,50,74,70,62,53,45,47,43,67,41,30,46,61,63,57,76,59,52,65,38,+54 MissingAxioms=0,2,7,8,15,16,17,18,20,24,31,34,42,48,55,58,66,72,75,77,78,79
Step=59 ResultRays=  8945 RayPairs=   7809945 NewAxiom=2 PrevAxioms=1,3,4,5,6,9,10,11,12,14,19,21,22,23,25,28,32,33,35,36,40,44,49,56,64,73,13,27,60,68,26,69,29,71,37,39,51,50,74,70,62,53,45,47,43,67,41,30,46,61,63,57,76,59,52,65,38,54,+2 MissingAxioms=0,7,8,15,16,17,18,20,24,31,34,42,48,55,58,66,72,75,77,78,79
Step=60 ResultRays=  9966 RayPairs=   3099357 NewAxiom=77 PrevAxioms=1,3,4,5,6,9,10,11,12,14,19,21,22,23,25,28,32,33,35,36,40,44,49,56,64,73,13,27,60,68,26,69,29,71,37,39,51,50,74,70,62,53,45,47,43,67,41,30,46,61,63,57,76,59,52,65,38,54,2,+77 MissingAxioms=0,7,8,15,16,17,18,20,24,31,34,42,48,55,58,66,72,75,78,79
Step=61 ResultRays= 10599 RayPairs=   4695516 NewAxiom=75 PrevAxioms=1,3,4,5,6,9,10,11,12,14,19,21,22,23,25,28,32,33,35,36,40,44,49,56,64,73,13,27,60,68,26,69,29,71,37,39,51,50,74,70,62,53,45,47,43,67,41,30,46,61,63,57,76,59,52,65,38,54,2,77,+75 MissingAxioms=0,7,8,15,16,17,18,20,24,31,34,42,48,55,58,66,72,78,79
Step=62 ResultRays= 12318 RayPairs=   5863824 NewAxiom=72 PrevAxioms=1,3,4,5,6,9,10,11,12,14,19,21,22,23,25,28,32,33,35,36,40,44,49,56,64,73,13,27,60,68,26,69,29,71,37,39,51,50,74,70,62,53,45,47,43,67,41,30,46,61,63,57,76,59,52,65,38,54,2,77,75,+72 MissingAxioms=0,7,8,15,16,17,18,20,24,31,34,42,48,55,58,66,78,79
Step=63 ResultRays= 19930 RayPairs=  12892390 NewAxiom=78 PrevAxioms=1,3,4,5,6,9,10,11,12,14,19,21,22,23,25,28,32,33,35,36,40,44,49,56,64,73,13,27,60,68,26,69,29,71,37,39,51,50,74,70,62,53,45,47,43,67,41,30,46,61,63,57,76,59,52,65,38,54,2,77,75,72,+78 MissingAxioms=0,7,8,15,16,17,18,20,24,31,34,42,48,55,58,66,79
Step=64 ResultRays= 22231 RayPairs=  25239321 NewAxiom=79 PrevAxioms=1,3,4,5,6,9,10,11,12,14,19,21,22,23,25,28,32,33,35,36,40,44,49,56,64,73,13,27,60,68,26,69,29,71,37,39,51,50,74,70,62,53,45,47,43,67,41,30,46,61,63,57,76,59,52,65,38,54,2,77,75,72,78,+79 MissingAxioms=0,7,8,15,16,17,18,20,24,31,34,42,48,55,58,66
Step=65 ResultRays= 27135 RayPairs=  44292610 NewAxiom=17 PrevAxioms=1,3,4,5,6,9,10,11,12,14,19,21,22,23,25,28,32,33,35,36,40,44,49,56,64,73,13,27,60,68,26,69,29,71,37,39,51,50,74,70,62,53,45,47,43,67,41,30,46,61,63,57,76,59,52,65,38,54,2,77,75,72,78,79,+17 MissingAxioms=0,7,8,15,16,18,20,24,31,34,42,48,55,58,66
Step=66 ResultRays= 36133 RayPairs=  88427148 NewAxiom=16 PrevAxioms=1,3,4,5,6,9,10,11,12,14,19,21,22,23,25,28,32,33,35,36,40,44,49,56,64,73,13,27,60,68,26,69,29,71,37,39,51,50,74,70,62,53,45,47,43,67,41,30,46,61,63,57,76,59,52,65,38,54,2,77,75,72,78,79,17,+16 MissingAxioms=0,7,8,15,18,20,24,31,34,42,48,55,58,66
Step=67 ResultRays= 41171 RayPairs=  45166884 NewAxiom=20 PrevAxioms=1,3,4,5,6,9,10,11,12,14,19,21,22,23,25,28,32,33,35,36,40,44,49,56,64,73,13,27,60,68,26,69,29,71,37,39,51,50,74,70,62,53,45,47,43,67,41,30,46,61,63,57,76,59,52,65,38,54,2,77,75,72,78,79,17,16,+20 MissingAxioms=0,7,8,15,18,24,31,34,42,48,55,58,66
Step=68 ResultRays= 45427 RayPairs=  86026318 NewAxiom=66 PrevAxioms=1,3,4,5,6,9,10,11,12,14,19,21,22,23,25,28,32,33,35,36,40,44,49,56,64,73,13,27,60,68,26,69,29,71,37,39,51,50,74,70,62,53,45,47,43,67,41,30,46,61,63,57,76,59,52,65,38,54,2,77,75,72,78,79,17,16,20,+66 MissingAxioms=0,7,8,15,18,24,31,34,42,48,55,58
Step=69 ResultRays= 44320 RayPairs= 158705166 NewAxiom=58 PrevAxioms=1,3,4,5,6,9,10,11,12,14,19,21,22,23,25,28,32,33,35,36,40,44,49,56,64,73,13,27,60,68,26,69,29,71,37,39,51,50,74,70,62,53,45,47,43,67,41,30,46,61,63,57,76,59,52,65,38,54,2,77,75,72,78,79,17,16,20,66,+58 MissingAxioms=0,7,8,15,18,24,31,34,42,48,55
Step=70 ResultRays= 51944 RayPairs=  58476369 NewAxiom=42 PrevAxioms=1,3,4,5,6,9,10,11,12,14,19,21,22,23,25,28,32,33,35,36,40,44,49,56,64,73,13,27,60,68,26,69,29,71,37,39,51,50,74,70,62,53,45,47,43,67,41,30,46,61,63,57,76,59,52,65,38,54,2,77,75,72,78,79,17,16,20,66,58,+42 MissingAxioms=0,7,8,15,18,24,31,34,48,55
Step=71 ResultRays= 53591 RayPairs= 175697521 NewAxiom=34 PrevAxioms=1,3,4,5,6,9,10,11,12,14,19,21,22,23,25,28,32,33,35,36,40,44,49,56,64,73,13,27,60,68,26,69,29,71,37,39,51,50,74,70,62,53,45,47,43,67,41,30,46,61,63,57,76,59,52,65,38,54,2,77,75,72,78,79,17,16,20,66,58,42,+34 MissingAxioms=0,7,8,15,18,24,31,48,55
Step=72 ResultRays= 51503 RayPairs= 222215013 NewAxiom=18 PrevAxioms=1,3,4,5,6,9,10,11,12,14,19,21,22,23,25,28,32,33,35,36,40,44,49,56,64,73,13,27,60,68,26,69,29,71,37,39,51,50,74,70,62,53,45,47,43,67,41,30,46,61,63,57,76,59,52,65,38,54,2,77,75,72,78,79,17,16,20,66,58,42,34,+18 MissingAxioms=0,7,8,15,24,31,48,55
Step=73 ResultRays= 61327 RayPairs= 135536585 NewAxiom=55 PrevAxioms=1,3,4,5,6,9,10,11,12,14,19,21,22,23,25,28,32,33,35,36,40,44,49,56,64,73,13,27,60,68,26,69,29,71,37,39,51,50,74,70,62,53,45,47,43,67,41,30,46,61,63,57,76,59,52,65,38,54,2,77,75,72,78,79,17,16,20,66,58,42,34,18,+55 MissingAxioms=0,7,8,15,24,31,48
Step=74 ResultRays= 67504 RayPairs= 262091622 NewAxiom=31 PrevAxioms=1,3,4,5,6,9,10,11,12,14,19,21,22,23,25,28,32,33,35,36,40,44,49,56,64,73,13,27,60,68,26,69,29,71,37,39,51,50,74,70,62,53,45,47,43,67,41,30,46,61,63,57,76,59,52,65,38,54,2,77,75,72,78,79,17,16,20,66,58,42,34,18,55,+31 MissingAxioms=0,7,8,15,24,48
Step=75 ResultRays= 70788 RayPairs= 344735069 NewAxiom=15 PrevAxioms=1,3,4,5,6,9,10,11,12,14,19,21,22,23,25,28,32,33,35,36,40,44,49,56,64,73,13,27,60,68,26,69,29,71,37,39,51,50,74,70,62,53,45,47,43,67,41,30,46,61,63,57,76,59,52,65,38,54,2,77,75,72,78,79,17,16,20,66,58,42,34,18,55,31,+15 MissingAxioms=0,7,8,24,48
Step=76 ResultRays= 73331 RayPairs= 370858005 NewAxiom=7 PrevAxioms=1,3,4,5,6,9,10,11,12,14,19,21,22,23,25,28,32,33,35,36,40,44,49,56,64,73,13,27,60,68,26,69,29,71,37,39,51,50,74,70,62,53,45,47,43,67,41,30,46,61,63,57,76,59,52,65,38,54,2,77,75,72,78,79,17,16,20,66,58,42,34,18,55,31,15,+7 MissingAxioms=0,8,24,48
Step=77 ResultRays= 91607 RayPairs= 334261224 NewAxiom=48 PrevAxioms=1,3,4,5,6,9,10,11,12,14,19,21,22,23,25,28,32,33,35,36,40,44,49,56,64,73,13,27,60,68,26,69,29,71,37,39,51,50,74,70,62,53,45,47,43,67,41,30,46,61,63,57,76,59,52,65,38,54,2,77,75,72,78,79,17,16,20,66,58,42,34,18,55,31,15,7,+48 MissingAxioms=0,8,24
Step=78 ResultRays=103752 RayPairs= 690546780 NewAxiom=24 PrevAxioms=1,3,4,5,6,9,10,11,12,14,19,21,22,23,25,28,32,33,35,36,40,44,49,56,64,73,13,27,60,68,26,69,29,71,37,39,51,50,74,70,62,53,45,47,43,67,41,30,46,61,63,57,76,59,52,65,38,54,2,77,75,72,78,79,17,16,20,66,58,42,34,18,55,31,15,7,48,+24 MissingAxioms=0,8
Step=79 ResultRays=111712 RayPairs= 944424360 NewAxiom=8 PrevAxioms=1,3,4,5,6,9,10,11,12,14,19,21,22,23,25,28,32,33,35,36,40,44,49,56,64,73,13,27,60,68,26,69,29,71,37,39,51,50,74,70,62,53,45,47,43,67,41,30,46,61,63,57,76,59,52,65,38,54,2,77,75,72,78,79,17,16,20,66,58,42,34,18,55,31,15,7,48,24,+8 MissingAxioms=0
Step=80 ResultRays=117978 RayPairs=1087109287 NewAxiom=0 PrevAxioms=1,3,4,5,6,9,10,11,12,14,19,21,22,23,25,28,32,33,35,36,40,44,49,56,64,73,13,27,60,68,26,69,29,71,37,39,51,50,74,70,62,53,45,47,43,67,41,30,46,61,63,57,76,59,52,65,38,54,2,77,75,72,78,79,17,16,20,66,58,42,34,18,55,31,15,7,48,24,8,+0 MissingAxioms= TotalTime=77.6

