Checking if we can add 15 to 
Yes
Checking if we can add 7 to 15
Yes
Checking if we can add 3 to 15 7
Yes
Checking if we can add 1 to 15 7 3
Yes
Checking if we can add 2 to 15 7 3 1
Yes
Checking if we can add 0 to 15 7 3 1 2
Yes
Checking if we can add 5 to 15 7 3 1 2 0
Yes
Checking if we can add 4 to 15 7 3 1 2 0 5
Yes
Checking if we can add 6 to 15 7 3 1 2 0 5 4
Yes
Checking if we can add 11 to 15 7 3 1 2 0 5 4 6
Yes
Checking if we can add 9 to 15 7 3 1 2 0 5 4 6 11
Yes
Checking if we can add 8 to 15 7 3 1 2 0 5 4 6 11 9
Yes
Checking if we can add 10 to 15 7 3 1 2 0 5 4 6 11 9 8
Yes
Checking if we can add 13 to 15 7 3 1 2 0 5 4 6 11 9 8 10
Yes
Checking if we can add 12 to 15 7 3 1 2 0 5 4 6 11 9 8 10 13
Yes
Checking if we can add 14 to 15 7 3 1 2 0 5 4 6 11 9 8 10 13 12
Checking if we can add 31 to 15 7 3 1 2 0 5 4 6 11 9 8 10 13 12
Yes
Checking if we can add 23 to 15 7 3 1 2 0 5 4 6 11 9 8 10 13 12 31
Yes
Checking if we can add 19 to 15 7 3 1 2 0 5 4 6 11 9 8 10 13 12 31 23
Yes
Checking if we can add 17 to 15 7 3 1 2 0 5 4 6 11 9 8 10 13 12 31 23 19
Yes
Checking if we can add 18 to 15 7 3 1 2 0 5 4 6 11 9 8 10 13 12 31 23 19 17
Yes
Checking if we can add 16 to 15 7 3 1 2 0 5 4 6 11 9 8 10 13 12 31 23 19 17 18
Yes
Checking if we can add 21 to 15 7 3 1 2 0 5 4 6 11 9 8 10 13 12 31 23 19 17 18 16
Yes
Checking if we can add 20 to 15 7 3 1 2 0 5 4 6 11 9 8 10 13 12 31 23 19 17 18 16 21
Yes
Checking if we can add 22 to 15 7 3 1 2 0 5 4 6 11 9 8 10 13 12 31 23 19 17 18 16 21 20
Yes
Checking if we can add 27 to 15 7 3 1 2 0 5 4 6 11 9 8 10 13 12 31 23 19 17 18 16 21 20 22
Yes
Checking if we can add 25 to 15 7 3 1 2 0 5 4 6 11 9 8 10 13 12 31 23 19 17 18 16 21 20 22 27
Yes
Checking if we can add 24 to 15 7 3 1 2 0 5 4 6 11 9 8 10 13 12 31 23 19 17 18 16 21 20 22 27 25
Yes
Checking if we can add 26 to 15 7 3 1 2 0 5 4 6 11 9 8 10 13 12 31 23 19 17 18 16 21 20 22 27 25 24
Yes
Checking if we can add 29 to 15 7 3 1 2 0 5 4 6 11 9 8 10 13 12 31 23 19 17 18 16 21 20 22 27 25 24 26
Yes
Checking if we can add 28 to 15 7 3 1 2 0 5 4 6 11 9 8 10 13 12 31 23 19 17 18 16 21 20 22 27 25 24 26 29
Yes
Checking if we can add 30 to 15 7 3 1 2 0 5 4 6 11 9 8 10 13 12 31 23 19 17 18 16 21 20 22 27 25 24 26 29 28
Checking if we can add 63 to 15 7 3 1 2 0 5 4 6 11 9 8 10 13 12 31 23 19 17 18 16 21 20 22 27 25 24 26 29 28
Yes
Checking if we can add 55 to 15 7 3 1 2 0 5 4 6 11 9 8 10 13 12 31 23 19 17 18 16 21 20 22 27 25 24 26 29 28 63
Yes
Checking if we can add 51 to 15 7 3 1 2 0 5 4 6 11 9 8 10 13 12 31 23 19 17 18 16 21 20 22 27 25 24 26 29 28 63 55
Yes
Checking if we can add 49 to 15 7 3 1 2 0 5 4 6 11 9 8 10 13 12 31 23 19 17 18 16 21 20 22 27 25 24 26 29 28 63 55 51
Yes
Checking if we can add 50 to 15 7 3 1 2 0 5 4 6 11 9 8 10 13 12 31 23 19 17 18 16 21 20 22 27 25 24 26 29 28 63 55 51 49
Yes
Checking if we can add 48 to 15 7 3 1 2 0 5 4 6 11 9 8 10 13 12 31 23 19 17 18 16 21 20 22 27 25 24 26 29 28 63 55 51 49 50
Yes
Checking if we can add 53 to 15 7 3 1 2 0 5 4 6 11 9 8 10 13 12 31 23 19 17 18 16 21 20 22 27 25 24 26 29 28 63 55 51 49 50 48
Yes
Checking if we can add 52 to 15 7 3 1 2 0 5 4 6 11 9 8 10 13 12 31 23 19 17 18 16 21 20 22 27 25 24 26 29 28 63 55 51 49 50 48 53
Yes
Checking if we can add 54 to 15 7 3 1 2 0 5 4 6 11 9 8 10 13 12 31 23 19 17 18 16 21 20 22 27 25 24 26 29 28 63 55 51 49 50 48 53 52
Yes
Checking if we can add 59 to 15 7 3 1 2 0 5 4 6 11 9 8 10 13 12 31 23 19 17 18 16 21 20 22 27 25 24 26 29 28 63 55 51 49 50 48 53 52 54
Yes
Checking if we can add 57 to 15 7 3 1 2 0 5 4 6 11 9 8 10 13 12 31 23 19 17 18 16 21 20 22 27 25 24 26 29 28 63 55 51 49 50 48 53 52 54 59
Yes
Checking if we can add 56 to 15 7 3 1 2 0 5 4 6 11 9 8 10 13 12 31 23 19 17 18 16 21 20 22 27 25 24 26 29 28 63 55 51 49 50 48 53 52 54 59 57
Yes
Checking if we can add 58 to 15 7 3 1 2 0 5 4 6 11 9 8 10 13 12 31 23 19 17 18 16 21 20 22 27 25 24 26 29 28 63 55 51 49 50 48 53 52 54 59 57 56
Yes
Checking if we can add 61 to 15 7 3 1 2 0 5 4 6 11 9 8 10 13 12 31 23 19 17 18 16 21 20 22 27 25 24 26 29 28 63 55 51 49 50 48 53 52 54 59 57 56 58
Yes
Checking if we can add 60 to 15 7 3 1 2 0 5 4 6 11 9 8 10 13 12 31 23 19 17 18 16 21 20 22 27 25 24 26 29 28 63 55 51 49 50 48 53 52 54 59 57 56 58 61
Yes
Checking if we can add 62 to 15 7 3 1 2 0 5 4 6 11 9 8 10 13 12 31 23 19 17 18 16 21 20 22 27 25 24 26 29 28 63 55 51 49 50 48 53 52 54 59 57 56 58 61 60
Checking if we can add 111 to 15 7 3 1 2 0 5 4 6 11 9 8 10 13 12 31 23 19 17 18 16 21 20 22 27 25 24 26 29 28 63 55 51 49 50 48 53 52 54 59 57 56 58 61 60
Yes
Checking if we can add 103 to 15 7 3 1 2 0 5 4 6 11 9 8 10 13 12 31 23 19 17 18 16 21 20 22 27 25 24 26 29 28 63 55 51 49 50 48 53 52 54 59 57 56 58 61 60 111
Yes
Checking if we can add 99 to 15 7 3 1 2 0 5 4 6 11 9 8 10 13 12 31 23 19 17 18 16 21 20 22 27 25 24 26 29 28 63 55 51 49 50 48 53 52 54 59 57 56 58 61 60 111 103
Yes
Checking if we can add 97 to 15 7 3 1 2 0 5 4 6 11 9 8 10 13 12 31 23 19 17 18 16 21 20 22 27 25 24 26 29 28 63 55 51 49 50 48 53 52 54 59 57 56 58 61 60 111 103 99
Yes
Checking if we can add 98 to 15 7 3 1 2 0 5 4 6 11 9 8 10 13 12 31 23 19 17 18 16 21 20 22 27 25 24 26 29 28 63 55 51 49 50 48 53 52 54 59 57 56 58 61 60 111 103 99 97
Yes
Checking if we can add 96 to 15 7 3 1 2 0 5 4 6 11 9 8 10 13 12 31 23 19 17 18 16 21 20 22 27 25 24 26 29 28 63 55 51 49 50 48 53 52 54 59 57 56 58 61 60 111 103 99 97 98
Yes
Checking if we can add 101 to 15 7 3 1 2 0 5 4 6 11 9 8 10 13 12 31 23 19 17 18 16 21 20 22 27 25 24 26 29 28 63 55 51 49 50 48 53 52 54 59 57 56 58 61 60 111 103 99 97 98 96
Yes
Checking if we can add 100 to 15 7 3 1 2 0 5 4 6 11 9 8 10 13 12 31 23 19 17 18 16 21 20 22 27 25 24 26 29 28 63 55 51 49 50 48 53 52 54 59 57 56 58 61 60 111 103 99 97 98 96 101
Yes
Checking if we can add 102 to 15 7 3 1 2 0 5 4 6 11 9 8 10 13 12 31 23 19 17 18 16 21 20 22 27 25 24 26 29 28 63 55 51 49 50 48 53 52 54 59 57 56 58 61 60 111 103 99 97 98 96 101 100
Yes
Checking if we can add 107 to 15 7 3 1 2 0 5 4 6 11 9 8 10 13 12 31 23 19 17 18 16 21 20 22 27 25 24 26 29 28 63 55 51 49 50 48 53 52 54 59 57 56 58 61 60 111 103 99 97 98 96 101 100 102
Yes
Checking if we can add 105 to 15 7 3 1 2 0 5 4 6 11 9 8 10 13 12 31 23 19 17 18 16 21 20 22 27 25 24 26 29 28 63 55 51 49 50 48 53 52 54 59 57 56 58 61 60 111 103 99 97 98 96 101 100 102 107
Yes
Checking if we can add 104 to 15 7 3 1 2 0 5 4 6 11 9 8 10 13 12 31 23 19 17 18 16 21 20 22 27 25 24 26 29 28 63 55 51 49 50 48 53 52 54 59 57 56 58 61 60 111 103 99 97 98 96 101 100 102 107 105
Yes
Checking if we can add 106 to 15 7 3 1 2 0 5 4 6 11 9 8 10 13 12 31 23 19 17 18 16 21 20 22 27 25 24 26 29 28 63 55 51 49 50 48 53 52 54 59 57 56 58 61 60 111 103 99 97 98 96 101 100 102 107 105 104
Yes
Checking if we can add 109 to 15 7 3 1 2 0 5 4 6 11 9 8 10 13 12 31 23 19 17 18 16 21 20 22 27 25 24 26 29 28 63 55 51 49 50 48 53 52 54 59 57 56 58 61 60 111 103 99 97 98 96 101 100 102 107 105 104 106
Yes
Checking if we can add 108 to 15 7 3 1 2 0 5 4 6 11 9 8 10 13 12 31 23 19 17 18 16 21 20 22 27 25 24 26 29 28 63 55 51 49 50 48 53 52 54 59 57 56 58 61 60 111 103 99 97 98 96 101 100 102 107 105 104 106 109
Yes
Checking if we can add 110 to 15 7 3 1 2 0 5 4 6 11 9 8 10 13 12 31 23 19 17 18 16 21 20 22 27 25 24 26 29 28 63 55 51 49 50 48 53 52 54 59 57 56 58 61 60 111 103 99 97 98 96 101 100 102 107 105 104 106 109 108
Checking if we can add 175 to 15 7 3 1 2 0 5 4 6 11 9 8 10 13 12 31 23 19 17 18 16 21 20 22 27 25 24 26 29 28 63 55 51 49 50 48 53 52 54 59 57 56 58 61 60 111 103 99 97 98 96 101 100 102 107 105 104 106 109 108
Yes
Checking if we can add 167 to 15 7 3 1 2 0 5 4 6 11 9 8 10 13 12 31 23 19 17 18 16 21 20 22 27 25 24 26 29 28 63 55 51 49 50 48 53 52 54 59 57 56 58 61 60 111 103 99 97 98 96 101 100 102 107 105 104 106 109 108 175
Yes
Checking if we can add 163 to 15 7 3 1 2 0 5 4 6 11 9 8 10 13 12 31 23 19 17 18 16 21 20 22 27 25 24 26 29 28 63 55 51 49 50 48 53 52 54 59 57 56 58 61 60 111 103 99 97 98 96 101 100 102 107 105 104 106 109 108 175 167
Yes
Checking if we can add 161 to 15 7 3 1 2 0 5 4 6 11 9 8 10 13 12 31 23 19 17 18 16 21 20 22 27 25 24 26 29 28 63 55 51 49 50 48 53 52 54 59 57 56 58 61 60 111 103 99 97 98 96 101 100 102 107 105 104 106 109 108 175 167 163
Yes
Checking if we can add 162 to 15 7 3 1 2 0 5 4 6 11 9 8 10 13 12 31 23 19 17 18 16 21 20 22 27 25 24 26 29 28 63 55 51 49 50 48 53 52 54 59 57 56 58 61 60 111 103 99 97 98 96 101 100 102 107 105 104 106 109 108 175 167 163 161
Yes
Checking if we can add 160 to 15 7 3 1 2 0 5 4 6 11 9 8 10 13 12 31 23 19 17 18 16 21 20 22 27 25 24 26 29 28 63 55 51 49 50 48 53 52 54 59 57 56 58 61 60 111 103 99 97 98 96 101 100 102 107 105 104 106 109 108 175 167 163 161 162
Yes
Checking if we can add 165 to 15 7 3 1 2 0 5 4 6 11 9 8 10 13 12 31 23 19 17 18 16 21 20 22 27 25 24 26 29 28 63 55 51 49 50 48 53 52 54 59 57 56 58 61 60 111 103 99 97 98 96 101 100 102 107 105 104 106 109 108 175 167 163 161 162 160
Yes
Checking if we can add 164 to 15 7 3 1 2 0 5 4 6 11 9 8 10 13 12 31 23 19 17 18 16 21 20 22 27 25 24 26 29 28 63 55 51 49 50 48 53 52 54 59 57 56 58 61 60 111 103 99 97 98 96 101 100 102 107 105 104 106 109 108 175 167 163 161 162 160 165
Yes
Checking if we can add 166 to 15 7 3 1 2 0 5 4 6 11 9 8 10 13 12 31 23 19 17 18 16 21 20 22 27 25 24 26 29 28 63 55 51 49 50 48 53 52 54 59 57 56 58 61 60 111 103 99 97 98 96 101 100 102 107 105 104 106 109 108 175 167 163 161 162 160 165 164
Yes
Checking if we can add 171 to 15 7 3 1 2 0 5 4 6 11 9 8 10 13 12 31 23 19 17 18 16 21 20 22 27 25 24 26 29 28 63 55 51 49 50 48 53 52 54 59 57 56 58 61 60 111 103 99 97 98 96 101 100 102 107 105 104 106 109 108 175 167 163 161 162 160 165 164 166
Yes
Checking if we can add 169 to 15 7 3 1 2 0 5 4 6 11 9 8 10 13 12 31 23 19 17 18 16 21 20 22 27 25 24 26 29 28 63 55 51 49 50 48 53 52 54 59 57 56 58 61 60 111 103 99 97 98 96 101 100 102 107 105 104 106 109 108 175 167 163 161 162 160 165 164 166 171
Yes
Checking if we can add 168 to 15 7 3 1 2 0 5 4 6 11 9 8 10 13 12 31 23 19 17 18 16 21 20 22 27 25 24 26 29 28 63 55 51 49 50 48 53 52 54 59 57 56 58 61 60 111 103 99 97 98 96 101 100 102 107 105 104 106 109 108 175 167 163 161 162 160 165 164 166 171 169
Yes
Checking if we can add 170 to 15 7 3 1 2 0 5 4 6 11 9 8 10 13 12 31 23 19 17 18 16 21 20 22 27 25 24 26 29 28 63 55 51 49 50 48 53 52 54 59 57 56 58 61 60 111 103 99 97 98 96 101 100 102 107 105 104 106 109 108 175 167 163 161 162 160 165 164 166 171 169 168
Yes
Checking if we can add 173 to 15 7 3 1 2 0 5 4 6 11 9 8 10 13 12 31 23 19 17 18 16 21 20 22 27 25 24 26 29 28 63 55 51 49 50 48 53 52 54 59 57 56 58 61 60 111 103 99 97 98 96 101 100 102 107 105 104 106 109 108 175 167 163 161 162 160 165 164 166 171 169 168 170
Yes
Checking if we can add 172 to 15 7 3 1 2 0 5 4 6 11 9 8 10 13 12 31 23 19 17 18 16 21 20 22 27 25 24 26 29 28 63 55 51 49 50 48 53 52 54 59 57 56 58 61 60 111 103 99 97 98 96 101 100 102 107 105 104 106 109 108 175 167 163 161 162 160 165 164 166 171 169 168 170 173
Yes
Checking if we can add 174 to 15 7 3 1 2 0 5 4 6 11 9 8 10 13 12 31 23 19 17 18 16 21 20 22 27 25 24 26 29 28 63 55 51 49 50 48 53 52 54 59 57 56 58 61 60 111 103 99 97 98 96 101 100 102 107 105 104 106 109 108 175 167 163 161 162 160 165 164 166 171 169 168 170 173 172
Checking if we can add 47 to 15 7 3 1 2 0 5 4 6 11 9 8 10 13 12 31 23 19 17 18 16 21 20 22 27 25 24 26 29 28 63 55 51 49 50 48 53 52 54 59 57 56 58 61 60 111 103 99 97 98 96 101 100 102 107 105 104 106 109 108 175 167 163 161 162 160 165 164 166 171 169 168 170 173 172
Yes
Checking if we can add 39 to 15 7 3 1 2 0 5 4 6 11 9 8 10 13 12 31 23 19 17 18 16 21 20 22 27 25 24 26 29 28 63 55 51 49 50 48 53 52 54 59 57 56 58 61 60 111 103 99 97 98 96 101 100 102 107 105 104 106 109 108 175 167 163 161 162 160 165 164 166 171 169 168 170 173 172 47
Yes
Checking if we can add 35 to 15 7 3 1 2 0 5 4 6 11 9 8 10 13 12 31 23 19 17 18 16 21 20 22 27 25 24 26 29 28 63 55 51 49 50 48 53 52 54 59 57 56 58 61 60 111 103 99 97 98 96 101 100 102 107 105 104 106 109 108 175 167 163 161 162 160 165 164 166 171 169 168 170 173 172 47 39
Yes
Checking if we can add 33 to 15 7 3 1 2 0 5 4 6 11 9 8 10 13 12 31 23 19 17 18 16 21 20 22 27 25 24 26 29 28 63 55 51 49 50 48 53 52 54 59 57 56 58 61 60 111 103 99 97 98 96 101 100 102 107 105 104 106 109 108 175 167 163 161 162 160 165 164 166 171 169 168 170 173 172 47 39 35
Yes
Checking if we can add 34 to 15 7 3 1 2 0 5 4 6 11 9 8 10 13 12 31 23 19 17 18 16 21 20 22 27 25 24 26 29 28 63 55 51 49 50 48 53 52 54 59 57 56 58 61 60 111 103 99 97 98 96 101 100 102 107 105 104 106 109 108 175 167 163 161 162 160 165 164 166 171 169 168 170 173 172 47 39 35 33
Yes
Checking if we can add 32 to 15 7 3 1 2 0 5 4 6 11 9 8 10 13 12 31 23 19 17 18 16 21 20 22 27 25 24 26 29 28 63 55 51 49 50 48 53 52 54 59 57 56 58 61 60 111 103 99 97 98 96 101 100 102 107 105 104 106 109 108 175 167 163 161 162 160 165 164 166 171 169 168 170 173 172 47 39 35 33 34
Yes
Checking if we can add 37 to 15 7 3 1 2 0 5 4 6 11 9 8 10 13 12 31 23 19 17 18 16 21 20 22 27 25 24 26 29 28 63 55 51 49 50 48 53 52 54 59 57 56 58 61 60 111 103 99 97 98 96 101 100 102 107 105 104 106 109 108 175 167 163 161 162 160 165 164 166 171 169 168 170 173 172 47 39 35 33 34 32
Yes
Checking if we can add 36 to 15 7 3 1 2 0 5 4 6 11 9 8 10 13 12 31 23 19 17 18 16 21 20 22 27 25 24 26 29 28 63 55 51 49 50 48 53 52 54 59 57 56 58 61 60 111 103 99 97 98 96 101 100 102 107 105 104 106 109 108 175 167 163 161 162 160 165 164 166 171 169 168 170 173 172 47 39 35 33 34 32 37
Yes
Checking if we can add 38 to 15 7 3 1 2 0 5 4 6 11 9 8 10 13 12 31 23 19 17 18 16 21 20 22 27 25 24 26 29 28 63 55 51 49 50 48 53 52 54 59 57 56 58 61 60 111 103 99 97 98 96 101 100 102 107 105 104 106 109 108 175 167 163 161 162 160 165 164 166 171 169 168 170 173 172 47 39 35 33 34 32 37 36
Yes
Checking if we can add 43 to 15 7 3 1 2 0 5 4 6 11 9 8 10 13 12 31 23 19 17 18 16 21 20 22 27 25 24 26 29 28 63 55 51 49 50 48 53 52 54 59 57 56 58 61 60 111 103 99 97 98 96 101 100 102 107 105 104 106 109 108 175 167 163 161 162 160 165 164 166 171 169 168 170 173 172 47 39 35 33 34 32 37 36 38
Yes
Checking if we can add 41 to 15 7 3 1 2 0 5 4 6 11 9 8 10 13 12 31 23 19 17 18 16 21 20 22 27 25 24 26 29 28 63 55 51 49 50 48 53 52 54 59 57 56 58 61 60 111 103 99 97 98 96 101 100 102 107 105 104 106 109 108 175 167 163 161 162 160 165 164 166 171 169 168 170 173 172 47 39 35 33 34 32 37 36 38 43
Yes
Checking if we can add 40 to 15 7 3 1 2 0 5 4 6 11 9 8 10 13 12 31 23 19 17 18 16 21 20 22 27 25 24 26 29 28 63 55 51 49 50 48 53 52 54 59 57 56 58 61 60 111 103 99 97 98 96 101 100 102 107 105 104 106 109 108 175 167 163 161 162 160 165 164 166 171 169 168 170 173 172 47 39 35 33 34 32 37 36 38 43 41
Yes
Checking if we can add 42 to 15 7 3 1 2 0 5 4 6 11 9 8 10 13 12 31 23 19 17 18 16 21 20 22 27 25 24 26 29 28 63 55 51 49 50 48 53 52 54 59 57 56 58 61 60 111 103 99 97 98 96 101 100 102 107 105 104 106 109 108 175 167 163 161 162 160 165 164 166 171 169 168 170 173 172 47 39 35 33 34 32 37 36 38 43 41 40
Yes
Checking if we can add 45 to 15 7 3 1 2 0 5 4 6 11 9 8 10 13 12 31 23 19 17 18 16 21 20 22 27 25 24 26 29 28 63 55 51 49 50 48 53 52 54 59 57 56 58 61 60 111 103 99 97 98 96 101 100 102 107 105 104 106 109 108 175 167 163 161 162 160 165 164 166 171 169 168 170 173 172 47 39 35 33 34 32 37 36 38 43 41 40 42
Checking if we can add 44 to 15 7 3 1 2 0 5 4 6 11 9 8 10 13 12 31 23 19 17 18 16 21 20 22 27 25 24 26 29 28 63 55 51 49 50 48 53 52 54 59 57 56 58 61 60 111 103 99 97 98 96 101 100 102 107 105 104 106 109 108 175 167 163 161 162 160 165 164 166 171 169 168 170 173 172 47 39 35 33 34 32 37 36 38 43 41 40 42
Yes
Checking if we can add 46 to 15 7 3 1 2 0 5 4 6 11 9 8 10 13 12 31 23 19 17 18 16 21 20 22 27 25 24 26 29 28 63 55 51 49 50 48 53 52 54 59 57 56 58 61 60 111 103 99 97 98 96 101 100 102 107 105 104 106 109 108 175 167 163 161 162 160 165 164 166 171 169 168 170 173 172 47 39 35 33 34 32 37 36 38 43 41 40 42 44
Checking if we can add 79 to 15 7 3 1 2 0 5 4 6 11 9 8 10 13 12 31 23 19 17 18 16 21 20 22 27 25 24 26 29 28 63 55 51 49 50 48 53 52 54 59 57 56 58 61 60 111 103 99 97 98 96 101 100 102 107 105 104 106 109 108 175 167 163 161 162 160 165 164 166 171 169 168 170 173 172 47 39 35 33 34 32 37 36 38 43 41 40 42 44
Yes
Checking if we can add 71 to 15 7 3 1 2 0 5 4 6 11 9 8 10 13 12 31 23 19 17 18 16 21 20 22 27 25 24 26 29 28 63 55 51 49 50 48 53 52 54 59 57 56 58 61 60 111 103 99 97 98 96 101 100 102 107 105 104 106 109 108 175 167 163 161 162 160 165 164 166 171 169 168 170 173 172 47 39 35 33 34 32 37 36 38 43 41 40 42 44 79
Yes
Checking if we can add 67 to 15 7 3 1 2 0 5 4 6 11 9 8 10 13 12 31 23 19 17 18 16 21 20 22 27 25 24 26 29 28 63 55 51 49 50 48 53 52 54 59 57 56 58 61 60 111 103 99 97 98 96 101 100 102 107 105 104 106 109 108 175 167 163 161 162 160 165 164 166 171 169 168 170 173 172 47 39 35 33 34 32 37 36 38 43 41 40 42 44 79 71
Yes
Checking if we can add 65 to 15 7 3 1 2 0 5 4 6 11 9 8 10 13 12 31 23 19 17 18 16 21 20 22 27 25 24 26 29 28 63 55 51 49 50 48 53 52 54 59 57 56 58 61 60 111 103 99 97 98 96 101 100 102 107 105 104 106 109 108 175 167 163 161 162 160 165 164 166 171 169 168 170 173 172 47 39 35 33 34 32 37 36 38 43 41 40 42 44 79 71 67
Yes
Checking if we can add 66 to 15 7 3 1 2 0 5 4 6 11 9 8 10 13 12 31 23 19 17 18 16 21 20 22 27 25 24 26 29 28 63 55 51 49 50 48 53 52 54 59 57 56 58 61 60 111 103 99 97 98 96 101 100 102 107 105 104 106 109 108 175 167 163 161 162 160 165 164 166 171 169 168 170 173 172 47 39 35 33 34 32 37 36 38 43 41 40 42 44 79 71 67 65
Yes
Checking if we can add 64 to 15 7 3 1 2 0 5 4 6 11 9 8 10 13 12 31 23 19 17 18 16 21 20 22 27 25 24 26 29 28 63 55 51 49 50 48 53 52 54 59 57 56 58 61 60 111 103 99 97 98 96 101 100 102 107 105 104 106 109 108 175 167 163 161 162 160 165 164 166 171 169 168 170 173 172 47 39 35 33 34 32 37 36 38 43 41 40 42 44 79 71 67 65 66
Yes
Checking if we can add 69 to 15 7 3 1 2 0 5 4 6 11 9 8 10 13 12 31 23 19 17 18 16 21 20 22 27 25 24 26 29 28 63 55 51 49 50 48 53 52 54 59 57 56 58 61 60 111 103 99 97 98 96 101 100 102 107 105 104 106 109 108 175 167 163 161 162 160 165 164 166 171 169 168 170 173 172 47 39 35 33 34 32 37 36 38 43 41 40 42 44 79 71 67 65 66 64
Yes
Checking if we can add 68 to 15 7 3 1 2 0 5 4 6 11 9 8 10 13 12 31 23 19 17 18 16 21 20 22 27 25 24 26 29 28 63 55 51 49 50 48 53 52 54 59 57 56 58 61 60 111 103 99 97 98 96 101 100 102 107 105 104 106 109 108 175 167 163 161 162 160 165 164 166 171 169 168 170 173 172 47 39 35 33 34 32 37 36 38 43 41 40 42 44 79 71 67 65 66 64 69
Yes
Checking if we can add 70 to 15 7 3 1 2 0 5 4 6 11 9 8 10 13 12 31 23 19 17 18 16 21 20 22 27 25 24 26 29 28 63 55 51 49 50 48 53 52 54 59 57 56 58 61 60 111 103 99 97 98 96 101 100 102 107 105 104 106 109 108 175 167 163 161 162 160 165 164 166 171 169 168 170 173 172 47 39 35 33 34 32 37 36 38 43 41 40 42 44 79 71 67 65 66 64 69 68
Yes
Checking if we can add 75 to 15 7 3 1 2 0 5 4 6 11 9 8 10 13 12 31 23 19 17 18 16 21 20 22 27 25 24 26 29 28 63 55 51 49 50 48 53 52 54 59 57 56 58 61 60 111 103 99 97 98 96 101 100 102 107 105 104 106 109 108 175 167 163 161 162 160 165 164 166 171 169 168 170 173 172 47 39 35 33 34 32 37 36 38 43 41 40 42 44 79 71 67 65 66 64 69 68 70
Yes
Checking if we can add 73 to 15 7 3 1 2 0 5 4 6 11 9 8 10 13 12 31 23 19 17 18 16 21 20 22 27 25 24 26 29 28 63 55 51 49 50 48 53 52 54 59 57 56 58 61 60 111 103 99 97 98 96 101 100 102 107 105 104 106 109 108 175 167 163 161 162 160 165 164 166 171 169 168 170 173 172 47 39 35 33 34 32 37 36 38 43 41 40 42 44 79 71 67 65 66 64 69 68 70 75
Yes
Checking if we can add 72 to 15 7 3 1 2 0 5 4 6 11 9 8 10 13 12 31 23 19 17 18 16 21 20 22 27 25 24 26 29 28 63 55 51 49 50 48 53 52 54 59 57 56 58 61 60 111 103 99 97 98 96 101 100 102 107 105 104 106 109 108 175 167 163 161 162 160 165 164 166 171 169 168 170 173 172 47 39 35 33 34 32 37 36 38 43 41 40 42 44 79 71 67 65 66 64 69 68 70 75 73
Yes
Checking if we can add 74 to 15 7 3 1 2 0 5 4 6 11 9 8 10 13 12 31 23 19 17 18 16 21 20 22 27 25 24 26 29 28 63 55 51 49 50 48 53 52 54 59 57 56 58 61 60 111 103 99 97 98 96 101 100 102 107 105 104 106 109 108 175 167 163 161 162 160 165 164 166 171 169 168 170 173 172 47 39 35 33 34 32 37 36 38 43 41 40 42 44 79 71 67 65 66 64 69 68 70 75 73 72
Yes
Checking if we can add 77 to 15 7 3 1 2 0 5 4 6 11 9 8 10 13 12 31 23 19 17 18 16 21 20 22 27 25 24 26 29 28 63 55 51 49 50 48 53 52 54 59 57 56 58 61 60 111 103 99 97 98 96 101 100 102 107 105 104 106 109 108 175 167 163 161 162 160 165 164 166 171 169 168 170 173 172 47 39 35 33 34 32 37 36 38 43 41 40 42 44 79 71 67 65 66 64 69 68 70 75 73 72 74
Checking if we can add 76 to 15 7 3 1 2 0 5 4 6 11 9 8 10 13 12 31 23 19 17 18 16 21 20 22 27 25 24 26 29 28 63 55 51 49 50 48 53 52 54 59 57 56 58 61 60 111 103 99 97 98 96 101 100 102 107 105 104 106 109 108 175 167 163 161 162 160 165 164 166 171 169 168 170 173 172 47 39 35 33 34 32 37 36 38 43 41 40 42 44 79 71 67 65 66 64 69 68 70 75 73 72 74
Yes
Checking if we can add 78 to 15 7 3 1 2 0 5 4 6 11 9 8 10 13 12 31 23 19 17 18 16 21 20 22 27 25 24 26 29 28 63 55 51 49 50 48 53 52 54 59 57 56 58 61 60 111 103 99 97 98 96 101 100 102 107 105 104 106 109 108 175 167 163 161 162 160 165 164 166 171 169 168 170 173 172 47 39 35 33 34 32 37 36 38 43 41 40 42 44 79 71 67 65 66 64 69 68 70 75 73 72 74 76
Checking if we can add 127 to 15 7 3 1 2 0 5 4 6 11 9 8 10 13 12 31 23 19 17 18 16 21 20 22 27 25 24 26 29 28 63 55 51 49 50 48 53 52 54 59 57 56 58 61 60 111 103 99 97 98 96 101 100 102 107 105 104 106 109 108 175 167 163 161 162 160 165 164 166 171 169 168 170 173 172 47 39 35 33 34 32 37 36 38 43 41 40 42 44 79 71 67 65 66 64 69 68 70 75 73 72 74 76
Yes
Checking if we can add 119 to 15 7 3 1 2 0 5 4 6 11 9 8 10 13 12 31 23 19 17 18 16 21 20 22 27 25 24 26 29 28 63 55 51 49 50 48 53 52 54 59 57 56 58 61 60 111 103 99 97 98 96 101 100 102 107 105 104 106 109 108 175 167 163 161 162 160 165 164 166 171 169 168 170 173 172 47 39 35 33 34 32 37 36 38 43 41 40 42 44 79 71 67 65 66 64 69 68 70 75 73 72 74 76 127
Yes
Checking if we can add 115 to 15 7 3 1 2 0 5 4 6 11 9 8 10 13 12 31 23 19 17 18 16 21 20 22 27 25 24 26 29 28 63 55 51 49 50 48 53 52 54 59 57 56 58 61 60 111 103 99 97 98 96 101 100 102 107 105 104 106 109 108 175 167 163 161 162 160 165 164 166 171 169 168 170 173 172 47 39 35 33 34 32 37 36 38 43 41 40 42 44 79 71 67 65 66 64 69 68 70 75 73 72 74 76 127 119
Yes
Checking if we can add 113 to 15 7 3 1 2 0 5 4 6 11 9 8 10 13 12 31 23 19 17 18 16 21 20 22 27 25 24 26 29 28 63 55 51 49 50 48 53 52 54 59 57 56 58 61 60 111 103 99 97 98 96 101 100 102 107 105 104 106 109 108 175 167 163 161 162 160 165 164 166 171 169 168 170 173 172 47 39 35 33 34 32 37 36 38 43 41 40 42 44 79 71 67 65 66 64 69 68 70 75 73 72 74 76 127 119 115
Yes
Checking if we can add 114 to 15 7 3 1 2 0 5 4 6 11 9 8 10 13 12 31 23 19 17 18 16 21 20 22 27 25 24 26 29 28 63 55 51 49 50 48 53 52 54 59 57 56 58 61 60 111 103 99 97 98 96 101 100 102 107 105 104 106 109 108 175 167 163 161 162 160 165 164 166 171 169 168 170 173 172 47 39 35 33 34 32 37 36 38 43 41 40 42 44 79 71 67 65 66 64 69 68 70 75 73 72 74 76 127 119 115 113
Yes
Checking if we can add 112 to 15 7 3 1 2 0 5 4 6 11 9 8 10 13 12 31 23 19 17 18 16 21 20 22 27 25 24 26 29 28 63 55 51 49 50 48 53 52 54 59 57 56 58 61 60 111 103 99 97 98 96 101 100 102 107 105 104 106 109 108 175 167 163 161 162 160 165 164 166 171 169 168 170 173 172 47 39 35 33 34 32 37 36 38 43 41 40 42 44 79 71 67 65 66 64 69 68 70 75 73 72 74 76 127 119 115 113 114
Yes
Checking if we can add 117 to 15 7 3 1 2 0 5 4 6 11 9 8 10 13 12 31 23 19 17 18 16 21 20 22 27 25 24 26 29 28 63 55 51 49 50 48 53 52 54 59 57 56 58 61 60 111 103 99 97 98 96 101 100 102 107 105 104 106 109 108 175 167 163 161 162 160 165 164 166 171 169 168 170 173 172 47 39 35 33 34 32 37 36 38 43 41 40 42 44 79 71 67 65 66 64 69 68 70 75 73 72 74 76 127 119 115 113 114 112
Yes
Checking if we can add 116 to 15 7 3 1 2 0 5 4 6 11 9 8 10 13 12 31 23 19 17 18 16 21 20 22 27 25 24 26 29 28 63 55 51 49 50 48 53 52 54 59 57 56 58 61 60 111 103 99 97 98 96 101 100 102 107 105 104 106 109 108 175 167 163 161 162 160 165 164 166 171 169 168 170 173 172 47 39 35 33 34 32 37 36 38 43 41 40 42 44 79 71 67 65 66 64 69 68 70 75 73 72 74 76 127 119 115 113 114 112 117
Yes
Checking if we can add 118 to 15 7 3 1 2 0 5 4 6 11 9 8 10 13 12 31 23 19 17 18 16 21 20 22 27 25 24 26 29 28 63 55 51 49 50 48 53 52 54 59 57 56 58 61 60 111 103 99 97 98 96 101 100 102 107 105 104 106 109 108 175 167 163 161 162 160 165 164 166 171 169 168 170 173 172 47 39 35 33 34 32 37 36 38 43 41 40 42 44 79 71 67 65 66 64 69 68 70 75 73 72 74 76 127 119 115 113 114 112 117 116
Yes
Checking if we can add 123 to 15 7 3 1 2 0 5 4 6 11 9 8 10 13 12 31 23 19 17 18 16 21 20 22 27 25 24 26 29 28 63 55 51 49 50 48 53 52 54 59 57 56 58 61 60 111 103 99 97 98 96 101 100 102 107 105 104 106 109 108 175 167 163 161 162 160 165 164 166 171 169 168 170 173 172 47 39 35 33 34 32 37 36 38 43 41 40 42 44 79 71 67 65 66 64 69 68 70 75 73 72 74 76 127 119 115 113 114 112 117 116 118
Yes
Checking if we can add 121 to 15 7 3 1 2 0 5 4 6 11 9 8 10 13 12 31 23 19 17 18 16 21 20 22 27 25 24 26 29 28 63 55 51 49 50 48 53 52 54 59 57 56 58 61 60 111 103 99 97 98 96 101 100 102 107 105 104 106 109 108 175 167 163 161 162 160 165 164 166 171 169 168 170 173 172 47 39 35 33 34 32 37 36 38 43 41 40 42 44 79 71 67 65 66 64 69 68 70 75 73 72 74 76 127 119 115 113 114 112 117 116 118 123
Yes
Checking if we can add 120 to 15 7 3 1 2 0 5 4 6 11 9 8 10 13 12 31 23 19 17 18 16 21 20 22 27 25 24 26 29 28 63 55 51 49 50 48 53 52 54 59 57 56 58 61 60 111 103 99 97 98 96 101 100 102 107 105 104 106 109 108 175 167 163 161 162 160 165 164 166 171 169 168 170 173 172 47 39 35 33 34 32 37 36 38 43 41 40 42 44 79 71 67 65 66 64 69 68 70 75 73 72 74 76 127 119 115 113 114 112 117 116 118 123 121
Yes
Checking if we can add 122 to 15 7 3 1 2 0 5 4 6 11 9 8 10 13 12 31 23 19 17 18 16 21 20 22 27 25 24 26 29 28 63 55 51 49 50 48 53 52 54 59 57 56 58 61 60 111 103 99 97 98 96 101 100 102 107 105 104 106 109 108 175 167 163 161 162 160 165 164 166 171 169 168 170 173 172 47 39 35 33 34 32 37 36 38 43 41 40 42 44 79 71 67 65 66 64 69 68 70 75 73 72 74 76 127 119 115 113 114 112 117 116 118 123 121 120
Yes
Checking if we can add 125 to 15 7 3 1 2 0 5 4 6 11 9 8 10 13 12 31 23 19 17 18 16 21 20 22 27 25 24 26 29 28 63 55 51 49 50 48 53 52 54 59 57 56 58 61 60 111 103 99 97 98 96 101 100 102 107 105 104 106 109 108 175 167 163 161 162 160 165 164 166 171 169 168 170 173 172 47 39 35 33 34 32 37 36 38 43 41 40 42 44 79 71 67 65 66 64 69 68 70 75 73 72 74 76 127 119 115 113 114 112 117 116 118 123 121 120 122
Checking if we can add 124 to 15 7 3 1 2 0 5 4 6 11 9 8 10 13 12 31 23 19 17 18 16 21 20 22 27 25 24 26 29 28 63 55 51 49 50 48 53 52 54 59 57 56 58 61 60 111 103 99 97 98 96 101 100 102 107 105 104 106 109 108 175 167 163 161 162 160 165 164 166 171 169 168 170 173 172 47 39 35 33 34 32 37 36 38 43 41 40 42 44 79 71 67 65 66 64 69 68 70 75 73 72 74 76 127 119 115 113 114 112 117 116 118 123 121 120 122
Yes
Checking if we can add 126 to 15 7 3 1 2 0 5 4 6 11 9 8 10 13 12 31 23 19 17 18 16 21 20 22 27 25 24 26 29 28 63 55 51 49 50 48 53 52 54 59 57 56 58 61 60 111 103 99 97 98 96 101 100 102 107 105 104 106 109 108 175 167 163 161 162 160 165 164 166 171 169 168 170 173 172 47 39 35 33 34 32 37 36 38 43 41 40 42 44 79 71 67 65 66 64 69 68 70 75 73 72 74 76 127 119 115 113 114 112 117 116 118 123 121 120 122 124
Checking if we can add 191 to 15 7 3 1 2 0 5 4 6 11 9 8 10 13 12 31 23 19 17 18 16 21 20 22 27 25 24 26 29 28 63 55 51 49 50 48 53 52 54 59 57 56 58 61 60 111 103 99 97 98 96 101 100 102 107 105 104 106 109 108 175 167 163 161 162 160 165 164 166 171 169 168 170 173 172 47 39 35 33 34 32 37 36 38 43 41 40 42 44 79 71 67 65 66 64 69 68 70 75 73 72 74 76 127 119 115 113 114 112 117 116 118 123 121 120 122 124
Yes
Checking if we can add 183 to 15 7 3 1 2 0 5 4 6 11 9 8 10 13 12 31 23 19 17 18 16 21 20 22 27 25 24 26 29 28 63 55 51 49 50 48 53 52 54 59 57 56 58 61 60 111 103 99 97 98 96 101 100 102 107 105 104 106 109 108 175 167 163 161 162 160 165 164 166 171 169 168 170 173 172 47 39 35 33 34 32 37 36 38 43 41 40 42 44 79 71 67 65 66 64 69 68 70 75 73 72 74 76 127 119 115 113 114 112 117 116 118 123 121 120 122 124 191
Yes
Checking if we can add 179 to 15 7 3 1 2 0 5 4 6 11 9 8 10 13 12 31 23 19 17 18 16 21 20 22 27 25 24 26 29 28 63 55 51 49 50 48 53 52 54 59 57 56 58 61 60 111 103 99 97 98 96 101 100 102 107 105 104 106 109 108 175 167 163 161 162 160 165 164 166 171 169 168 170 173 172 47 39 35 33 34 32 37 36 38 43 41 40 42 44 79 71 67 65 66 64 69 68 70 75 73 72 74 76 127 119 115 113 114 112 117 116 118 123 121 120 122 124 191 183
Yes
Checking if we can add 177 to 15 7 3 1 2 0 5 4 6 11 9 8 10 13 12 31 23 19 17 18 16 21 20 22 27 25 24 26 29 28 63 55 51 49 50 48 53 52 54 59 57 56 58 61 60 111 103 99 97 98 96 101 100 102 107 105 104 106 109 108 175 167 163 161 162 160 165 164 166 171 169 168 170 173 172 47 39 35 33 34 32 37 36 38 43 41 40 42 44 79 71 67 65 66 64 69 68 70 75 73 72 74 76 127 119 115 113 114 112 117 116 118 123 121 120 122 124 191 183 179
Yes
Checking if we can add 178 to 15 7 3 1 2 0 5 4 6 11 9 8 10 13 12 31 23 19 17 18 16 21 20 22 27 25 24 26 29 28 63 55 51 49 50 48 53 52 54 59 57 56 58 61 60 111 103 99 97 98 96 101 100 102 107 105 104 106 109 108 175 167 163 161 162 160 165 164 166 171 169 168 170 173 172 47 39 35 33 34 32 37 36 38 43 41 40 42 44 79 71 67 65 66 64 69 68 70 75 73 72 74 76 127 119 115 113 114 112 117 116 118 123 121 120 122 124 191 183 179 177
Yes
Checking if we can add 176 to 15 7 3 1 2 0 5 4 6 11 9 8 10 13 12 31 23 19 17 18 16 21 20 22 27 25 24 26 29 28 63 55 51 49 50 48 53 52 54 59 57 56 58 61 60 111 103 99 97 98 96 101 100 102 107 105 104 106 109 108 175 167 163 161 162 160 165 164 166 171 169 168 170 173 172 47 39 35 33 34 32 37 36 38 43 41 40 42 44 79 71 67 65 66 64 69 68 70 75 73 72 74 76 127 119 115 113 114 112 117 116 118 123 121 120 122 124 191 183 179 177 178
Yes
Checking if we can add 181 to 15 7 3 1 2 0 5 4 6 11 9 8 10 13 12 31 23 19 17 18 16 21 20 22 27 25 24 26 29 28 63 55 51 49 50 48 53 52 54 59 57 56 58 61 60 111 103 99 97 98 96 101 100 102 107 105 104 106 109 108 175 167 163 161 162 160 165 164 166 171 169 168 170 173 172 47 39 35 33 34 32 37 36 38 43 41 40 42 44 79 71 67 65 66 64 69 68 70 75 73 72 74 76 127 119 115 113 114 112 117 116 118 123 121 120 122 124 191 183 179 177 178 176
Yes
Checking if we can add 180 to 15 7 3 1 2 0 5 4 6 11 9 8 10 13 12 31 23 19 17 18 16 21 20 22 27 25 24 26 29 28 63 55 51 49 50 48 53 52 54 59 57 56 58 61 60 111 103 99 97 98 96 101 100 102 107 105 104 106 109 108 175 167 163 161 162 160 165 164 166 171 169 168 170 173 172 47 39 35 33 34 32 37 36 38 43 41 40 42 44 79 71 67 65 66 64 69 68 70 75 73 72 74 76 127 119 115 113 114 112 117 116 118 123 121 120 122 124 191 183 179 177 178 176 181
Yes
Checking if we can add 182 to 15 7 3 1 2 0 5 4 6 11 9 8 10 13 12 31 23 19 17 18 16 21 20 22 27 25 24 26 29 28 63 55 51 49 50 48 53 52 54 59 57 56 58 61 60 111 103 99 97 98 96 101 100 102 107 105 104 106 109 108 175 167 163 161 162 160 165 164 166 171 169 168 170 173 172 47 39 35 33 34 32 37 36 38 43 41 40 42 44 79 71 67 65 66 64 69 68 70 75 73 72 74 76 127 119 115 113 114 112 117 116 118 123 121 120 122 124 191 183 179 177 178 176 181 180
Yes
Checking if we can add 187 to 15 7 3 1 2 0 5 4 6 11 9 8 10 13 12 31 23 19 17 18 16 21 20 22 27 25 24 26 29 28 63 55 51 49 50 48 53 52 54 59 57 56 58 61 60 111 103 99 97 98 96 101 100 102 107 105 104 106 109 108 175 167 163 161 162 160 165 164 166 171 169 168 170 173 172 47 39 35 33 34 32 37 36 38 43 41 40 42 44 79 71 67 65 66 64 69 68 70 75 73 72 74 76 127 119 115 113 114 112 117 116 118 123 121 120 122 124 191 183 179 177 178 176 181 180 182
Yes
Checking if we can add 185 to 15 7 3 1 2 0 5 4 6 11 9 8 10 13 12 31 23 19 17 18 16 21 20 22 27 25 24 26 29 28 63 55 51 49 50 48 53 52 54 59 57 56 58 61 60 111 103 99 97 98 96 101 100 102 107 105 104 106 109 108 175 167 163 161 162 160 165 164 166 171 169 168 170 173 172 47 39 35 33 34 32 37 36 38 43 41 40 42 44 79 71 67 65 66 64 69 68 70 75 73 72 74 76 127 119 115 113 114 112 117 116 118 123 121 120 122 124 191 183 179 177 178 176 181 180 182 187
Yes
Checking if we can add 184 to 15 7 3 1 2 0 5 4 6 11 9 8 10 13 12 31 23 19 17 18 16 21 20 22 27 25 24 26 29 28 63 55 51 49 50 48 53 52 54 59 57 56 58 61 60 111 103 99 97 98 96 101 100 102 107 105 104 106 109 108 175 167 163 161 162 160 165 164 166 171 169 168 170 173 172 47 39 35 33 34 32 37 36 38 43 41 40 42 44 79 71 67 65 66 64 69 68 70 75 73 72 74 76 127 119 115 113 114 112 117 116 118 123 121 120 122 124 191 183 179 177 178 176 181 180 182 187 185
Yes
Checking if we can add 186 to 15 7 3 1 2 0 5 4 6 11 9 8 10 13 12 31 23 19 17 18 16 21 20 22 27 25 24 26 29 28 63 55 51 49 50 48 53 52 54 59 57 56 58 61 60 111 103 99 97 98 96 101 100 102 107 105 104 106 109 108 175 167 163 161 162 160 165 164 166 171 169 168 170 173 172 47 39 35 33 34 32 37 36 38 43 41 40 42 44 79 71 67 65 66 64 69 68 70 75 73 72 74 76 127 119 115 113 114 112 117 116 118 123 121 120 122 124 191 183 179 177 178 176 181 180 182 187 185 184
Yes
Checking if we can add 189 to 15 7 3 1 2 0 5 4 6 11 9 8 10 13 12 31 23 19 17 18 16 21 20 22 27 25 24 26 29 28 63 55 51 49 50 48 53 52 54 59 57 56 58 61 60 111 103 99 97 98 96 101 100 102 107 105 104 106 109 108 175 167 163 161 162 160 165 164 166 171 169 168 170 173 172 47 39 35 33 34 32 37 36 38 43 41 40 42 44 79 71 67 65 66 64 69 68 70 75 73 72 74 76 127 119 115 113 114 112 117 116 118 123 121 120 122 124 191 183 179 177 178 176 181 180 182 187 185 184 186
Checking if we can add 188 to 15 7 3 1 2 0 5 4 6 11 9 8 10 13 12 31 23 19 17 18 16 21 20 22 27 25 24 26 29 28 63 55 51 49 50 48 53 52 54 59 57 56 58 61 60 111 103 99 97 98 96 101 100 102 107 105 104 106 109 108 175 167 163 161 162 160 165 164 166 171 169 168 170 173 172 47 39 35 33 34 32 37 36 38 43 41 40 42 44 79 71 67 65 66 64 69 68 70 75 73 72 74 76 127 119 115 113 114 112 117 116 118 123 121 120 122 124 191 183 179 177 178 176 181 180 182 187 185 184 186
Yes
Checking if we can add 190 to 15 7 3 1 2 0 5 4 6 11 9 8 10 13 12 31 23 19 17 18 16 21 20 22 27 25 24 26 29 28 63 55 51 49 50 48 53 52 54 59 57 56 58 61 60 111 103 99 97 98 96 101 100 102 107 105 104 106 109 108 175 167 163 161 162 160 165 164 166 171 169 168 170 173 172 47 39 35 33 34 32 37 36 38 43 41 40 42 44 79 71 67 65 66 64 69 68 70 75 73 72 74 76 127 119 115 113 114 112 117 116 118 123 121 120 122 124 191 183 179 177 178 176 181 180 182 187 185 184 186 188
Checking if we can add 95 to 15 7 3 1 2 0 5 4 6 11 9 8 10 13 12 31 23 19 17 18 16 21 20 22 27 25 24 26 29 28 63 55 51 49 50 48 53 52 54 59 57 56 58 61 60 111 103 99 97 98 96 101 100 102 107 105 104 106 109 108 175 167 163 161 162 160 165 164 166 171 169 168 170 173 172 47 39 35 33 34 32 37 36 38 43 41 40 42 44 79 71 67 65 66 64 69 68 70 75 73 72 74 76 127 119 115 113 114 112 117 116 118 123 121 120 122 124 191 183 179 177 178 176 181 180 182 187 185 184 186 188
Yes
Checking if we can add 87 to 15 7 3 1 2 0 5 4 6 11 9 8 10 13 12 31 23 19 17 18 16 21 20 22 27 25 24 26 29 28 63 55 51 49 50 48 53 52 54 59 57 56 58 61 60 111 103 99 97 98 96 101 100 102 107 105 104 106 109 108 175 167 163 161 162 160 165 164 166 171 169 168 170 173 172 47 39 35 33 34 32 37 36 38 43 41 40 42 44 79 71 67 65 66 64 69 68 70 75 73 72 74 76 127 119 115 113 114 112 117 116 118 123 121 120 122 124 191 183 179 177 178 176 181 180 182 187 185 184 186 188 95
Yes
Checking if we can add 83 to 15 7 3 1 2 0 5 4 6 11 9 8 10 13 12 31 23 19 17 18 16 21 20 22 27 25 24 26 29 28 63 55 51 49 50 48 53 52 54 59 57 56 58 61 60 111 103 99 97 98 96 101 100 102 107 105 104 106 109 108 175 167 163 161 162 160 165 164 166 171 169 168 170 173 172 47 39 35 33 34 32 37 36 38 43 41 40 42 44 79 71 67 65 66 64 69 68 70 75 73 72 74 76 127 119 115 113 114 112 117 116 118 123 121 120 122 124 191 183 179 177 178 176 181 180 182 187 185 184 186 188 95 87
Yes
Checking if we can add 81 to 15 7 3 1 2 0 5 4 6 11 9 8 10 13 12 31 23 19 17 18 16 21 20 22 27 25 24 26 29 28 63 55 51 49 50 48 53 52 54 59 57 56 58 61 60 111 103 99 97 98 96 101 100 102 107 105 104 106 109 108 175 167 163 161 162 160 165 164 166 171 169 168 170 173 172 47 39 35 33 34 32 37 36 38 43 41 40 42 44 79 71 67 65 66 64 69 68 70 75 73 72 74 76 127 119 115 113 114 112 117 116 118 123 121 120 122 124 191 183 179 177 178 176 181 180 182 187 185 184 186 188 95 87 83
Yes
Checking if we can add 82 to 15 7 3 1 2 0 5 4 6 11 9 8 10 13 12 31 23 19 17 18 16 21 20 22 27 25 24 26 29 28 63 55 51 49 50 48 53 52 54 59 57 56 58 61 60 111 103 99 97 98 96 101 100 102 107 105 104 106 109 108 175 167 163 161 162 160 165 164 166 171 169 168 170 173 172 47 39 35 33 34 32 37 36 38 43 41 40 42 44 79 71 67 65 66 64 69 68 70 75 73 72 74 76 127 119 115 113 114 112 117 116 118 123 121 120 122 124 191 183 179 177 178 176 181 180 182 187 185 184 186 188 95 87 83 81
Yes
Checking if we can add 80 to 15 7 3 1 2 0 5 4 6 11 9 8 10 13 12 31 23 19 17 18 16 21 20 22 27 25 24 26 29 28 63 55 51 49 50 48 53 52 54 59 57 56 58 61 60 111 103 99 97 98 96 101 100 102 107 105 104 106 109 108 175 167 163 161 162 160 165 164 166 171 169 168 170 173 172 47 39 35 33 34 32 37 36 38 43 41 40 42 44 79 71 67 65 66 64 69 68 70 75 73 72 74 76 127 119 115 113 114 112 117 116 118 123 121 120 122 124 191 183 179 177 178 176 181 180 182 187 185 184 186 188 95 87 83 81 82
Yes
Checking if we can add 85 to 15 7 3 1 2 0 5 4 6 11 9 8 10 13 12 31 23 19 17 18 16 21 20 22 27 25 24 26 29 28 63 55 51 49 50 48 53 52 54 59 57 56 58 61 60 111 103 99 97 98 96 101 100 102 107 105 104 106 109 108 175 167 163 161 162 160 165 164 166 171 169 168 170 173 172 47 39 35 33 34 32 37 36 38 43 41 40 42 44 79 71 67 65 66 64 69 68 70 75 73 72 74 76 127 119 115 113 114 112 117 116 118 123 121 120 122 124 191 183 179 177 178 176 181 180 182 187 185 184 186 188 95 87 83 81 82 80
Yes
Checking if we can add 84 to 15 7 3 1 2 0 5 4 6 11 9 8 10 13 12 31 23 19 17 18 16 21 20 22 27 25 24 26 29 28 63 55 51 49 50 48 53 52 54 59 57 56 58 61 60 111 103 99 97 98 96 101 100 102 107 105 104 106 109 108 175 167 163 161 162 160 165 164 166 171 169 168 170 173 172 47 39 35 33 34 32 37 36 38 43 41 40 42 44 79 71 67 65 66 64 69 68 70 75 73 72 74 76 127 119 115 113 114 112 117 116 118 123 121 120 122 124 191 183 179 177 178 176 181 180 182 187 185 184 186 188 95 87 83 81 82 80 85
Yes
Checking if we can add 86 to 15 7 3 1 2 0 5 4 6 11 9 8 10 13 12 31 23 19 17 18 16 21 20 22 27 25 24 26 29 28 63 55 51 49 50 48 53 52 54 59 57 56 58 61 60 111 103 99 97 98 96 101 100 102 107 105 104 106 109 108 175 167 163 161 162 160 165 164 166 171 169 168 170 173 172 47 39 35 33 34 32 37 36 38 43 41 40 42 44 79 71 67 65 66 64 69 68 70 75 73 72 74 76 127 119 115 113 114 112 117 116 118 123 121 120 122 124 191 183 179 177 178 176 181 180 182 187 185 184 186 188 95 87 83 81 82 80 85 84
Yes
Checking if we can add 91 to 15 7 3 1 2 0 5 4 6 11 9 8 10 13 12 31 23 19 17 18 16 21 20 22 27 25 24 26 29 28 63 55 51 49 50 48 53 52 54 59 57 56 58 61 60 111 103 99 97 98 96 101 100 102 107 105 104 106 109 108 175 167 163 161 162 160 165 164 166 171 169 168 170 173 172 47 39 35 33 34 32 37 36 38 43 41 40 42 44 79 71 67 65 66 64 69 68 70 75 73 72 74 76 127 119 115 113 114 112 117 116 118 123 121 120 122 124 191 183 179 177 178 176 181 180 182 187 185 184 186 188 95 87 83 81 82 80 85 84 86
Checking if we can add 89 to 15 7 3 1 2 0 5 4 6 11 9 8 10 13 12 31 23 19 17 18 16 21 20 22 27 25 24 26 29 28 63 55 51 49 50 48 53 52 54 59 57 56 58 61 60 111 103 99 97 98 96 101 100 102 107 105 104 106 109 108 175 167 163 161 162 160 165 164 166 171 169 168 170 173 172 47 39 35 33 34 32 37 36 38 43 41 40 42 44 79 71 67 65 66 64 69 68 70 75 73 72 74 76 127 119 115 113 114 112 117 116 118 123 121 120 122 124 191 183 179 177 178 176 181 180 182 187 185 184 186 188 95 87 83 81 82 80 85 84 86
Yes
Checking if we can add 88 to 15 7 3 1 2 0 5 4 6 11 9 8 10 13 12 31 23 19 17 18 16 21 20 22 27 25 24 26 29 28 63 55 51 49 50 48 53 52 54 59 57 56 58 61 60 111 103 99 97 98 96 101 100 102 107 105 104 106 109 108 175 167 163 161 162 160 165 164 166 171 169 168 170 173 172 47 39 35 33 34 32 37 36 38 43 41 40 42 44 79 71 67 65 66 64 69 68 70 75 73 72 74 76 127 119 115 113 114 112 117 116 118 123 121 120 122 124 191 183 179 177 178 176 181 180 182 187 185 184 186 188 95 87 83 81 82 80 85 84 86 89
Yes
Checking if we can add 90 to 15 7 3 1 2 0 5 4 6 11 9 8 10 13 12 31 23 19 17 18 16 21 20 22 27 25 24 26 29 28 63 55 51 49 50 48 53 52 54 59 57 56 58 61 60 111 103 99 97 98 96 101 100 102 107 105 104 106 109 108 175 167 163 161 162 160 165 164 166 171 169 168 170 173 172 47 39 35 33 34 32 37 36 38 43 41 40 42 44 79 71 67 65 66 64 69 68 70 75 73 72 74 76 127 119 115 113 114 112 117 116 118 123 121 120 122 124 191 183 179 177 178 176 181 180 182 187 185 184 186 188 95 87 83 81 82 80 85 84 86 89 88
Yes
Checking if we can add 93 to 15 7 3 1 2 0 5 4 6 11 9 8 10 13 12 31 23 19 17 18 16 21 20 22 27 25 24 26 29 28 63 55 51 49 50 48 53 52 54 59 57 56 58 61 60 111 103 99 97 98 96 101 100 102 107 105 104 106 109 108 175 167 163 161 162 160 165 164 166 171 169 168 170 173 172 47 39 35 33 34 32 37 36 38 43 41 40 42 44 79 71 67 65 66 64 69 68 70 75 73 72 74 76 127 119 115 113 114 112 117 116 118 123 121 120 122 124 191 183 179 177 178 176 181 180 182 187 185 184 186 188 95 87 83 81 82 80 85 84 86 89 88 90
Checking if we can add 92 to 15 7 3 1 2 0 5 4 6 11 9 8 10 13 12 31 23 19 17 18 16 21 20 22 27 25 24 26 29 28 63 55 51 49 50 48 53 52 54 59 57 56 58 61 60 111 103 99 97 98 96 101 100 102 107 105 104 106 109 108 175 167 163 161 162 160 165 164 166 171 169 168 170 173 172 47 39 35 33 34 32 37 36 38 43 41 40 42 44 79 71 67 65 66 64 69 68 70 75 73 72 74 76 127 119 115 113 114 112 117 116 118 123 121 120 122 124 191 183 179 177 178 176 181 180 182 187 185 184 186 188 95 87 83 81 82 80 85 84 86 89 88 90
Checking if we can add 94 to 15 7 3 1 2 0 5 4 6 11 9 8 10 13 12 31 23 19 17 18 16 21 20 22 27 25 24 26 29 28 63 55 51 49 50 48 53 52 54 59 57 56 58 61 60 111 103 99 97 98 96 101 100 102 107 105 104 106 109 108 175 167 163 161 162 160 165 164 166 171 169 168 170 173 172 47 39 35 33 34 32 37 36 38 43 41 40 42 44 79 71 67 65 66 64 69 68 70 75 73 72 74 76 127 119 115 113 114 112 117 116 118 123 121 120 122 124 191 183 179 177 178 176 181 180 182 187 185 184 186 188 95 87 83 81 82 80 85 84 86 89 88 90
Checking if we can add 143 to 15 7 3 1 2 0 5 4 6 11 9 8 10 13 12 31 23 19 17 18 16 21 20 22 27 25 24 26 29 28 63 55 51 49 50 48 53 52 54 59 57 56 58 61 60 111 103 99 97 98 96 101 100 102 107 105 104 106 109 108 175 167 163 161 162 160 165 164 166 171 169 168 170 173 172 47 39 35 33 34 32 37 36 38 43 41 40 42 44 79 71 67 65 66 64 69 68 70 75 73 72 74 76 127 119 115 113 114 112 117 116 118 123 121 120 122 124 191 183 179 177 178 176 181 180 182 187 185 184 186 188 95 87 83 81 82 80 85 84 86 89 88 90
Yes
Checking if we can add 135 to 15 7 3 1 2 0 5 4 6 11 9 8 10 13 12 31 23 19 17 18 16 21 20 22 27 25 24 26 29 28 63 55 51 49 50 48 53 52 54 59 57 56 58 61 60 111 103 99 97 98 96 101 100 102 107 105 104 106 109 108 175 167 163 161 162 160 165 164 166 171 169 168 170 173 172 47 39 35 33 34 32 37 36 38 43 41 40 42 44 79 71 67 65 66 64 69 68 70 75 73 72 74 76 127 119 115 113 114 112 117 116 118 123 121 120 122 124 191 183 179 177 178 176 181 180 182 187 185 184 186 188 95 87 83 81 82 80 85 84 86 89 88 90 143
Yes
Checking if we can add 131 to 15 7 3 1 2 0 5 4 6 11 9 8 10 13 12 31 23 19 17 18 16 21 20 22 27 25 24 26 29 28 63 55 51 49 50 48 53 52 54 59 57 56 58 61 60 111 103 99 97 98 96 101 100 102 107 105 104 106 109 108 175 167 163 161 162 160 165 164 166 171 169 168 170 173 172 47 39 35 33 34 32 37 36 38 43 41 40 42 44 79 71 67 65 66 64 69 68 70 75 73 72 74 76 127 119 115 113 114 112 117 116 118 123 121 120 122 124 191 183 179 177 178 176 181 180 182 187 185 184 186 188 95 87 83 81 82 80 85 84 86 89 88 90 143 135
Yes
Checking if we can add 129 to 15 7 3 1 2 0 5 4 6 11 9 8 10 13 12 31 23 19 17 18 16 21 20 22 27 25 24 26 29 28 63 55 51 49 50 48 53 52 54 59 57 56 58 61 60 111 103 99 97 98 96 101 100 102 107 105 104 106 109 108 175 167 163 161 162 160 165 164 166 171 169 168 170 173 172 47 39 35 33 34 32 37 36 38 43 41 40 42 44 79 71 67 65 66 64 69 68 70 75 73 72 74 76 127 119 115 113 114 112 117 116 118 123 121 120 122 124 191 183 179 177 178 176 181 180 182 187 185 184 186 188 95 87 83 81 82 80 85 84 86 89 88 90 143 135 131
Yes
Checking if we can add 130 to 15 7 3 1 2 0 5 4 6 11 9 8 10 13 12 31 23 19 17 18 16 21 20 22 27 25 24 26 29 28 63 55 51 49 50 48 53 52 54 59 57 56 58 61 60 111 103 99 97 98 96 101 100 102 107 105 104 106 109 108 175 167 163 161 162 160 165 164 166 171 169 168 170 173 172 47 39 35 33 34 32 37 36 38 43 41 40 42 44 79 71 67 65 66 64 69 68 70 75 73 72 74 76 127 119 115 113 114 112 117 116 118 123 121 120 122 124 191 183 179 177 178 176 181 180 182 187 185 184 186 188 95 87 83 81 82 80 85 84 86 89 88 90 143 135 131 129
Yes
Checking if we can add 128 to 15 7 3 1 2 0 5 4 6 11 9 8 10 13 12 31 23 19 17 18 16 21 20 22 27 25 24 26 29 28 63 55 51 49 50 48 53 52 54 59 57 56 58 61 60 111 103 99 97 98 96 101 100 102 107 105 104 106 109 108 175 167 163 161 162 160 165 164 166 171 169 168 170 173 172 47 39 35 33 34 32 37 36 38 43 41 40 42 44 79 71 67 65 66 64 69 68 70 75 73 72 74 76 127 119 115 113 114 112 117 116 118 123 121 120 122 124 191 183 179 177 178 176 181 180 182 187 185 184 186 188 95 87 83 81 82 80 85 84 86 89 88 90 143 135 131 129 130
Yes
Checking if we can add 133 to 15 7 3 1 2 0 5 4 6 11 9 8 10 13 12 31 23 19 17 18 16 21 20 22 27 25 24 26 29 28 63 55 51 49 50 48 53 52 54 59 57 56 58 61 60 111 103 99 97 98 96 101 100 102 107 105 104 106 109 108 175 167 163 161 162 160 165 164 166 171 169 168 170 173 172 47 39 35 33 34 32 37 36 38 43 41 40 42 44 79 71 67 65 66 64 69 68 70 75 73 72 74 76 127 119 115 113 114 112 117 116 118 123 121 120 122 124 191 183 179 177 178 176 181 180 182 187 185 184 186 188 95 87 83 81 82 80 85 84 86 89 88 90 143 135 131 129 130 128
Yes
Checking if we can add 132 to 15 7 3 1 2 0 5 4 6 11 9 8 10 13 12 31 23 19 17 18 16 21 20 22 27 25 24 26 29 28 63 55 51 49 50 48 53 52 54 59 57 56 58 61 60 111 103 99 97 98 96 101 100 102 107 105 104 106 109 108 175 167 163 161 162 160 165 164 166 171 169 168 170 173 172 47 39 35 33 34 32 37 36 38 43 41 40 42 44 79 71 67 65 66 64 69 68 70 75 73 72 74 76 127 119 115 113 114 112 117 116 118 123 121 120 122 124 191 183 179 177 178 176 181 180 182 187 185 184 186 188 95 87 83 81 82 80 85 84 86 89 88 90 143 135 131 129 130 128 133
Yes
Checking if we can add 134 to 15 7 3 1 2 0 5 4 6 11 9 8 10 13 12 31 23 19 17 18 16 21 20 22 27 25 24 26 29 28 63 55 51 49 50 48 53 52 54 59 57 56 58 61 60 111 103 99 97 98 96 101 100 102 107 105 104 106 109 108 175 167 163 161 162 160 165 164 166 171 169 168 170 173 172 47 39 35 33 34 32 37 36 38 43 41 40 42 44 79 71 67 65 66 64 69 68 70 75 73 72 74 76 127 119 115 113 114 112 117 116 118 123 121 120 122 124 191 183 179 177 178 176 181 180 182 187 185 184 186 188 95 87 83 81 82 80 85 84 86 89 88 90 143 135 131 129 130 128 133 132
Yes
Checking if we can add 139 to 15 7 3 1 2 0 5 4 6 11 9 8 10 13 12 31 23 19 17 18 16 21 20 22 27 25 24 26 29 28 63 55 51 49 50 48 53 52 54 59 57 56 58 61 60 111 103 99 97 98 96 101 100 102 107 105 104 106 109 108 175 167 163 161 162 160 165 164 166 171 169 168 170 173 172 47 39 35 33 34 32 37 36 38 43 41 40 42 44 79 71 67 65 66 64 69 68 70 75 73 72 74 76 127 119 115 113 114 112 117 116 118 123 121 120 122 124 191 183 179 177 178 176 181 180 182 187 185 184 186 188 95 87 83 81 82 80 85 84 86 89 88 90 143 135 131 129 130 128 133 132 134
Checking if we can add 137 to 15 7 3 1 2 0 5 4 6 11 9 8 10 13 12 31 23 19 17 18 16 21 20 22 27 25 24 26 29 28 63 55 51 49 50 48 53 52 54 59 57 56 58 61 60 111 103 99 97 98 96 101 100 102 107 105 104 106 109 108 175 167 163 161 162 160 165 164 166 171 169 168 170 173 172 47 39 35 33 34 32 37 36 38 43 41 40 42 44 79 71 67 65 66 64 69 68 70 75 73 72 74 76 127 119 115 113 114 112 117 116 118 123 121 120 122 124 191 183 179 177 178 176 181 180 182 187 185 184 186 188 95 87 83 81 82 80 85 84 86 89 88 90 143 135 131 129 130 128 133 132 134
Yes
Checking if we can add 136 to 15 7 3 1 2 0 5 4 6 11 9 8 10 13 12 31 23 19 17 18 16 21 20 22 27 25 24 26 29 28 63 55 51 49 50 48 53 52 54 59 57 56 58 61 60 111 103 99 97 98 96 101 100 102 107 105 104 106 109 108 175 167 163 161 162 160 165 164 166 171 169 168 170 173 172 47 39 35 33 34 32 37 36 38 43 41 40 42 44 79 71 67 65 66 64 69 68 70 75 73 72 74 76 127 119 115 113 114 112 117 116 118 123 121 120 122 124 191 183 179 177 178 176 181 180 182 187 185 184 186 188 95 87 83 81 82 80 85 84 86 89 88 90 143 135 131 129 130 128 133 132 134 137
Yes
Checking if we can add 138 to 15 7 3 1 2 0 5 4 6 11 9 8 10 13 12 31 23 19 17 18 16 21 20 22 27 25 24 26 29 28 63 55 51 49 50 48 53 52 54 59 57 56 58 61 60 111 103 99 97 98 96 101 100 102 107 105 104 106 109 108 175 167 163 161 162 160 165 164 166 171 169 168 170 173 172 47 39 35 33 34 32 37 36 38 43 41 40 42 44 79 71 67 65 66 64 69 68 70 75 73 72 74 76 127 119 115 113 114 112 117 116 118 123 121 120 122 124 191 183 179 177 178 176 181 180 182 187 185 184 186 188 95 87 83 81 82 80 85 84 86 89 88 90 143 135 131 129 130 128 133 132 134 137 136
Yes
Checking if we can add 141 to 15 7 3 1 2 0 5 4 6 11 9 8 10 13 12 31 23 19 17 18 16 21 20 22 27 25 24 26 29 28 63 55 51 49 50 48 53 52 54 59 57 56 58 61 60 111 103 99 97 98 96 101 100 102 107 105 104 106 109 108 175 167 163 161 162 160 165 164 166 171 169 168 170 173 172 47 39 35 33 34 32 37 36 38 43 41 40 42 44 79 71 67 65 66 64 69 68 70 75 73 72 74 76 127 119 115 113 114 112 117 116 118 123 121 120 122 124 191 183 179 177 178 176 181 180 182 187 185 184 186 188 95 87 83 81 82 80 85 84 86 89 88 90 143 135 131 129 130 128 133 132 134 137 136 138
Checking if we can add 140 to 15 7 3 1 2 0 5 4 6 11 9 8 10 13 12 31 23 19 17 18 16 21 20 22 27 25 24 26 29 28 63 55 51 49 50 48 53 52 54 59 57 56 58 61 60 111 103 99 97 98 96 101 100 102 107 105 104 106 109 108 175 167 163 161 162 160 165 164 166 171 169 168 170 173 172 47 39 35 33 34 32 37 36 38 43 41 40 42 44 79 71 67 65 66 64 69 68 70 75 73 72 74 76 127 119 115 113 114 112 117 116 118 123 121 120 122 124 191 183 179 177 178 176 181 180 182 187 185 184 186 188 95 87 83 81 82 80 85 84 86 89 88 90 143 135 131 129 130 128 133 132 134 137 136 138
Checking if we can add 142 to 15 7 3 1 2 0 5 4 6 11 9 8 10 13 12 31 23 19 17 18 16 21 20 22 27 25 24 26 29 28 63 55 51 49 50 48 53 52 54 59 57 56 58 61 60 111 103 99 97 98 96 101 100 102 107 105 104 106 109 108 175 167 163 161 162 160 165 164 166 171 169 168 170 173 172 47 39 35 33 34 32 37 36 38 43 41 40 42 44 79 71 67 65 66 64 69 68 70 75 73 72 74 76 127 119 115 113 114 112 117 116 118 123 121 120 122 124 191 183 179 177 178 176 181 180 182 187 185 184 186 188 95 87 83 81 82 80 85 84 86 89 88 90 143 135 131 129 130 128 133 132 134 137 136 138
Checking if we can add 207 to 15 7 3 1 2 0 5 4 6 11 9 8 10 13 12 31 23 19 17 18 16 21 20 22 27 25 24 26 29 28 63 55 51 49 50 48 53 52 54 59 57 56 58 61 60 111 103 99 97 98 96 101 100 102 107 105 104 106 109 108 175 167 163 161 162 160 165 164 166 171 169 168 170 173 172 47 39 35 33 34 32 37 36 38 43 41 40 42 44 79 71 67 65 66 64 69 68 70 75 73 72 74 76 127 119 115 113 114 112 117 116 118 123 121 120 122 124 191 183 179 177 178 176 181 180 182 187 185 184 186 188 95 87 83 81 82 80 85 84 86 89 88 90 143 135 131 129 130 128 133 132 134 137 136 138
Yes
Checking if we can add 199 to 15 7 3 1 2 0 5 4 6 11 9 8 10 13 12 31 23 19 17 18 16 21 20 22 27 25 24 26 29 28 63 55 51 49 50 48 53 52 54 59 57 56 58 61 60 111 103 99 97 98 96 101 100 102 107 105 104 106 109 108 175 167 163 161 162 160 165 164 166 171 169 168 170 173 172 47 39 35 33 34 32 37 36 38 43 41 40 42 44 79 71 67 65 66 64 69 68 70 75 73 72 74 76 127 119 115 113 114 112 117 116 118 123 121 120 122 124 191 183 179 177 178 176 181 180 182 187 185 184 186 188 95 87 83 81 82 80 85 84 86 89 88 90 143 135 131 129 130 128 133 132 134 137 136 138 207
Yes
Checking if we can add 195 to 15 7 3 1 2 0 5 4 6 11 9 8 10 13 12 31 23 19 17 18 16 21 20 22 27 25 24 26 29 28 63 55 51 49 50 48 53 52 54 59 57 56 58 61 60 111 103 99 97 98 96 101 100 102 107 105 104 106 109 108 175 167 163 161 162 160 165 164 166 171 169 168 170 173 172 47 39 35 33 34 32 37 36 38 43 41 40 42 44 79 71 67 65 66 64 69 68 70 75 73 72 74 76 127 119 115 113 114 112 117 116 118 123 121 120 122 124 191 183 179 177 178 176 181 180 182 187 185 184 186 188 95 87 83 81 82 80 85 84 86 89 88 90 143 135 131 129 130 128 133 132 134 137 136 138 207 199
Yes
Checking if we can add 193 to 15 7 3 1 2 0 5 4 6 11 9 8 10 13 12 31 23 19 17 18 16 21 20 22 27 25 24 26 29 28 63 55 51 49 50 48 53 52 54 59 57 56 58 61 60 111 103 99 97 98 96 101 100 102 107 105 104 106 109 108 175 167 163 161 162 160 165 164 166 171 169 168 170 173 172 47 39 35 33 34 32 37 36 38 43 41 40 42 44 79 71 67 65 66 64 69 68 70 75 73 72 74 76 127 119 115 113 114 112 117 116 118 123 121 120 122 124 191 183 179 177 178 176 181 180 182 187 185 184 186 188 95 87 83 81 82 80 85 84 86 89 88 90 143 135 131 129 130 128 133 132 134 137 136 138 207 199 195
Yes
Checking if we can add 194 to 15 7 3 1 2 0 5 4 6 11 9 8 10 13 12 31 23 19 17 18 16 21 20 22 27 25 24 26 29 28 63 55 51 49 50 48 53 52 54 59 57 56 58 61 60 111 103 99 97 98 96 101 100 102 107 105 104 106 109 108 175 167 163 161 162 160 165 164 166 171 169 168 170 173 172 47 39 35 33 34 32 37 36 38 43 41 40 42 44 79 71 67 65 66 64 69 68 70 75 73 72 74 76 127 119 115 113 114 112 117 116 118 123 121 120 122 124 191 183 179 177 178 176 181 180 182 187 185 184 186 188 95 87 83 81 82 80 85 84 86 89 88 90 143 135 131 129 130 128 133 132 134 137 136 138 207 199 195 193
Yes
Checking if we can add 192 to 15 7 3 1 2 0 5 4 6 11 9 8 10 13 12 31 23 19 17 18 16 21 20 22 27 25 24 26 29 28 63 55 51 49 50 48 53 52 54 59 57 56 58 61 60 111 103 99 97 98 96 101 100 102 107 105 104 106 109 108 175 167 163 161 162 160 165 164 166 171 169 168 170 173 172 47 39 35 33 34 32 37 36 38 43 41 40 42 44 79 71 67 65 66 64 69 68 70 75 73 72 74 76 127 119 115 113 114 112 117 116 118 123 121 120 122 124 191 183 179 177 178 176 181 180 182 187 185 184 186 188 95 87 83 81 82 80 85 84 86 89 88 90 143 135 131 129 130 128 133 132 134 137 136 138 207 199 195 193 194
Yes
Checking if we can add 197 to 15 7 3 1 2 0 5 4 6 11 9 8 10 13 12 31 23 19 17 18 16 21 20 22 27 25 24 26 29 28 63 55 51 49 50 48 53 52 54 59 57 56 58 61 60 111 103 99 97 98 96 101 100 102 107 105 104 106 109 108 175 167 163 161 162 160 165 164 166 171 169 168 170 173 172 47 39 35 33 34 32 37 36 38 43 41 40 42 44 79 71 67 65 66 64 69 68 70 75 73 72 74 76 127 119 115 113 114 112 117 116 118 123 121 120 122 124 191 183 179 177 178 176 181 180 182 187 185 184 186 188 95 87 83 81 82 80 85 84 86 89 88 90 143 135 131 129 130 128 133 132 134 137 136 138 207 199 195 193 194 192
Yes
Checking if we can add 196 to 15 7 3 1 2 0 5 4 6 11 9 8 10 13 12 31 23 19 17 18 16 21 20 22 27 25 24 26 29 28 63 55 51 49 50 48 53 52 54 59 57 56 58 61 60 111 103 99 97 98 96 101 100 102 107 105 104 106 109 108 175 167 163 161 162 160 165 164 166 171 169 168 170 173 172 47 39 35 33 34 32 37 36 38 43 41 40 42 44 79 71 67 65 66 64 69 68 70 75 73 72 74 76 127 119 115 113 114 112 117 116 118 123 121 120 122 124 191 183 179 177 178 176 181 180 182 187 185 184 186 188 95 87 83 81 82 80 85 84 86 89 88 90 143 135 131 129 130 128 133 132 134 137 136 138 207 199 195 193 194 192 197
Yes
Checking if we can add 198 to 15 7 3 1 2 0 5 4 6 11 9 8 10 13 12 31 23 19 17 18 16 21 20 22 27 25 24 26 29 28 63 55 51 49 50 48 53 52 54 59 57 56 58 61 60 111 103 99 97 98 96 101 100 102 107 105 104 106 109 108 175 167 163 161 162 160 165 164 166 171 169 168 170 173 172 47 39 35 33 34 32 37 36 38 43 41 40 42 44 79 71 67 65 66 64 69 68 70 75 73 72 74 76 127 119 115 113 114 112 117 116 118 123 121 120 122 124 191 183 179 177 178 176 181 180 182 187 185 184 186 188 95 87 83 81 82 80 85 84 86 89 88 90 143 135 131 129 130 128 133 132 134 137 136 138 207 199 195 193 194 192 197 196
Yes
Checking if we can add 203 to 15 7 3 1 2 0 5 4 6 11 9 8 10 13 12 31 23 19 17 18 16 21 20 22 27 25 24 26 29 28 63 55 51 49 50 48 53 52 54 59 57 56 58 61 60 111 103 99 97 98 96 101 100 102 107 105 104 106 109 108 175 167 163 161 162 160 165 164 166 171 169 168 170 173 172 47 39 35 33 34 32 37 36 38 43 41 40 42 44 79 71 67 65 66 64 69 68 70 75 73 72 74 76 127 119 115 113 114 112 117 116 118 123 121 120 122 124 191 183 179 177 178 176 181 180 182 187 185 184 186 188 95 87 83 81 82 80 85 84 86 89 88 90 143 135 131 129 130 128 133 132 134 137 136 138 207 199 195 193 194 192 197 196 198
Checking if we can add 201 to 15 7 3 1 2 0 5 4 6 11 9 8 10 13 12 31 23 19 17 18 16 21 20 22 27 25 24 26 29 28 63 55 51 49 50 48 53 52 54 59 57 56 58 61 60 111 103 99 97 98 96 101 100 102 107 105 104 106 109 108 175 167 163 161 162 160 165 164 166 171 169 168 170 173 172 47 39 35 33 34 32 37 36 38 43 41 40 42 44 79 71 67 65 66 64 69 68 70 75 73 72 74 76 127 119 115 113 114 112 117 116 118 123 121 120 122 124 191 183 179 177 178 176 181 180 182 187 185 184 186 188 95 87 83 81 82 80 85 84 86 89 88 90 143 135 131 129 130 128 133 132 134 137 136 138 207 199 195 193 194 192 197 196 198
Yes
Checking if we can add 200 to 15 7 3 1 2 0 5 4 6 11 9 8 10 13 12 31 23 19 17 18 16 21 20 22 27 25 24 26 29 28 63 55 51 49 50 48 53 52 54 59 57 56 58 61 60 111 103 99 97 98 96 101 100 102 107 105 104 106 109 108 175 167 163 161 162 160 165 164 166 171 169 168 170 173 172 47 39 35 33 34 32 37 36 38 43 41 40 42 44 79 71 67 65 66 64 69 68 70 75 73 72 74 76 127 119 115 113 114 112 117 116 118 123 121 120 122 124 191 183 179 177 178 176 181 180 182 187 185 184 186 188 95 87 83 81 82 80 85 84 86 89 88 90 143 135 131 129 130 128 133 132 134 137 136 138 207 199 195 193 194 192 197 196 198 201
Yes
Checking if we can add 202 to 15 7 3 1 2 0 5 4 6 11 9 8 10 13 12 31 23 19 17 18 16 21 20 22 27 25 24 26 29 28 63 55 51 49 50 48 53 52 54 59 57 56 58 61 60 111 103 99 97 98 96 101 100 102 107 105 104 106 109 108 175 167 163 161 162 160 165 164 166 171 169 168 170 173 172 47 39 35 33 34 32 37 36 38 43 41 40 42 44 79 71 67 65 66 64 69 68 70 75 73 72 74 76 127 119 115 113 114 112 117 116 118 123 121 120 122 124 191 183 179 177 178 176 181 180 182 187 185 184 186 188 95 87 83 81 82 80 85 84 86 89 88 90 143 135 131 129 130 128 133 132 134 137 136 138 207 199 195 193 194 192 197 196 198 201 200
Yes
Checking if we can add 205 to 15 7 3 1 2 0 5 4 6 11 9 8 10 13 12 31 23 19 17 18 16 21 20 22 27 25 24 26 29 28 63 55 51 49 50 48 53 52 54 59 57 56 58 61 60 111 103 99 97 98 96 101 100 102 107 105 104 106 109 108 175 167 163 161 162 160 165 164 166 171 169 168 170 173 172 47 39 35 33 34 32 37 36 38 43 41 40 42 44 79 71 67 65 66 64 69 68 70 75 73 72 74 76 127 119 115 113 114 112 117 116 118 123 121 120 122 124 191 183 179 177 178 176 181 180 182 187 185 184 186 188 95 87 83 81 82 80 85 84 86 89 88 90 143 135 131 129 130 128 133 132 134 137 136 138 207 199 195 193 194 192 197 196 198 201 200 202
Checking if we can add 204 to 15 7 3 1 2 0 5 4 6 11 9 8 10 13 12 31 23 19 17 18 16 21 20 22 27 25 24 26 29 28 63 55 51 49 50 48 53 52 54 59 57 56 58 61 60 111 103 99 97 98 96 101 100 102 107 105 104 106 109 108 175 167 163 161 162 160 165 164 166 171 169 168 170 173 172 47 39 35 33 34 32 37 36 38 43 41 40 42 44 79 71 67 65 66 64 69 68 70 75 73 72 74 76 127 119 115 113 114 112 117 116 118 123 121 120 122 124 191 183 179 177 178 176 181 180 182 187 185 184 186 188 95 87 83 81 82 80 85 84 86 89 88 90 143 135 131 129 130 128 133 132 134 137 136 138 207 199 195 193 194 192 197 196 198 201 200 202
Checking if we can add 206 to 15 7 3 1 2 0 5 4 6 11 9 8 10 13 12 31 23 19 17 18 16 21 20 22 27 25 24 26 29 28 63 55 51 49 50 48 53 52 54 59 57 56 58 61 60 111 103 99 97 98 96 101 100 102 107 105 104 106 109 108 175 167 163 161 162 160 165 164 166 171 169 168 170 173 172 47 39 35 33 34 32 37 36 38 43 41 40 42 44 79 71 67 65 66 64 69 68 70 75 73 72 74 76 127 119 115 113 114 112 117 116 118 123 121 120 122 124 191 183 179 177 178 176 181 180 182 187 185 184 186 188 95 87 83 81 82 80 85 84 86 89 88 90 143 135 131 129 130 128 133 132 134 137 136 138 207 199 195 193 194 192 197 196 198 201 200 202
Checking if we can add 159 to 15 7 3 1 2 0 5 4 6 11 9 8 10 13 12 31 23 19 17 18 16 21 20 22 27 25 24 26 29 28 63 55 51 49 50 48 53 52 54 59 57 56 58 61 60 111 103 99 97 98 96 101 100 102 107 105 104 106 109 108 175 167 163 161 162 160 165 164 166 171 169 168 170 173 172 47 39 35 33 34 32 37 36 38 43 41 40 42 44 79 71 67 65 66 64 69 68 70 75 73 72 74 76 127 119 115 113 114 112 117 116 118 123 121 120 122 124 191 183 179 177 178 176 181 180 182 187 185 184 186 188 95 87 83 81 82 80 85 84 86 89 88 90 143 135 131 129 130 128 133 132 134 137 136 138 207 199 195 193 194 192 197 196 198 201 200 202
Yes
Checking if we can add 151 to 15 7 3 1 2 0 5 4 6 11 9 8 10 13 12 31 23 19 17 18 16 21 20 22 27 25 24 26 29 28 63 55 51 49 50 48 53 52 54 59 57 56 58 61 60 111 103 99 97 98 96 101 100 102 107 105 104 106 109 108 175 167 163 161 162 160 165 164 166 171 169 168 170 173 172 47 39 35 33 34 32 37 36 38 43 41 40 42 44 79 71 67 65 66 64 69 68 70 75 73 72 74 76 127 119 115 113 114 112 117 116 118 123 121 120 122 124 191 183 179 177 178 176 181 180 182 187 185 184 186 188 95 87 83 81 82 80 85 84 86 89 88 90 143 135 131 129 130 128 133 132 134 137 136 138 207 199 195 193 194 192 197 196 198 201 200 202 159
Checking if we can add 147 to 15 7 3 1 2 0 5 4 6 11 9 8 10 13 12 31 23 19 17 18 16 21 20 22 27 25 24 26 29 28 63 55 51 49 50 48 53 52 54 59 57 56 58 61 60 111 103 99 97 98 96 101 100 102 107 105 104 106 109 108 175 167 163 161 162 160 165 164 166 171 169 168 170 173 172 47 39 35 33 34 32 37 36 38 43 41 40 42 44 79 71 67 65 66 64 69 68 70 75 73 72 74 76 127 119 115 113 114 112 117 116 118 123 121 120 122 124 191 183 179 177 178 176 181 180 182 187 185 184 186 188 95 87 83 81 82 80 85 84 86 89 88 90 143 135 131 129 130 128 133 132 134 137 136 138 207 199 195 193 194 192 197 196 198 201 200 202 159
Yes
Checking if we can add 145 to 15 7 3 1 2 0 5 4 6 11 9 8 10 13 12 31 23 19 17 18 16 21 20 22 27 25 24 26 29 28 63 55 51 49 50 48 53 52 54 59 57 56 58 61 60 111 103 99 97 98 96 101 100 102 107 105 104 106 109 108 175 167 163 161 162 160 165 164 166 171 169 168 170 173 172 47 39 35 33 34 32 37 36 38 43 41 40 42 44 79 71 67 65 66 64 69 68 70 75 73 72 74 76 127 119 115 113 114 112 117 116 118 123 121 120 122 124 191 183 179 177 178 176 181 180 182 187 185 184 186 188 95 87 83 81 82 80 85 84 86 89 88 90 143 135 131 129 130 128 133 132 134 137 136 138 207 199 195 193 194 192 197 196 198 201 200 202 159 147
Yes
Checking if we can add 146 to 15 7 3 1 2 0 5 4 6 11 9 8 10 13 12 31 23 19 17 18 16 21 20 22 27 25 24 26 29 28 63 55 51 49 50 48 53 52 54 59 57 56 58 61 60 111 103 99 97 98 96 101 100 102 107 105 104 106 109 108 175 167 163 161 162 160 165 164 166 171 169 168 170 173 172 47 39 35 33 34 32 37 36 38 43 41 40 42 44 79 71 67 65 66 64 69 68 70 75 73 72 74 76 127 119 115 113 114 112 117 116 118 123 121 120 122 124 191 183 179 177 178 176 181 180 182 187 185 184 186 188 95 87 83 81 82 80 85 84 86 89 88 90 143 135 131 129 130 128 133 132 134 137 136 138 207 199 195 193 194 192 197 196 198 201 200 202 159 147 145
Yes
Checking if we can add 144 to 15 7 3 1 2 0 5 4 6 11 9 8 10 13 12 31 23 19 17 18 16 21 20 22 27 25 24 26 29 28 63 55 51 49 50 48 53 52 54 59 57 56 58 61 60 111 103 99 97 98 96 101 100 102 107 105 104 106 109 108 175 167 163 161 162 160 165 164 166 171 169 168 170 173 172 47 39 35 33 34 32 37 36 38 43 41 40 42 44 79 71 67 65 66 64 69 68 70 75 73 72 74 76 127 119 115 113 114 112 117 116 118 123 121 120 122 124 191 183 179 177 178 176 181 180 182 187 185 184 186 188 95 87 83 81 82 80 85 84 86 89 88 90 143 135 131 129 130 128 133 132 134 137 136 138 207 199 195 193 194 192 197 196 198 201 200 202 159 147 145 146
Yes
Checking if we can add 149 to 15 7 3 1 2 0 5 4 6 11 9 8 10 13 12 31 23 19 17 18 16 21 20 22 27 25 24 26 29 28 63 55 51 49 50 48 53 52 54 59 57 56 58 61 60 111 103 99 97 98 96 101 100 102 107 105 104 106 109 108 175 167 163 161 162 160 165 164 166 171 169 168 170 173 172 47 39 35 33 34 32 37 36 38 43 41 40 42 44 79 71 67 65 66 64 69 68 70 75 73 72 74 76 127 119 115 113 114 112 117 116 118 123 121 120 122 124 191 183 179 177 178 176 181 180 182 187 185 184 186 188 95 87 83 81 82 80 85 84 86 89 88 90 143 135 131 129 130 128 133 132 134 137 136 138 207 199 195 193 194 192 197 196 198 201 200 202 159 147 145 146 144
Yes
Checking if we can add 148 to 15 7 3 1 2 0 5 4 6 11 9 8 10 13 12 31 23 19 17 18 16 21 20 22 27 25 24 26 29 28 63 55 51 49 50 48 53 52 54 59 57 56 58 61 60 111 103 99 97 98 96 101 100 102 107 105 104 106 109 108 175 167 163 161 162 160 165 164 166 171 169 168 170 173 172 47 39 35 33 34 32 37 36 38 43 41 40 42 44 79 71 67 65 66 64 69 68 70 75 73 72 74 76 127 119 115 113 114 112 117 116 118 123 121 120 122 124 191 183 179 177 178 176 181 180 182 187 185 184 186 188 95 87 83 81 82 80 85 84 86 89 88 90 143 135 131 129 130 128 133 132 134 137 136 138 207 199 195 193 194 192 197 196 198 201 200 202 159 147 145 146 144 149
Yes
Checking if we can add 150 to 15 7 3 1 2 0 5 4 6 11 9 8 10 13 12 31 23 19 17 18 16 21 20 22 27 25 24 26 29 28 63 55 51 49 50 48 53 52 54 59 57 56 58 61 60 111 103 99 97 98 96 101 100 102 107 105 104 106 109 108 175 167 163 161 162 160 165 164 166 171 169 168 170 173 172 47 39 35 33 34 32 37 36 38 43 41 40 42 44 79 71 67 65 66 64 69 68 70 75 73 72 74 76 127 119 115 113 114 112 117 116 118 123 121 120 122 124 191 183 179 177 178 176 181 180 182 187 185 184 186 188 95 87 83 81 82 80 85 84 86 89 88 90 143 135 131 129 130 128 133 132 134 137 136 138 207 199 195 193 194 192 197 196 198 201 200 202 159 147 145 146 144 149 148
Yes
Checking if we can add 155 to 15 7 3 1 2 0 5 4 6 11 9 8 10 13 12 31 23 19 17 18 16 21 20 22 27 25 24 26 29 28 63 55 51 49 50 48 53 52 54 59 57 56 58 61 60 111 103 99 97 98 96 101 100 102 107 105 104 106 109 108 175 167 163 161 162 160 165 164 166 171 169 168 170 173 172 47 39 35 33 34 32 37 36 38 43 41 40 42 44 79 71 67 65 66 64 69 68 70 75 73 72 74 76 127 119 115 113 114 112 117 116 118 123 121 120 122 124 191 183 179 177 178 176 181 180 182 187 185 184 186 188 95 87 83 81 82 80 85 84 86 89 88 90 143 135 131 129 130 128 133 132 134 137 136 138 207 199 195 193 194 192 197 196 198 201 200 202 159 147 145 146 144 149 148 150
Checking if we can add 153 to 15 7 3 1 2 0 5 4 6 11 9 8 10 13 12 31 23 19 17 18 16 21 20 22 27 25 24 26 29 28 63 55 51 49 50 48 53 52 54 59 57 56 58 61 60 111 103 99 97 98 96 101 100 102 107 105 104 106 109 108 175 167 163 161 162 160 165 164 166 171 169 168 170 173 172 47 39 35 33 34 32 37 36 38 43 41 40 42 44 79 71 67 65 66 64 69 68 70 75 73 72 74 76 127 119 115 113 114 112 117 116 118 123 121 120 122 124 191 183 179 177 178 176 181 180 182 187 185 184 186 188 95 87 83 81 82 80 85 84 86 89 88 90 143 135 131 129 130 128 133 132 134 137 136 138 207 199 195 193 194 192 197 196 198 201 200 202 159 147 145 146 144 149 148 150
Checking if we can add 152 to 15 7 3 1 2 0 5 4 6 11 9 8 10 13 12 31 23 19 17 18 16 21 20 22 27 25 24 26 29 28 63 55 51 49 50 48 53 52 54 59 57 56 58 61 60 111 103 99 97 98 96 101 100 102 107 105 104 106 109 108 175 167 163 161 162 160 165 164 166 171 169 168 170 173 172 47 39 35 33 34 32 37 36 38 43 41 40 42 44 79 71 67 65 66 64 69 68 70 75 73 72 74 76 127 119 115 113 114 112 117 116 118 123 121 120 122 124 191 183 179 177 178 176 181 180 182 187 185 184 186 188 95 87 83 81 82 80 85 84 86 89 88 90 143 135 131 129 130 128 133 132 134 137 136 138 207 199 195 193 194 192 197 196 198 201 200 202 159 147 145 146 144 149 148 150
Checking if we can add 154 to 15 7 3 1 2 0 5 4 6 11 9 8 10 13 12 31 23 19 17 18 16 21 20 22 27 25 24 26 29 28 63 55 51 49 50 48 53 52 54 59 57 56 58 61 60 111 103 99 97 98 96 101 100 102 107 105 104 106 109 108 175 167 163 161 162 160 165 164 166 171 169 168 170 173 172 47 39 35 33 34 32 37 36 38 43 41 40 42 44 79 71 67 65 66 64 69 68 70 75 73 72 74 76 127 119 115 113 114 112 117 116 118 123 121 120 122 124 191 183 179 177 178 176 181 180 182 187 185 184 186 188 95 87 83 81 82 80 85 84 86 89 88 90 143 135 131 129 130 128 133 132 134 137 136 138 207 199 195 193 194 192 197 196 198 201 200 202 159 147 145 146 144 149 148 150
Checking if we can add 157 to 15 7 3 1 2 0 5 4 6 11 9 8 10 13 12 31 23 19 17 18 16 21 20 22 27 25 24 26 29 28 63 55 51 49 50 48 53 52 54 59 57 56 58 61 60 111 103 99 97 98 96 101 100 102 107 105 104 106 109 108 175 167 163 161 162 160 165 164 166 171 169 168 170 173 172 47 39 35 33 34 32 37 36 38 43 41 40 42 44 79 71 67 65 66 64 69 68 70 75 73 72 74 76 127 119 115 113 114 112 117 116 118 123 121 120 122 124 191 183 179 177 178 176 181 180 182 187 185 184 186 188 95 87 83 81 82 80 85 84 86 89 88 90 143 135 131 129 130 128 133 132 134 137 136 138 207 199 195 193 194 192 197 196 198 201 200 202 159 147 145 146 144 149 148 150
Checking if we can add 156 to 15 7 3 1 2 0 5 4 6 11 9 8 10 13 12 31 23 19 17 18 16 21 20 22 27 25 24 26 29 28 63 55 51 49 50 48 53 52 54 59 57 56 58 61 60 111 103 99 97 98 96 101 100 102 107 105 104 106 109 108 175 167 163 161 162 160 165 164 166 171 169 168 170 173 172 47 39 35 33 34 32 37 36 38 43 41 40 42 44 79 71 67 65 66 64 69 68 70 75 73 72 74 76 127 119 115 113 114 112 117 116 118 123 121 120 122 124 191 183 179 177 178 176 181 180 182 187 185 184 186 188 95 87 83 81 82 80 85 84 86 89 88 90 143 135 131 129 130 128 133 132 134 137 136 138 207 199 195 193 194 192 197 196 198 201 200 202 159 147 145 146 144 149 148 150
Checking if we can add 158 to 15 7 3 1 2 0 5 4 6 11 9 8 10 13 12 31 23 19 17 18 16 21 20 22 27 25 24 26 29 28 63 55 51 49 50 48 53 52 54 59 57 56 58 61 60 111 103 99 97 98 96 101 100 102 107 105 104 106 109 108 175 167 163 161 162 160 165 164 166 171 169 168 170 173 172 47 39 35 33 34 32 37 36 38 43 41 40 42 44 79 71 67 65 66 64 69 68 70 75 73 72 74 76 127 119 115 113 114 112 117 116 118 123 121 120 122 124 191 183 179 177 178 176 181 180 182 187 185 184 186 188 95 87 83 81 82 80 85 84 86 89 88 90 143 135 131 129 130 128 133 132 134 137 136 138 207 199 195 193 194 192 197 196 198 201 200 202 159 147 145 146 144 149 148 150
Checking if we can add 223 to 15 7 3 1 2 0 5 4 6 11 9 8 10 13 12 31 23 19 17 18 16 21 20 22 27 25 24 26 29 28 63 55 51 49 50 48 53 52 54 59 57 56 58 61 60 111 103 99 97 98 96 101 100 102 107 105 104 106 109 108 175 167 163 161 162 160 165 164 166 171 169 168 170 173 172 47 39 35 33 34 32 37 36 38 43 41 40 42 44 79 71 67 65 66 64 69 68 70 75 73 72 74 76 127 119 115 113 114 112 117 116 118 123 121 120 122 124 191 183 179 177 178 176 181 180 182 187 185 184 186 188 95 87 83 81 82 80 85 84 86 89 88 90 143 135 131 129 130 128 133 132 134 137 136 138 207 199 195 193 194 192 197 196 198 201 200 202 159 147 145 146 144 149 148 150
Yes
Checking if we can add 215 to 15 7 3 1 2 0 5 4 6 11 9 8 10 13 12 31 23 19 17 18 16 21 20 22 27 25 24 26 29 28 63 55 51 49 50 48 53 52 54 59 57 56 58 61 60 111 103 99 97 98 96 101 100 102 107 105 104 106 109 108 175 167 163 161 162 160 165 164 166 171 169 168 170 173 172 47 39 35 33 34 32 37 36 38 43 41 40 42 44 79 71 67 65 66 64 69 68 70 75 73 72 74 76 127 119 115 113 114 112 117 116 118 123 121 120 122 124 191 183 179 177 178 176 181 180 182 187 185 184 186 188 95 87 83 81 82 80 85 84 86 89 88 90 143 135 131 129 130 128 133 132 134 137 136 138 207 199 195 193 194 192 197 196 198 201 200 202 159 147 145 146 144 149 148 150 223
Checking if we can add 211 to 15 7 3 1 2 0 5 4 6 11 9 8 10 13 12 31 23 19 17 18 16 21 20 22 27 25 24 26 29 28 63 55 51 49 50 48 53 52 54 59 57 56 58 61 60 111 103 99 97 98 96 101 100 102 107 105 104 106 109 108 175 167 163 161 162 160 165 164 166 171 169 168 170 173 172 47 39 35 33 34 32 37 36 38 43 41 40 42 44 79 71 67 65 66 64 69 68 70 75 73 72 74 76 127 119 115 113 114 112 117 116 118 123 121 120 122 124 191 183 179 177 178 176 181 180 182 187 185 184 186 188 95 87 83 81 82 80 85 84 86 89 88 90 143 135 131 129 130 128 133 132 134 137 136 138 207 199 195 193 194 192 197 196 198 201 200 202 159 147 145 146 144 149 148 150 223
Yes
Checking if we can add 209 to 15 7 3 1 2 0 5 4 6 11 9 8 10 13 12 31 23 19 17 18 16 21 20 22 27 25 24 26 29 28 63 55 51 49 50 48 53 52 54 59 57 56 58 61 60 111 103 99 97 98 96 101 100 102 107 105 104 106 109 108 175 167 163 161 162 160 165 164 166 171 169 168 170 173 172 47 39 35 33 34 32 37 36 38 43 41 40 42 44 79 71 67 65 66 64 69 68 70 75 73 72 74 76 127 119 115 113 114 112 117 116 118 123 121 120 122 124 191 183 179 177 178 176 181 180 182 187 185 184 186 188 95 87 83 81 82 80 85 84 86 89 88 90 143 135 131 129 130 128 133 132 134 137 136 138 207 199 195 193 194 192 197 196 198 201 200 202 159 147 145 146 144 149 148 150 223 211
Yes
Checking if we can add 210 to 15 7 3 1 2 0 5 4 6 11 9 8 10 13 12 31 23 19 17 18 16 21 20 22 27 25 24 26 29 28 63 55 51 49 50 48 53 52 54 59 57 56 58 61 60 111 103 99 97 98 96 101 100 102 107 105 104 106 109 108 175 167 163 161 162 160 165 164 166 171 169 168 170 173 172 47 39 35 33 34 32 37 36 38 43 41 40 42 44 79 71 67 65 66 64 69 68 70 75 73 72 74 76 127 119 115 113 114 112 117 116 118 123 121 120 122 124 191 183 179 177 178 176 181 180 182 187 185 184 186 188 95 87 83 81 82 80 85 84 86 89 88 90 143 135 131 129 130 128 133 132 134 137 136 138 207 199 195 193 194 192 197 196 198 201 200 202 159 147 145 146 144 149 148 150 223 211 209
Yes
Checking if we can add 208 to 15 7 3 1 2 0 5 4 6 11 9 8 10 13 12 31 23 19 17 18 16 21 20 22 27 25 24 26 29 28 63 55 51 49 50 48 53 52 54 59 57 56 58 61 60 111 103 99 97 98 96 101 100 102 107 105 104 106 109 108 175 167 163 161 162 160 165 164 166 171 169 168 170 173 172 47 39 35 33 34 32 37 36 38 43 41 40 42 44 79 71 67 65 66 64 69 68 70 75 73 72 74 76 127 119 115 113 114 112 117 116 118 123 121 120 122 124 191 183 179 177 178 176 181 180 182 187 185 184 186 188 95 87 83 81 82 80 85 84 86 89 88 90 143 135 131 129 130 128 133 132 134 137 136 138 207 199 195 193 194 192 197 196 198 201 200 202 159 147 145 146 144 149 148 150 223 211 209 210
Yes
Checking if we can add 213 to 15 7 3 1 2 0 5 4 6 11 9 8 10 13 12 31 23 19 17 18 16 21 20 22 27 25 24 26 29 28 63 55 51 49 50 48 53 52 54 59 57 56 58 61 60 111 103 99 97 98 96 101 100 102 107 105 104 106 109 108 175 167 163 161 162 160 165 164 166 171 169 168 170 173 172 47 39 35 33 34 32 37 36 38 43 41 40 42 44 79 71 67 65 66 64 69 68 70 75 73 72 74 76 127 119 115 113 114 112 117 116 118 123 121 120 122 124 191 183 179 177 178 176 181 180 182 187 185 184 186 188 95 87 83 81 82 80 85 84 86 89 88 90 143 135 131 129 130 128 133 132 134 137 136 138 207 199 195 193 194 192 197 196 198 201 200 202 159 147 145 146 144 149 148 150 223 211 209 210 208
Yes
Checking if we can add 212 to 15 7 3 1 2 0 5 4 6 11 9 8 10 13 12 31 23 19 17 18 16 21 20 22 27 25 24 26 29 28 63 55 51 49 50 48 53 52 54 59 57 56 58 61 60 111 103 99 97 98 96 101 100 102 107 105 104 106 109 108 175 167 163 161 162 160 165 164 166 171 169 168 170 173 172 47 39 35 33 34 32 37 36 38 43 41 40 42 44 79 71 67 65 66 64 69 68 70 75 73 72 74 76 127 119 115 113 114 112 117 116 118 123 121 120 122 124 191 183 179 177 178 176 181 180 182 187 185 184 186 188 95 87 83 81 82 80 85 84 86 89 88 90 143 135 131 129 130 128 133 132 134 137 136 138 207 199 195 193 194 192 197 196 198 201 200 202 159 147 145 146 144 149 148 150 223 211 209 210 208 213
Yes
Checking if we can add 214 to 15 7 3 1 2 0 5 4 6 11 9 8 10 13 12 31 23 19 17 18 16 21 20 22 27 25 24 26 29 28 63 55 51 49 50 48 53 52 54 59 57 56 58 61 60 111 103 99 97 98 96 101 100 102 107 105 104 106 109 108 175 167 163 161 162 160 165 164 166 171 169 168 170 173 172 47 39 35 33 34 32 37 36 38 43 41 40 42 44 79 71 67 65 66 64 69 68 70 75 73 72 74 76 127 119 115 113 114 112 117 116 118 123 121 120 122 124 191 183 179 177 178 176 181 180 182 187 185 184 186 188 95 87 83 81 82 80 85 84 86 89 88 90 143 135 131 129 130 128 133 132 134 137 136 138 207 199 195 193 194 192 197 196 198 201 200 202 159 147 145 146 144 149 148 150 223 211 209 210 208 213 212
Yes
Checking if we can add 219 to 15 7 3 1 2 0 5 4 6 11 9 8 10 13 12 31 23 19 17 18 16 21 20 22 27 25 24 26 29 28 63 55 51 49 50 48 53 52 54 59 57 56 58 61 60 111 103 99 97 98 96 101 100 102 107 105 104 106 109 108 175 167 163 161 162 160 165 164 166 171 169 168 170 173 172 47 39 35 33 34 32 37 36 38 43 41 40 42 44 79 71 67 65 66 64 69 68 70 75 73 72 74 76 127 119 115 113 114 112 117 116 118 123 121 120 122 124 191 183 179 177 178 176 181 180 182 187 185 184 186 188 95 87 83 81 82 80 85 84 86 89 88 90 143 135 131 129 130 128 133 132 134 137 136 138 207 199 195 193 194 192 197 196 198 201 200 202 159 147 145 146 144 149 148 150 223 211 209 210 208 213 212 214
Checking if we can add 217 to 15 7 3 1 2 0 5 4 6 11 9 8 10 13 12 31 23 19 17 18 16 21 20 22 27 25 24 26 29 28 63 55 51 49 50 48 53 52 54 59 57 56 58 61 60 111 103 99 97 98 96 101 100 102 107 105 104 106 109 108 175 167 163 161 162 160 165 164 166 171 169 168 170 173 172 47 39 35 33 34 32 37 36 38 43 41 40 42 44 79 71 67 65 66 64 69 68 70 75 73 72 74 76 127 119 115 113 114 112 117 116 118 123 121 120 122 124 191 183 179 177 178 176 181 180 182 187 185 184 186 188 95 87 83 81 82 80 85 84 86 89 88 90 143 135 131 129 130 128 133 132 134 137 136 138 207 199 195 193 194 192 197 196 198 201 200 202 159 147 145 146 144 149 148 150 223 211 209 210 208 213 212 214
Checking if we can add 216 to 15 7 3 1 2 0 5 4 6 11 9 8 10 13 12 31 23 19 17 18 16 21 20 22 27 25 24 26 29 28 63 55 51 49 50 48 53 52 54 59 57 56 58 61 60 111 103 99 97 98 96 101 100 102 107 105 104 106 109 108 175 167 163 161 162 160 165 164 166 171 169 168 170 173 172 47 39 35 33 34 32 37 36 38 43 41 40 42 44 79 71 67 65 66 64 69 68 70 75 73 72 74 76 127 119 115 113 114 112 117 116 118 123 121 120 122 124 191 183 179 177 178 176 181 180 182 187 185 184 186 188 95 87 83 81 82 80 85 84 86 89 88 90 143 135 131 129 130 128 133 132 134 137 136 138 207 199 195 193 194 192 197 196 198 201 200 202 159 147 145 146 144 149 148 150 223 211 209 210 208 213 212 214
Checking if we can add 218 to 15 7 3 1 2 0 5 4 6 11 9 8 10 13 12 31 23 19 17 18 16 21 20 22 27 25 24 26 29 28 63 55 51 49 50 48 53 52 54 59 57 56 58 61 60 111 103 99 97 98 96 101 100 102 107 105 104 106 109 108 175 167 163 161 162 160 165 164 166 171 169 168 170 173 172 47 39 35 33 34 32 37 36 38 43 41 40 42 44 79 71 67 65 66 64 69 68 70 75 73 72 74 76 127 119 115 113 114 112 117 116 118 123 121 120 122 124 191 183 179 177 178 176 181 180 182 187 185 184 186 188 95 87 83 81 82 80 85 84 86 89 88 90 143 135 131 129 130 128 133 132 134 137 136 138 207 199 195 193 194 192 197 196 198 201 200 202 159 147 145 146 144 149 148 150 223 211 209 210 208 213 212 214
Checking if we can add 221 to 15 7 3 1 2 0 5 4 6 11 9 8 10 13 12 31 23 19 17 18 16 21 20 22 27 25 24 26 29 28 63 55 51 49 50 48 53 52 54 59 57 56 58 61 60 111 103 99 97 98 96 101 100 102 107 105 104 106 109 108 175 167 163 161 162 160 165 164 166 171 169 168 170 173 172 47 39 35 33 34 32 37 36 38 43 41 40 42 44 79 71 67 65 66 64 69 68 70 75 73 72 74 76 127 119 115 113 114 112 117 116 118 123 121 120 122 124 191 183 179 177 178 176 181 180 182 187 185 184 186 188 95 87 83 81 82 80 85 84 86 89 88 90 143 135 131 129 130 128 133 132 134 137 136 138 207 199 195 193 194 192 197 196 198 201 200 202 159 147 145 146 144 149 148 150 223 211 209 210 208 213 212 214
Checking if we can add 220 to 15 7 3 1 2 0 5 4 6 11 9 8 10 13 12 31 23 19 17 18 16 21 20 22 27 25 24 26 29 28 63 55 51 49 50 48 53 52 54 59 57 56 58 61 60 111 103 99 97 98 96 101 100 102 107 105 104 106 109 108 175 167 163 161 162 160 165 164 166 171 169 168 170 173 172 47 39 35 33 34 32 37 36 38 43 41 40 42 44 79 71 67 65 66 64 69 68 70 75 73 72 74 76 127 119 115 113 114 112 117 116 118 123 121 120 122 124 191 183 179 177 178 176 181 180 182 187 185 184 186 188 95 87 83 81 82 80 85 84 86 89 88 90 143 135 131 129 130 128 133 132 134 137 136 138 207 199 195 193 194 192 197 196 198 201 200 202 159 147 145 146 144 149 148 150 223 211 209 210 208 213 212 214
Checking if we can add 222 to 15 7 3 1 2 0 5 4 6 11 9 8 10 13 12 31 23 19 17 18 16 21 20 22 27 25 24 26 29 28 63 55 51 49 50 48 53 52 54 59 57 56 58 61 60 111 103 99 97 98 96 101 100 102 107 105 104 106 109 108 175 167 163 161 162 160 165 164 166 171 169 168 170 173 172 47 39 35 33 34 32 37 36 38 43 41 40 42 44 79 71 67 65 66 64 69 68 70 75 73 72 74 76 127 119 115 113 114 112 117 116 118 123 121 120 122 124 191 183 179 177 178 176 181 180 182 187 185 184 186 188 95 87 83 81 82 80 85 84 86 89 88 90 143 135 131 129 130 128 133 132 134 137 136 138 207 199 195 193 194 192 197 196 198 201 200 202 159 147 145 146 144 149 148 150 223 211 209 210 208 213 212 214
Checking if we can add 239 to 15 7 3 1 2 0 5 4 6 11 9 8 10 13 12 31 23 19 17 18 16 21 20 22 27 25 24 26 29 28 63 55 51 49 50 48 53 52 54 59 57 56 58 61 60 111 103 99 97 98 96 101 100 102 107 105 104 106 109 108 175 167 163 161 162 160 165 164 166 171 169 168 170 173 172 47 39 35 33 34 32 37 36 38 43 41 40 42 44 79 71 67 65 66 64 69 68 70 75 73 72 74 76 127 119 115 113 114 112 117 116 118 123 121 120 122 124 191 183 179 177 178 176 181 180 182 187 185 184 186 188 95 87 83 81 82 80 85 84 86 89 88 90 143 135 131 129 130 128 133 132 134 137 136 138 207 199 195 193 194 192 197 196 198 201 200 202 159 147 145 146 144 149 148 150 223 211 209 210 208 213 212 214
Checking if we can add 231 to 15 7 3 1 2 0 5 4 6 11 9 8 10 13 12 31 23 19 17 18 16 21 20 22 27 25 24 26 29 28 63 55 51 49 50 48 53 52 54 59 57 56 58 61 60 111 103 99 97 98 96 101 100 102 107 105 104 106 109 108 175 167 163 161 162 160 165 164 166 171 169 168 170 173 172 47 39 35 33 34 32 37 36 38 43 41 40 42 44 79 71 67 65 66 64 69 68 70 75 73 72 74 76 127 119 115 113 114 112 117 116 118 123 121 120 122 124 191 183 179 177 178 176 181 180 182 187 185 184 186 188 95 87 83 81 82 80 85 84 86 89 88 90 143 135 131 129 130 128 133 132 134 137 136 138 207 199 195 193 194 192 197 196 198 201 200 202 159 147 145 146 144 149 148 150 223 211 209 210 208 213 212 214
Checking if we can add 227 to 15 7 3 1 2 0 5 4 6 11 9 8 10 13 12 31 23 19 17 18 16 21 20 22 27 25 24 26 29 28 63 55 51 49 50 48 53 52 54 59 57 56 58 61 60 111 103 99 97 98 96 101 100 102 107 105 104 106 109 108 175 167 163 161 162 160 165 164 166 171 169 168 170 173 172 47 39 35 33 34 32 37 36 38 43 41 40 42 44 79 71 67 65 66 64 69 68 70 75 73 72 74 76 127 119 115 113 114 112 117 116 118 123 121 120 122 124 191 183 179 177 178 176 181 180 182 187 185 184 186 188 95 87 83 81 82 80 85 84 86 89 88 90 143 135 131 129 130 128 133 132 134 137 136 138 207 199 195 193 194 192 197 196 198 201 200 202 159 147 145 146 144 149 148 150 223 211 209 210 208 213 212 214
Checking if we can add 225 to 15 7 3 1 2 0 5 4 6 11 9 8 10 13 12 31 23 19 17 18 16 21 20 22 27 25 24 26 29 28 63 55 51 49 50 48 53 52 54 59 57 56 58 61 60 111 103 99 97 98 96 101 100 102 107 105 104 106 109 108 175 167 163 161 162 160 165 164 166 171 169 168 170 173 172 47 39 35 33 34 32 37 36 38 43 41 40 42 44 79 71 67 65 66 64 69 68 70 75 73 72 74 76 127 119 115 113 114 112 117 116 118 123 121 120 122 124 191 183 179 177 178 176 181 180 182 187 185 184 186 188 95 87 83 81 82 80 85 84 86 89 88 90 143 135 131 129 130 128 133 132 134 137 136 138 207 199 195 193 194 192 197 196 198 201 200 202 159 147 145 146 144 149 148 150 223 211 209 210 208 213 212 214
Checking if we can add 226 to 15 7 3 1 2 0 5 4 6 11 9 8 10 13 12 31 23 19 17 18 16 21 20 22 27 25 24 26 29 28 63 55 51 49 50 48 53 52 54 59 57 56 58 61 60 111 103 99 97 98 96 101 100 102 107 105 104 106 109 108 175 167 163 161 162 160 165 164 166 171 169 168 170 173 172 47 39 35 33 34 32 37 36 38 43 41 40 42 44 79 71 67 65 66 64 69 68 70 75 73 72 74 76 127 119 115 113 114 112 117 116 118 123 121 120 122 124 191 183 179 177 178 176 181 180 182 187 185 184 186 188 95 87 83 81 82 80 85 84 86 89 88 90 143 135 131 129 130 128 133 132 134 137 136 138 207 199 195 193 194 192 197 196 198 201 200 202 159 147 145 146 144 149 148 150 223 211 209 210 208 213 212 214
Checking if we can add 224 to 15 7 3 1 2 0 5 4 6 11 9 8 10 13 12 31 23 19 17 18 16 21 20 22 27 25 24 26 29 28 63 55 51 49 50 48 53 52 54 59 57 56 58 61 60 111 103 99 97 98 96 101 100 102 107 105 104 106 109 108 175 167 163 161 162 160 165 164 166 171 169 168 170 173 172 47 39 35 33 34 32 37 36 38 43 41 40 42 44 79 71 67 65 66 64 69 68 70 75 73 72 74 76 127 119 115 113 114 112 117 116 118 123 121 120 122 124 191 183 179 177 178 176 181 180 182 187 185 184 186 188 95 87 83 81 82 80 85 84 86 89 88 90 143 135 131 129 130 128 133 132 134 137 136 138 207 199 195 193 194 192 197 196 198 201 200 202 159 147 145 146 144 149 148 150 223 211 209 210 208 213 212 214
Checking if we can add 229 to 15 7 3 1 2 0 5 4 6 11 9 8 10 13 12 31 23 19 17 18 16 21 20 22 27 25 24 26 29 28 63 55 51 49 50 48 53 52 54 59 57 56 58 61 60 111 103 99 97 98 96 101 100 102 107 105 104 106 109 108 175 167 163 161 162 160 165 164 166 171 169 168 170 173 172 47 39 35 33 34 32 37 36 38 43 41 40 42 44 79 71 67 65 66 64 69 68 70 75 73 72 74 76 127 119 115 113 114 112 117 116 118 123 121 120 122 124 191 183 179 177 178 176 181 180 182 187 185 184 186 188 95 87 83 81 82 80 85 84 86 89 88 90 143 135 131 129 130 128 133 132 134 137 136 138 207 199 195 193 194 192 197 196 198 201 200 202 159 147 145 146 144 149 148 150 223 211 209 210 208 213 212 214
Checking if we can add 228 to 15 7 3 1 2 0 5 4 6 11 9 8 10 13 12 31 23 19 17 18 16 21 20 22 27 25 24 26 29 28 63 55 51 49 50 48 53 52 54 59 57 56 58 61 60 111 103 99 97 98 96 101 100 102 107 105 104 106 109 108 175 167 163 161 162 160 165 164 166 171 169 168 170 173 172 47 39 35 33 34 32 37 36 38 43 41 40 42 44 79 71 67 65 66 64 69 68 70 75 73 72 74 76 127 119 115 113 114 112 117 116 118 123 121 120 122 124 191 183 179 177 178 176 181 180 182 187 185 184 186 188 95 87 83 81 82 80 85 84 86 89 88 90 143 135 131 129 130 128 133 132 134 137 136 138 207 199 195 193 194 192 197 196 198 201 200 202 159 147 145 146 144 149 148 150 223 211 209 210 208 213 212 214
Checking if we can add 230 to 15 7 3 1 2 0 5 4 6 11 9 8 10 13 12 31 23 19 17 18 16 21 20 22 27 25 24 26 29 28 63 55 51 49 50 48 53 52 54 59 57 56 58 61 60 111 103 99 97 98 96 101 100 102 107 105 104 106 109 108 175 167 163 161 162 160 165 164 166 171 169 168 170 173 172 47 39 35 33 34 32 37 36 38 43 41 40 42 44 79 71 67 65 66 64 69 68 70 75 73 72 74 76 127 119 115 113 114 112 117 116 118 123 121 120 122 124 191 183 179 177 178 176 181 180 182 187 185 184 186 188 95 87 83 81 82 80 85 84 86 89 88 90 143 135 131 129 130 128 133 132 134 137 136 138 207 199 195 193 194 192 197 196 198 201 200 202 159 147 145 146 144 149 148 150 223 211 209 210 208 213 212 214
Checking if we can add 235 to 15 7 3 1 2 0 5 4 6 11 9 8 10 13 12 31 23 19 17 18 16 21 20 22 27 25 24 26 29 28 63 55 51 49 50 48 53 52 54 59 57 56 58 61 60 111 103 99 97 98 96 101 100 102 107 105 104 106 109 108 175 167 163 161 162 160 165 164 166 171 169 168 170 173 172 47 39 35 33 34 32 37 36 38 43 41 40 42 44 79 71 67 65 66 64 69 68 70 75 73 72 74 76 127 119 115 113 114 112 117 116 118 123 121 120 122 124 191 183 179 177 178 176 181 180 182 187 185 184 186 188 95 87 83 81 82 80 85 84 86 89 88 90 143 135 131 129 130 128 133 132 134 137 136 138 207 199 195 193 194 192 197 196 198 201 200 202 159 147 145 146 144 149 148 150 223 211 209 210 208 213 212 214
Checking if we can add 233 to 15 7 3 1 2 0 5 4 6 11 9 8 10 13 12 31 23 19 17 18 16 21 20 22 27 25 24 26 29 28 63 55 51 49 50 48 53 52 54 59 57 56 58 61 60 111 103 99 97 98 96 101 100 102 107 105 104 106 109 108 175 167 163 161 162 160 165 164 166 171 169 168 170 173 172 47 39 35 33 34 32 37 36 38 43 41 40 42 44 79 71 67 65 66 64 69 68 70 75 73 72 74 76 127 119 115 113 114 112 117 116 118 123 121 120 122 124 191 183 179 177 178 176 181 180 182 187 185 184 186 188 95 87 83 81 82 80 85 84 86 89 88 90 143 135 131 129 130 128 133 132 134 137 136 138 207 199 195 193 194 192 197 196 198 201 200 202 159 147 145 146 144 149 148 150 223 211 209 210 208 213 212 214
Checking if we can add 232 to 15 7 3 1 2 0 5 4 6 11 9 8 10 13 12 31 23 19 17 18 16 21 20 22 27 25 24 26 29 28 63 55 51 49 50 48 53 52 54 59 57 56 58 61 60 111 103 99 97 98 96 101 100 102 107 105 104 106 109 108 175 167 163 161 162 160 165 164 166 171 169 168 170 173 172 47 39 35 33 34 32 37 36 38 43 41 40 42 44 79 71 67 65 66 64 69 68 70 75 73 72 74 76 127 119 115 113 114 112 117 116 118 123 121 120 122 124 191 183 179 177 178 176 181 180 182 187 185 184 186 188 95 87 83 81 82 80 85 84 86 89 88 90 143 135 131 129 130 128 133 132 134 137 136 138 207 199 195 193 194 192 197 196 198 201 200 202 159 147 145 146 144 149 148 150 223 211 209 210 208 213 212 214
Checking if we can add 234 to 15 7 3 1 2 0 5 4 6 11 9 8 10 13 12 31 23 19 17 18 16 21 20 22 27 25 24 26 29 28 63 55 51 49 50 48 53 52 54 59 57 56 58 61 60 111 103 99 97 98 96 101 100 102 107 105 104 106 109 108 175 167 163 161 162 160 165 164 166 171 169 168 170 173 172 47 39 35 33 34 32 37 36 38 43 41 40 42 44 79 71 67 65 66 64 69 68 70 75 73 72 74 76 127 119 115 113 114 112 117 116 118 123 121 120 122 124 191 183 179 177 178 176 181 180 182 187 185 184 186 188 95 87 83 81 82 80 85 84 86 89 88 90 143 135 131 129 130 128 133 132 134 137 136 138 207 199 195 193 194 192 197 196 198 201 200 202 159 147 145 146 144 149 148 150 223 211 209 210 208 213 212 214
Checking if we can add 237 to 15 7 3 1 2 0 5 4 6 11 9 8 10 13 12 31 23 19 17 18 16 21 20 22 27 25 24 26 29 28 63 55 51 49 50 48 53 52 54 59 57 56 58 61 60 111 103 99 97 98 96 101 100 102 107 105 104 106 109 108 175 167 163 161 162 160 165 164 166 171 169 168 170 173 172 47 39 35 33 34 32 37 36 38 43 41 40 42 44 79 71 67 65 66 64 69 68 70 75 73 72 74 76 127 119 115 113 114 112 117 116 118 123 121 120 122 124 191 183 179 177 178 176 181 180 182 187 185 184 186 188 95 87 83 81 82 80 85 84 86 89 88 90 143 135 131 129 130 128 133 132 134 137 136 138 207 199 195 193 194 192 197 196 198 201 200 202 159 147 145 146 144 149 148 150 223 211 209 210 208 213 212 214
Checking if we can add 236 to 15 7 3 1 2 0 5 4 6 11 9 8 10 13 12 31 23 19 17 18 16 21 20 22 27 25 24 26 29 28 63 55 51 49 50 48 53 52 54 59 57 56 58 61 60 111 103 99 97 98 96 101 100 102 107 105 104 106 109 108 175 167 163 161 162 160 165 164 166 171 169 168 170 173 172 47 39 35 33 34 32 37 36 38 43 41 40 42 44 79 71 67 65 66 64 69 68 70 75 73 72 74 76 127 119 115 113 114 112 117 116 118 123 121 120 122 124 191 183 179 177 178 176 181 180 182 187 185 184 186 188 95 87 83 81 82 80 85 84 86 89 88 90 143 135 131 129 130 128 133 132 134 137 136 138 207 199 195 193 194 192 197 196 198 201 200 202 159 147 145 146 144 149 148 150 223 211 209 210 208 213 212 214
Checking if we can add 238 to 15 7 3 1 2 0 5 4 6 11 9 8 10 13 12 31 23 19 17 18 16 21 20 22 27 25 24 26 29 28 63 55 51 49 50 48 53 52 54 59 57 56 58 61 60 111 103 99 97 98 96 101 100 102 107 105 104 106 109 108 175 167 163 161 162 160 165 164 166 171 169 168 170 173 172 47 39 35 33 34 32 37 36 38 43 41 40 42 44 79 71 67 65 66 64 69 68 70 75 73 72 74 76 127 119 115 113 114 112 117 116 118 123 121 120 122 124 191 183 179 177 178 176 181 180 182 187 185 184 186 188 95 87 83 81 82 80 85 84 86 89 88 90 143 135 131 129 130 128 133 132 134 137 136 138 207 199 195 193 194 192 197 196 198 201 200 202 159 147 145 146 144 149 148 150 223 211 209 210 208 213 212 214
FINAL ORDER
15, // 01(2,3,4,5)
7, // 01(2,3,4)
3, // 01(2,3)
1, // 01(2)
2, // 01(3)
0, // 01()
5, // 01(2,4)
4, // 01(4)
6, // 01(3,4)
11, // 01(2,3,5)
9, // 01(2,5)
8, // 01(5)
10, // 01(3,5)
13, // 01(2,4,5)
12, // 01(4,5)
31, // 02(1,3,4,5)
23, // 02(1,3,4)
19, // 02(1,3)
17, // 02(1)
18, // 02(3)
16, // 02()
21, // 02(1,4)
20, // 02(4)
22, // 02(3,4)
27, // 02(1,3,5)
25, // 02(1,5)
24, // 02(5)
26, // 02(3,5)
29, // 02(1,4,5)
28, // 02(4,5)
63, // 03(1,2,4,5)
55, // 03(1,2,4)
51, // 03(1,2)
49, // 03(1)
50, // 03(2)
48, // 03()
53, // 03(1,4)
52, // 03(4)
54, // 03(2,4)
59, // 03(1,2,5)
57, // 03(1,5)
56, // 03(5)
58, // 03(2,5)
61, // 03(1,4,5)
60, // 03(4,5)
111, // 04(1,2,3,5)
103, // 04(1,2,3)
99, // 04(1,2)
97, // 04(1)
98, // 04(2)
96, // 04()
101, // 04(1,3)
100, // 04(3)
102, // 04(2,3)
107, // 04(1,2,5)
105, // 04(1,5)
104, // 04(5)
106, // 04(2,5)
109, // 04(1,3,5)
108, // 04(3,5)
175, // 05(1,2,3,4)
167, // 05(1,2,3)
163, // 05(1,2)
161, // 05(1)
162, // 05(2)
160, // 05()
165, // 05(1,3)
164, // 05(3)
166, // 05(2,3)
171, // 05(1,2,4)
169, // 05(1,4)
168, // 05(4)
170, // 05(2,4)
173, // 05(1,3,4)
172, // 05(3,4)
47, // 12(0,3,4,5)
39, // 12(0,3,4)
35, // 12(0,3)
33, // 12(0)
34, // 12(3)
32, // 12()
37, // 12(0,4)
36, // 12(4)
38, // 12(3,4)
43, // 12(0,3,5)
41, // 12(0,5)
40, // 12(5)
42, // 12(3,5)
44, // 12(4,5)
79, // 13(0,2,4,5)
71, // 13(0,2,4)
67, // 13(0,2)
65, // 13(0)
66, // 13(2)
64, // 13()
69, // 13(0,4)
68, // 13(4)
70, // 13(2,4)
75, // 13(0,2,5)
73, // 13(0,5)
72, // 13(5)
74, // 13(2,5)
76, // 13(4,5)
127, // 14(0,2,3,5)
119, // 14(0,2,3)
115, // 14(0,2)
113, // 14(0)
114, // 14(2)
112, // 14()
117, // 14(0,3)
116, // 14(3)
118, // 14(2,3)
123, // 14(0,2,5)
121, // 14(0,5)
120, // 14(5)
122, // 14(2,5)
124, // 14(3,5)
191, // 15(0,2,3,4)
183, // 15(0,2,3)
179, // 15(0,2)
177, // 15(0)
178, // 15(2)
176, // 15()
181, // 15(0,3)
180, // 15(3)
182, // 15(2,3)
187, // 15(0,2,4)
185, // 15(0,4)
184, // 15(4)
186, // 15(2,4)
188, // 15(3,4)
95, // 23(0,1,4,5)
87, // 23(0,1,4)
83, // 23(0,1)
81, // 23(0)
82, // 23(1)
80, // 23()
85, // 23(0,4)
84, // 23(4)
86, // 23(1,4)
89, // 23(0,5)
88, // 23(5)
90, // 23(1,5)
143, // 24(0,1,3,5)
135, // 24(0,1,3)
131, // 24(0,1)
129, // 24(0)
130, // 24(1)
128, // 24()
133, // 24(0,3)
132, // 24(3)
134, // 24(1,3)
137, // 24(0,5)
136, // 24(5)
138, // 24(1,5)
207, // 25(0,1,3,4)
199, // 25(0,1,3)
195, // 25(0,1)
193, // 25(0)
194, // 25(1)
192, // 25()
197, // 25(0,3)
196, // 25(3)
198, // 25(1,3)
201, // 25(0,4)
200, // 25(4)
202, // 25(1,4)
159, // 34(0,1,2,5)
147, // 34(0,1)
145, // 34(0)
146, // 34(1)
144, // 34()
149, // 34(0,2)
148, // 34(2)
150, // 34(1,2)
223, // 35(0,1,2,4)
211, // 35(0,1)
209, // 35(0)
210, // 35(1)
208, // 35()
213, // 35(0,2)
212, // 35(2)
214, // 35(1,2)
RUN: make slicer_run_6_run_test
