Step=27 PrevRays=    26 ResultRays=    27 RayPairs=         2 NewAxiom=41 PrevAxioms=4,9,12,13,21,30,36,39,43,44,45,46,50,54,56,59,60,61,63,64,65,67,68,69,70,76,+41 MissingAxioms=0,1,2,3,5,6,7,8,10,11,14,15,16,17,18,19,20,22,23,24,25,26,27,28,29,31,32,33,34,35,37,38,40,42,47,48,49,51,52,53,55,57,58,62,66,71,72,73,74,75,77,78,79
Step=28 PrevRays=    27 ResultRays=    30 RayPairs=         6 NewAxiom=19 PrevAxioms=4,9,12,13,21,30,36,39,43,44,45,46,50,54,56,59,60,61,63,64,65,67,68,69,70,76,41,+19 MissingAxioms=0,1,2,3,5,6,7,8,10,11,14,15,16,17,18,20,22,23,24,25,26,27,28,29,31,32,33,34,35,37,38,40,42,47,48,49,51,52,53,55,57,58,62,66,71,72,73,74,75,77,78,79
Step=29 PrevRays=    30 ResultRays=    35 RayPairs=        12 NewAxiom=37 PrevAxioms=4,9,12,13,21,30,36,39,43,44,45,46,50,54,56,59,60,61,63,64,65,67,68,69,70,76,41,19,+37 MissingAxioms=0,1,2,3,5,6,7,8,10,11,14,15,16,17,18,20,22,23,24,25,26,27,28,29,31,32,33,34,35,38,40,42,47,48,49,51,52,53,55,57,58,62,66,71,72,73,74,75,77,78,79
Step=30 PrevRays=    35 ResultRays=    36 RayPairs=        12 NewAxiom=47 PrevAxioms=4,9,12,13,21,30,36,39,43,44,45,46,50,54,56,59,60,61,63,64,65,67,68,69,70,76,41,19,37,+47 MissingAxioms=0,1,2,3,5,6,7,8,10,11,14,15,16,17,18,20,22,23,24,25,26,27,28,29,31,32,33,34,35,38,40,42,48,49,51,52,53,55,57,58,62,66,71,72,73,74,75,77,78,79
Step=31 PrevRays=    36 ResultRays=    38 RayPairs=        12 NewAxiom=57 PrevAxioms=4,9,12,13,21,30,36,39,43,44,45,46,50,54,56,59,60,61,63,64,65,67,68,69,70,76,41,19,37,47,+57 MissingAxioms=0,1,2,3,5,6,7,8,10,11,14,15,16,17,18,20,22,23,24,25,26,27,28,29,31,32,33,34,35,38,40,42,48,49,51,52,53,55,58,62,66,71,72,73,74,75,77,78,79
Step=32 PrevRays=    38 ResultRays=    40 RayPairs=        18 NewAxiom=35 PrevAxioms=4,9,12,13,21,30,36,39,43,44,45,46,50,54,56,59,60,61,63,64,65,67,68,69,70,76,41,19,37,47,57,+35 MissingAxioms=0,1,2,3,5,6,7,8,10,11,14,15,16,17,18,20,22,23,24,25,26,27,28,29,31,32,33,34,38,40,42,48,49,51,52,53,55,58,62,66,71,72,73,74,75,77,78,79
Step=33 PrevRays=    40 ResultRays=    41 RayPairs=        16 NewAxiom=71 PrevAxioms=4,9,12,13,21,30,36,39,43,44,45,46,50,54,56,59,60,61,63,64,65,67,68,69,70,76,41,19,37,47,57,35,+71 MissingAxioms=0,1,2,3,5,6,7,8,10,11,14,15,16,17,18,20,22,23,24,25,26,27,28,29,31,32,33,34,38,40,42,48,49,51,52,53,55,58,62,66,72,73,74,75,77,78,79
Step=34 PrevRays=    41 ResultRays=    41 RayPairs=        32 NewAxiom=33 PrevAxioms=4,9,12,13,21,30,36,39,43,44,45,46,50,54,56,59,60,61,63,64,65,67,68,69,70,76,41,19,37,47,57,35,71,+33 MissingAxioms=0,1,2,3,5,6,7,8,10,11,14,15,16,17,18,20,22,23,24,25,26,27,28,29,31,32,34,38,40,42,48,49,51,52,53,55,58,62,66,72,73,74,75,77,78,79
Step=35 PrevRays=    41 ResultRays=    52 RayPairs=        30 NewAxiom=10 PrevAxioms=4,9,12,13,21,30,36,39,43,44,45,46,50,54,56,59,60,61,63,64,65,67,68,69,70,76,41,19,37,47,57,35,71,33,+10 MissingAxioms=0,1,2,3,5,6,7,8,11,14,15,16,17,18,20,22,23,24,25,26,27,28,29,31,32,34,38,40,42,48,49,51,52,53,55,58,62,66,72,73,74,75,77,78,79
Step=36 PrevRays=    52 ResultRays=    69 RayPairs=        56 NewAxiom=2 PrevAxioms=4,9,12,13,21,30,36,39,43,44,45,46,50,54,56,59,60,61,63,64,65,67,68,69,70,76,41,19,37,47,57,35,71,33,10,+2 MissingAxioms=0,1,3,5,6,7,8,11,14,15,16,17,18,20,22,23,24,25,26,27,28,29,31,32,34,38,40,42,48,49,51,52,53,55,58,62,66,72,73,74,75,77,78,79
Step=37 PrevRays=    69 ResultRays=    94 RayPairs=       156 NewAxiom=53 PrevAxioms=4,9,12,13,21,30,36,39,43,44,45,46,50,54,56,59,60,61,63,64,65,67,68,69,70,76,41,19,37,47,57,35,71,33,10,2,+53 MissingAxioms=0,1,3,5,6,7,8,11,14,15,16,17,18,20,22,23,24,25,26,27,28,29,31,32,34,38,40,42,48,49,51,52,55,58,62,66,72,73,74,75,77,78,79
Step=38 PrevRays=    94 ResultRays=   116 RayPairs=       380 NewAxiom=29 PrevAxioms=4,9,12,13,21,30,36,39,43,44,45,46,50,54,56,59,60,61,63,64,65,67,68,69,70,76,41,19,37,47,57,35,71,33,10,2,53,+29 MissingAxioms=0,1,3,5,6,7,8,11,14,15,16,17,18,20,22,23,24,25,26,27,28,31,32,34,38,40,42,48,49,51,52,55,58,62,66,72,73,74,75,77,78,79
Step=39 PrevRays=   116 ResultRays=   130 RayPairs=       342 NewAxiom=40 PrevAxioms=4,9,12,13,21,30,36,39,43,44,45,46,50,54,56,59,60,61,63,64,65,67,68,69,70,76,41,19,37,47,57,35,71,33,10,2,53,29,+40 MissingAxioms=0,1,3,5,6,7,8,11,14,15,16,17,18,20,22,23,24,25,26,27,28,31,32,34,38,42,48,49,51,52,55,58,62,66,72,73,74,75,77,78,79
Step=40 PrevRays=   130 ResultRays=   144 RayPairs=       506 NewAxiom=32 PrevAxioms=4,9,12,13,21,30,36,39,43,44,45,46,50,54,56,59,60,61,63,64,65,67,68,69,70,76,41,19,37,47,57,35,71,33,10,2,53,29,40,+32 MissingAxioms=0,1,3,5,6,7,8,11,14,15,16,17,18,20,22,23,24,25,26,27,28,31,34,38,42,48,49,51,52,55,58,62,66,72,73,74,75,77,78,79
Step=41 PrevRays=   144 ResultRays=   161 RayPairs=       552 NewAxiom=74 PrevAxioms=4,9,12,13,21,30,36,39,43,44,45,46,50,54,56,59,60,61,63,64,65,67,68,69,70,76,41,19,37,47,57,35,71,33,10,2,53,29,40,32,+74 MissingAxioms=0,1,3,5,6,7,8,11,14,15,16,17,18,20,22,23,24,25,26,27,28,31,34,38,42,48,49,51,52,55,58,62,66,72,73,75,77,78,79
Step=42 PrevRays=   161 ResultRays=   249 RayPairs=      1482 NewAxiom=49 PrevAxioms=4,9,12,13,21,30,36,39,43,44,45,46,50,54,56,59,60,61,63,64,65,67,68,69,70,76,41,19,37,47,57,35,71,33,10,2,53,29,40,32,74,+49 MissingAxioms=0,1,3,5,6,7,8,11,14,15,16,17,18,20,22,23,24,25,26,27,28,31,34,38,42,48,51,52,55,58,62,66,72,73,75,77,78,79
Step=43 PrevRays=   249 ResultRays=   291 RayPairs=      1755 NewAxiom=26 PrevAxioms=4,9,12,13,21,30,36,39,43,44,45,46,50,54,56,59,60,61,63,64,65,67,68,69,70,76,41,19,37,47,57,35,71,33,10,2,53,29,40,32,74,49,+26 MissingAxioms=0,1,3,5,6,7,8,11,14,15,16,17,18,20,22,23,24,25,27,28,31,34,38,42,48,51,52,55,58,62,66,72,73,75,77,78,79
Step=44 PrevRays=   291 ResultRays=   302 RayPairs=      4176 NewAxiom=25 PrevAxioms=4,9,12,13,21,30,36,39,43,44,45,46,50,54,56,59,60,61,63,64,65,67,68,69,70,76,41,19,37,47,57,35,71,33,10,2,53,29,40,32,74,49,26,+25 MissingAxioms=0,1,3,5,6,7,8,11,14,15,16,17,18,20,22,23,24,27,28,31,34,38,42,48,51,52,55,58,62,66,72,73,75,77,78,79
Step=45 PrevRays=   302 ResultRays=   367 RayPairs=      4032 NewAxiom=62 PrevAxioms=4,9,12,13,21,30,36,39,43,44,45,46,50,54,56,59,60,61,63,64,65,67,68,69,70,76,41,19,37,47,57,35,71,33,10,2,53,29,40,32,74,49,26,25,+62 MissingAxioms=0,1,3,5,6,7,8,11,14,15,16,17,18,20,22,23,24,27,28,31,34,38,42,48,51,52,55,58,66,72,73,75,77,78,79
Step=46 PrevRays=   367 ResultRays=   432 RayPairs=      7656 NewAxiom=38 PrevAxioms=4,9,12,13,21,30,36,39,43,44,45,46,50,54,56,59,60,61,63,64,65,67,68,69,70,76,41,19,37,47,57,35,71,33,10,2,53,29,40,32,74,49,26,25,62,+38 MissingAxioms=0,1,3,5,6,7,8,11,14,15,16,17,18,20,22,23,24,27,28,31,34,42,48,51,52,55,58,66,72,73,75,77,78,79
Step=47 PrevRays=   432 ResultRays=   489 RayPairs=      5112 NewAxiom=5 PrevAxioms=4,9,12,13,21,30,36,39,43,44,45,46,50,54,56,59,60,61,63,64,65,67,68,69,70,76,41,19,37,47,57,35,71,33,10,2,53,29,40,32,74,49,26,25,62,38,+5 MissingAxioms=0,1,3,6,7,8,11,14,15,16,17,18,20,22,23,24,27,28,31,34,42,48,51,52,55,58,66,72,73,75,77,78,79
Step=48 PrevRays=   489 ResultRays=   853 RayPairs=     16366 NewAxiom=11 PrevAxioms=4,9,12,13,21,30,36,39,43,44,45,46,50,54,56,59,60,61,63,64,65,67,68,69,70,76,41,19,37,47,57,35,71,33,10,2,53,29,40,32,74,49,26,25,62,38,5,+11 MissingAxioms=0,1,3,6,7,8,14,15,16,17,18,20,22,23,24,27,28,31,34,42,48,51,52,55,58,66,72,73,75,77,78,79
Step=49 PrevRays=   853 ResultRays=   902 RayPairs=     49634 NewAxiom=3 PrevAxioms=4,9,12,13,21,30,36,39,43,44,45,46,50,54,56,59,60,61,63,64,65,67,68,69,70,76,41,19,37,47,57,35,71,33,10,2,53,29,40,32,74,49,26,25,62,38,5,11,+3 MissingAxioms=0,1,6,7,8,14,15,16,17,18,20,22,23,24,27,28,31,34,42,48,51,52,55,58,66,72,73,75,77,78,79
Step=50 PrevRays=   902 ResultRays=  1214 RayPairs=     32968 NewAxiom=22 PrevAxioms=4,9,12,13,21,30,36,39,43,44,45,46,50,54,56,59,60,61,63,64,65,67,68,69,70,76,41,19,37,47,57,35,71,33,10,2,53,29,40,32,74,49,26,25,62,38,5,11,3,+22 MissingAxioms=0,1,6,7,8,14,15,16,17,18,20,23,24,27,28,31,34,42,48,51,52,55,58,66,72,73,75,77,78,79
Step=51 PrevRays=  1214 ResultRays=  1609 RayPairs=     70980 NewAxiom=14 PrevAxioms=4,9,12,13,21,30,36,39,43,44,45,46,50,54,56,59,60,61,63,64,65,67,68,69,70,76,41,19,37,47,57,35,71,33,10,2,53,29,40,32,74,49,26,25,62,38,5,11,3,22,+14 MissingAxioms=0,1,6,7,8,15,16,17,18,20,23,24,27,28,31,34,42,48,51,52,55,58,66,72,73,75,77,78,79
Step=52 PrevRays=  1609 ResultRays=  1808 RayPairs=    201300 NewAxiom=6 PrevAxioms=4,9,12,13,21,30,36,39,43,44,45,46,50,54,56,59,60,61,63,64,65,67,68,69,70,76,41,19,37,47,57,35,71,33,10,2,53,29,40,32,74,49,26,25,62,38,5,11,3,22,14,+6 MissingAxioms=0,1,7,8,15,16,17,18,20,23,24,27,28,31,34,42,48,51,52,55,58,66,72,73,75,77,78,79
Step=53 PrevRays=  1808 ResultRays=  2629 RayPairs=    237762 NewAxiom=73 PrevAxioms=4,9,12,13,21,30,36,39,43,44,45,46,50,54,56,59,60,61,63,64,65,67,68,69,70,76,41,19,37,47,57,35,71,33,10,2,53,29,40,32,74,49,26,25,62,38,5,11,3,22,14,6,+73 MissingAxioms=0,1,7,8,15,16,17,18,20,23,24,27,28,31,34,42,48,51,52,55,58,66,72,75,77,78,79
Step=54 PrevRays=  2629 ResultRays=  3038 RayPairs=    243004 NewAxiom=52 PrevAxioms=4,9,12,13,21,30,36,39,43,44,45,46,50,54,56,59,60,61,63,64,65,67,68,69,70,76,41,19,37,47,57,35,71,33,10,2,53,29,40,32,74,49,26,25,62,38,5,11,3,22,14,6,73,+52 MissingAxioms=0,1,7,8,15,16,17,18,20,23,24,27,28,31,34,42,48,51,55,58,66,72,75,77,78,79
Step=55 PrevRays=  3038 ResultRays=  3295 RayPairs=    602862 NewAxiom=28 PrevAxioms=4,9,12,13,21,30,36,39,43,44,45,46,50,54,56,59,60,61,63,64,65,67,68,69,70,76,41,19,37,47,57,35,71,33,10,2,53,29,40,32,74,49,26,25,62,38,5,11,3,22,14,6,73,52,+28 MissingAxioms=0,1,7,8,15,16,17,18,20,23,24,27,31,34,42,48,51,55,58,66,72,75,77,78,79
Step=56 PrevRays=  3295 ResultRays=  3621 RayPairs=    819790 NewAxiom=23 PrevAxioms=4,9,12,13,21,30,36,39,43,44,45,46,50,54,56,59,60,61,63,64,65,67,68,69,70,76,41,19,37,47,57,35,71,33,10,2,53,29,40,32,74,49,26,25,62,38,5,11,3,22,14,6,73,52,28,+23 MissingAxioms=0,1,7,8,15,16,17,18,20,24,27,31,34,42,48,51,55,58,66,72,75,77,78,79
Step=57 PrevRays=  3621 ResultRays=  5402 RayPairs=    987042 NewAxiom=1 PrevAxioms=4,9,12,13,21,30,36,39,43,44,45,46,50,54,56,59,60,61,63,64,65,67,68,69,70,76,41,19,37,47,57,35,71,33,10,2,53,29,40,32,74,49,26,25,62,38,5,11,3,22,14,6,73,52,28,23,+1 MissingAxioms=0,7,8,15,16,17,18,20,24,27,31,34,42,48,51,55,58,66,72,75,77,78,79
Step=58 PrevRays=  5402 ResultRays=  7418 RayPairs=      3798 NewAxiom=51 PrevAxioms=4,9,12,13,21,30,36,39,43,44,45,46,50,54,56,59,60,61,63,64,65,67,68,69,70,76,41,19,37,47,57,35,71,33,10,2,53,29,40,32,74,49,26,25,62,38,5,11,3,22,14,6,73,52,28,23,1,+51 MissingAxioms=0,7,8,15,16,17,18,20,24,27,31,34,42,48,55,58,66,72,75,77,78,79
Step=59 PrevRays=  7418 ResultRays=  8945 RayPairs=   3848148 NewAxiom=27 PrevAxioms=4,9,12,13,21,30,36,39,43,44,45,46,50,54,56,59,60,61,63,64,65,67,68,69,70,76,41,19,37,47,57,35,71,33,10,2,53,29,40,32,74,49,26,25,62,38,5,11,3,22,14,6,73,52,28,23,1,51,+27 MissingAxioms=0,7,8,15,16,17,18,20,24,31,34,42,48,55,58,66,72,75,77,78,79
Step=60 PrevRays=  8945 ResultRays=  9966 RayPairs=   3099357 NewAxiom=77 PrevAxioms=4,9,12,13,21,30,36,39,43,44,45,46,50,54,56,59,60,61,63,64,65,67,68,69,70,76,41,19,37,47,57,35,71,33,10,2,53,29,40,32,74,49,26,25,62,38,5,11,3,22,14,6,73,52,28,23,1,51,27,+77 MissingAxioms=0,7,8,15,16,17,18,20,24,31,34,42,48,55,58,66,72,75,78,79
Step=61 PrevRays=  9966 ResultRays= 10599 RayPairs=   4695516 NewAxiom=75 PrevAxioms=4,9,12,13,21,30,36,39,43,44,45,46,50,54,56,59,60,61,63,64,65,67,68,69,70,76,41,19,37,47,57,35,71,33,10,2,53,29,40,32,74,49,26,25,62,38,5,11,3,22,14,6,73,52,28,23,1,51,27,77,+75 MissingAxioms=0,7,8,15,16,17,18,20,24,31,34,42,48,55,58,66,72,78,79
Step=62 PrevRays= 10599 ResultRays= 12318 RayPairs=   5863824 NewAxiom=72 PrevAxioms=4,9,12,13,21,30,36,39,43,44,45,46,50,54,56,59,60,61,63,64,65,67,68,69,70,76,41,19,37,47,57,35,71,33,10,2,53,29,40,32,74,49,26,25,62,38,5,11,3,22,14,6,73,52,28,23,1,51,27,77,75,+72 MissingAxioms=0,7,8,15,16,17,18,20,24,31,34,42,48,55,58,66,78,79
Step=63 PrevRays= 12318 ResultRays= 19930 RayPairs=  12892390 NewAxiom=78 PrevAxioms=4,9,12,13,21,30,36,39,43,44,45,46,50,54,56,59,60,61,63,64,65,67,68,69,70,76,41,19,37,47,57,35,71,33,10,2,53,29,40,32,74,49,26,25,62,38,5,11,3,22,14,6,73,52,28,23,1,51,27,77,75,72,+78 MissingAxioms=0,7,8,15,16,17,18,20,24,31,34,42,48,55,58,66,79
Step=64 PrevRays= 19930 ResultRays= 22231 RayPairs=  25239321 NewAxiom=79 PrevAxioms=4,9,12,13,21,30,36,39,43,44,45,46,50,54,56,59,60,61,63,64,65,67,68,69,70,76,41,19,37,47,57,35,71,33,10,2,53,29,40,32,74,49,26,25,62,38,5,11,3,22,14,6,73,52,28,23,1,51,27,77,75,72,78,+79 MissingAxioms=0,7,8,15,16,17,18,20,24,31,34,42,48,55,58,66
Step=65 PrevRays= 22231 ResultRays= 27135 RayPairs=  44292610 NewAxiom=17 PrevAxioms=4,9,12,13,21,30,36,39,43,44,45,46,50,54,56,59,60,61,63,64,65,67,68,69,70,76,41,19,37,47,57,35,71,33,10,2,53,29,40,32,74,49,26,25,62,38,5,11,3,22,14,6,73,52,28,23,1,51,27,77,75,72,78,79,+17 MissingAxioms=0,7,8,15,16,18,20,24,31,34,42,48,55,58,66
Step=66 PrevRays= 27135 ResultRays= 36133 RayPairs=  88427148 NewAxiom=16 PrevAxioms=4,9,12,13,21,30,36,39,43,44,45,46,50,54,56,59,60,61,63,64,65,67,68,69,70,76,41,19,37,47,57,35,71,33,10,2,53,29,40,32,74,49,26,25,62,38,5,11,3,22,14,6,73,52,28,23,1,51,27,77,75,72,78,79,17,+16 MissingAxioms=0,7,8,15,18,20,24,31,34,42,48,55,58,66
Step=67 PrevRays= 36133 ResultRays= 41171 RayPairs=  45166884 NewAxiom=20 PrevAxioms=4,9,12,13,21,30,36,39,43,44,45,46,50,54,56,59,60,61,63,64,65,67,68,69,70,76,41,19,37,47,57,35,71,33,10,2,53,29,40,32,74,49,26,25,62,38,5,11,3,22,14,6,73,52,28,23,1,51,27,77,75,72,78,79,17,16,+20 MissingAxioms=0,7,8,15,18,24,31,34,42,48,55,58,66
Step=68 PrevRays= 41171 ResultRays= 45427 RayPairs=  86026318 NewAxiom=66 PrevAxioms=4,9,12,13,21,30,36,39,43,44,45,46,50,54,56,59,60,61,63,64,65,67,68,69,70,76,41,19,37,47,57,35,71,33,10,2,53,29,40,32,74,49,26,25,62,38,5,11,3,22,14,6,73,52,28,23,1,51,27,77,75,72,78,79,17,16,20,+66 MissingAxioms=0,7,8,15,18,24,31,34,42,48,55,58
Step=69 PrevRays= 45427 ResultRays= 44320 RayPairs= 158705166 NewAxiom=58 PrevAxioms=4,9,12,13,21,30,36,39,43,44,45,46,50,54,56,59,60,61,63,64,65,67,68,69,70,76,41,19,37,47,57,35,71,33,10,2,53,29,40,32,74,49,26,25,62,38,5,11,3,22,14,6,73,52,28,23,1,51,27,77,75,72,78,79,17,16,20,66,+58 MissingAxioms=0,7,8,15,18,24,31,34,42,48,55
Step=70 PrevRays= 44320 ResultRays= 51944 RayPairs=  58476369 NewAxiom=42 PrevAxioms=4,9,12,13,21,30,36,39,43,44,45,46,50,54,56,59,60,61,63,64,65,67,68,69,70,76,41,19,37,47,57,35,71,33,10,2,53,29,40,32,74,49,26,25,62,38,5,11,3,22,14,6,73,52,28,23,1,51,27,77,75,72,78,79,17,16,20,66,58,+42 MissingAxioms=0,7,8,15,18,24,31,34,48,55
Step=71 PrevRays= 51944 ResultRays= 53591 RayPairs= 175697521 NewAxiom=34 PrevAxioms=4,9,12,13,21,30,36,39,43,44,45,46,50,54,56,59,60,61,63,64,65,67,68,69,70,76,41,19,37,47,57,35,71,33,10,2,53,29,40,32,74,49,26,25,62,38,5,11,3,22,14,6,73,52,28,23,1,51,27,77,75,72,78,79,17,16,20,66,58,42,+34 MissingAxioms=0,7,8,15,18,24,31,48,55
Step=72 PrevRays= 53591 ResultRays= 51503 RayPairs= 222215013 NewAxiom=18 PrevAxioms=4,9,12,13,21,30,36,39,43,44,45,46,50,54,56,59,60,61,63,64,65,67,68,69,70,76,41,19,37,47,57,35,71,33,10,2,53,29,40,32,74,49,26,25,62,38,5,11,3,22,14,6,73,52,28,23,1,51,27,77,75,72,78,79,17,16,20,66,58,42,34,+18 MissingAxioms=0,7,8,15,24,31,48,55
Step=73 PrevRays= 51503 ResultRays= 61327 RayPairs= 135536585 NewAxiom=55 PrevAxioms=4,9,12,13,21,30,36,39,43,44,45,46,50,54,56,59,60,61,63,64,65,67,68,69,70,76,41,19,37,47,57,35,71,33,10,2,53,29,40,32,74,49,26,25,62,38,5,11,3,22,14,6,73,52,28,23,1,51,27,77,75,72,78,79,17,16,20,66,58,42,34,18,+55 MissingAxioms=0,7,8,15,24,31,48
Step=74 PrevRays= 61327 ResultRays= 67504 RayPairs= 262091622 NewAxiom=31 PrevAxioms=4,9,12,13,21,30,36,39,43,44,45,46,50,54,56,59,60,61,63,64,65,67,68,69,70,76,41,19,37,47,57,35,71,33,10,2,53,29,40,32,74,49,26,25,62,38,5,11,3,22,14,6,73,52,28,23,1,51,27,77,75,72,78,79,17,16,20,66,58,42,34,18,55,+31 MissingAxioms=0,7,8,15,24,48
Step=75 PrevRays= 67504 ResultRays= 70788 RayPairs= 344735069 NewAxiom=15 PrevAxioms=4,9,12,13,21,30,36,39,43,44,45,46,50,54,56,59,60,61,63,64,65,67,68,69,70,76,41,19,37,47,57,35,71,33,10,2,53,29,40,32,74,49,26,25,62,38,5,11,3,22,14,6,73,52,28,23,1,51,27,77,75,72,78,79,17,16,20,66,58,42,34,18,55,31,+15 MissingAxioms=0,7,8,24,48
Step=76 PrevRays= 70788 ResultRays= 73331 RayPairs= 370858005 NewAxiom=7 PrevAxioms=4,9,12,13,21,30,36,39,43,44,45,46,50,54,56,59,60,61,63,64,65,67,68,69,70,76,41,19,37,47,57,35,71,33,10,2,53,29,40,32,74,49,26,25,62,38,5,11,3,22,14,6,73,52,28,23,1,51,27,77,75,72,78,79,17,16,20,66,58,42,34,18,55,31,15,+7 MissingAxioms=0,8,24,48
Step=77 PrevRays= 73331 ResultRays= 91607 RayPairs= 334261224 NewAxiom=48 PrevAxioms=4,9,12,13,21,30,36,39,43,44,45,46,50,54,56,59,60,61,63,64,65,67,68,69,70,76,41,19,37,47,57,35,71,33,10,2,53,29,40,32,74,49,26,25,62,38,5,11,3,22,14,6,73,52,28,23,1,51,27,77,75,72,78,79,17,16,20,66,58,42,34,18,55,31,15,7,+48 MissingAxioms=0,8,24
Step=78 PrevRays= 91607 ResultRays=103752 RayPairs= 690546780 NewAxiom=24 PrevAxioms=4,9,12,13,21,30,36,39,43,44,45,46,50,54,56,59,60,61,63,64,65,67,68,69,70,76,41,19,37,47,57,35,71,33,10,2,53,29,40,32,74,49,26,25,62,38,5,11,3,22,14,6,73,52,28,23,1,51,27,77,75,72,78,79,17,16,20,66,58,42,34,18,55,31,15,7,48,+24 MissingAxioms=0,8
Step=79 PrevRays=103752 ResultRays=111712 RayPairs= 944424360 NewAxiom=8 PrevAxioms=4,9,12,13,21,30,36,39,43,44,45,46,50,54,56,59,60,61,63,64,65,67,68,69,70,76,41,19,37,47,57,35,71,33,10,2,53,29,40,32,74,49,26,25,62,38,5,11,3,22,14,6,73,52,28,23,1,51,27,77,75,72,78,79,17,16,20,66,58,42,34,18,55,31,15,7,48,24,+8 MissingAxioms=0
Step=80 PrevRays=111712 ResultRays=117978 RayPairs=1087109287 NewAxiom=0 PrevAxioms=4,9,12,13,21,30,36,39,43,44,45,46,50,54,56,59,60,61,63,64,65,67,68,69,70,76,41,19,37,47,57,35,71,33,10,2,53,29,40,32,74,49,26,25,62,38,5,11,3,22,14,6,73,52,28,23,1,51,27,77,75,72,78,79,17,16,20,66,58,42,34,18,55,31,15,7,48,24,8,+0 MissingAxioms= TotalTime=81.3

Axioms in order:
Step=27 Axiom41 Group1 f({0, 2}) + f({0, 3}) >= f({0}) + f({0, 2, 3})
Step=28 Axiom19 Group2 f({0, 1, 3}) + f({0, 2, 3}) >= f({0, 3}) + f({0, 1, 2, 3, 4})
Step=29 Axiom37 Group2 f({0, 1, 4}) + f({0, 3, 4}) >= f({0, 1, 2, 3, 4}) + f({0, 4})
Step=30 Axiom47 Group3 f({0, 1, 2, 3, 4}) >= f({0, 1, 4})
Step=31 Axiom57 Group1 f({0, 1}) + f({0, 4}) >= f({0}) + f({0, 1, 4})
Step=32 Axiom35 Group2 f({0, 1, 2}) + f({0, 2, 3}) >= f({0, 2}) + f({0, 1, 2, 3, 4})
Step=33 Axiom71 Group3 f({0, 1, 2, 3, 4}) >= f({0, 1, 3})
Step=34 Axiom33 Group1 f({0, 1}) + f({0, 3}) >= f({0}) + f({0, 1, 3})
Step=35 Axiom10 Group1 f({0, 3}) + f({2, 3}) >= f({3}) + f({0, 2, 3})
Step=36 Axiom2 Group1 f({0, 3}) + f({1, 3}) >= f({3}) + f({0, 1, 3})
Step=37 Axiom53 Group2 f({0, 1, 3}) + f({1, 3, 4}) >= f({1, 3}) + f({0, 1, 2, 3, 4})
Step=38 Axiom29 Group2 f({0, 1, 4}) + f({1, 3, 4}) >= f({0, 1, 2, 3, 4}) + f({1, 4})
Step=39 Axiom40 Group0 f({2}) + f({3}) >= f({2, 3})
Step=40 Axiom32 Group0 f({1}) + f({3}) >= f({1, 3})
Step=41 Axiom74 Group1 f({1, 3}) + f({1, 4}) >= f({1}) + f({1, 3, 4})
Step=42 Axiom49 Group1 f({0, 1}) + f({1, 4}) >= f({1}) + f({0, 1, 4})
Step=43 Axiom26 Group1 f({0, 2}) + f({2, 3}) >= f({2}) + f({0, 2, 3})
Step=44 Axiom25 Group1 f({0, 1}) + f({1, 3}) >= f({1}) + f({0, 1, 3})
Step=45 Axiom62 Group2 f({1, 2, 3}) + f({2, 3, 4}) >= f({2, 3}) + f({0, 1, 2, 3, 4})
Step=46 Axiom38 Group2 f({1, 2, 4}) + f({2, 3, 4}) >= f({0, 1, 2, 3, 4}) + f({2, 4})
Step=47 Axiom5 Group2 f({0, 2, 4}) + f({1, 2, 4}) >= f({0, 1, 2, 3, 4}) + f({2, 4})
Step=48 Axiom11 Group2 f({0, 1, 3}) + f({1, 2, 3}) >= f({1, 3}) + f({0, 1, 2, 3, 4})
Step=49 Axiom3 Group2 f({0, 2, 3}) + f({1, 2, 3}) >= f({2, 3}) + f({0, 1, 2, 3, 4})
Step=50 Axiom22 Group2 f({1, 3, 4}) + f({2, 3, 4}) >= f({0, 1, 2, 3, 4}) + f({3, 4})
Step=51 Axiom14 Group2 f({0, 3, 4}) + f({2, 3, 4}) >= f({0, 1, 2, 3, 4}) + f({3, 4})
Step=52 Axiom6 Group2 f({0, 3, 4}) + f({1, 3, 4}) >= f({0, 1, 2, 3, 4}) + f({3, 4})
Step=53 Axiom73 Group1 f({0, 3}) + f({0, 4}) >= f({0}) + f({0, 3, 4})
Step=54 Axiom52 Group1 f({0, 3}) + f({3, 4}) >= f({3}) + f({0, 3, 4})
Step=55 Axiom28 Group1 f({0, 4}) + f({3, 4}) >= f({4}) + f({0, 3, 4})
Step=56 Axiom23 Group3 f({0, 1, 2, 3, 4}) >= f({0, 3, 4})
Step=57 Axiom1 Group1 f({0, 2}) + f({1, 2}) >= f({2}) + f({0, 1, 2})
Step=58 Axiom51 Group2 f({0, 1, 2}) + f({1, 2, 4}) >= f({1, 2}) + f({0, 1, 2, 3, 4})
Step=59 Axiom27 Group2 f({0, 1, 2}) + f({1, 2, 3}) >= f({1, 2}) + f({0, 1, 2, 3, 4})
Step=60 Axiom77 Group2 f({0, 2, 3}) + f({0, 2, 4}) >= f({0, 2}) + f({0, 1, 2, 3, 4})
Step=61 Axiom75 Group2 f({0, 1, 3}) + f({0, 1, 4}) >= f({0, 1}) + f({0, 1, 2, 3, 4})
Step=62 Axiom72 Group0 f({3}) + f({4}) >= f({3, 4})
Step=63 Axiom78 Group2 f({1, 2, 3}) + f({1, 2, 4}) >= f({1, 2}) + f({0, 1, 2, 3, 4})
Step=64 Axiom79 Group3 f({0, 1, 2, 3, 4}) >= f({0, 1, 2})
Step=65 Axiom17 Group1 f({0, 1}) + f({0, 2}) >= f({0}) + f({0, 1, 2})
Step=66 Axiom16 Group0 f({1}) + f({2}) >= f({1, 2})
Step=67 Axiom20 Group1 f({1, 4}) + f({2, 4}) >= f({4}) + f({1, 2, 4})
Step=68 Axiom66 Group1 f({1, 2}) + f({1, 4}) >= f({1}) + f({1, 2, 4})
Step=69 Axiom58 Group1 f({1, 2}) + f({2, 4}) >= f({2}) + f({1, 2, 4})
Step=70 Axiom42 Group1 f({1, 2}) + f({1, 3}) >= f({1}) + f({1, 2, 3})
Step=71 Axiom34 Group1 f({1, 2}) + f({2, 3}) >= f({2}) + f({1, 2, 3})
Step=72 Axiom18 Group1 f({1, 3}) + f({2, 3}) >= f({3}) + f({1, 2, 3})
Step=73 Axiom55 Group3 f({0, 1, 2, 3, 4}) >= f({1, 2, 3})
Step=74 Axiom31 Group3 f({0, 1, 2, 3, 4}) >= f({1, 2, 4})
Step=75 Axiom15 Group3 f({0, 1, 2, 3, 4}) >= f({1, 3, 4})
Step=76 Axiom7 Group3 f({0, 1, 2, 3, 4}) >= f({2, 3, 4})
Step=77 Axiom48 Group0 f({0}) + f({4}) >= f({0, 4})
Step=78 Axiom24 Group0 f({0}) + f({3}) >= f({0, 3})
Step=79 Axiom8 Group0 f({0}) + f({2}) >= f({0, 2})
Step=80 Axiom0 Group0 f({0}) + f({1}) >= f({0, 1})
