Step=27 PrevRays=    26 ResultRays=    27 RayPairs=         2 NewAxiom=49 PrevAxioms=6,13,21,22,27,29,35,36,37,38,43,53,54,57,58,59,60,61,62,63,66,67,72,74,75,78,+49 MissingAxioms=0,1,2,3,4,5,7,8,9,10,11,12,14,15,16,17,18,19,20,23,24,25,26,28,30,31,32,33,34,39,40,41,42,44,45,46,47,48,50,51,52,55,56,64,65,68,69,70,71,73,76,77,79
Step=28 PrevRays=    27 ResultRays=    27 RayPairs=         2 NewAxiom=25 PrevAxioms=6,13,21,22,27,29,35,36,37,38,43,53,54,57,58,59,60,61,62,63,66,67,72,74,75,78,49,+25 MissingAxioms=0,1,2,3,4,5,7,8,9,10,11,12,14,15,16,17,18,19,20,23,24,26,28,30,31,32,33,34,39,40,41,42,44,45,46,47,48,50,51,52,55,56,64,65,68,69,70,71,73,76,77,79
Step=29 PrevRays=    27 ResultRays=    28 RayPairs=         2 NewAxiom=33 PrevAxioms=6,13,21,22,27,29,35,36,37,38,43,53,54,57,58,59,60,61,62,63,66,67,72,74,75,78,49,25,+33 MissingAxioms=0,1,2,3,4,5,7,8,9,10,11,12,14,15,16,17,18,19,20,23,24,26,28,30,31,32,34,39,40,41,42,44,45,46,47,48,50,51,52,55,56,64,65,68,69,70,71,73,76,77,79
Step=30 PrevRays=    28 ResultRays=    29 RayPairs=         3 NewAxiom=73 PrevAxioms=6,13,21,22,27,29,35,36,37,38,43,53,54,57,58,59,60,61,62,63,66,67,72,74,75,78,49,25,33,+73 MissingAxioms=0,1,2,3,4,5,7,8,9,10,11,12,14,15,16,17,18,19,20,23,24,26,28,30,31,32,34,39,40,41,42,44,45,46,47,48,50,51,52,55,56,64,65,68,69,70,71,76,77,79
Step=31 PrevRays=    29 ResultRays=    30 RayPairs=         2 NewAxiom=9 PrevAxioms=6,13,21,22,27,29,35,36,37,38,43,53,54,57,58,59,60,61,62,63,66,67,72,74,75,78,49,25,33,73,+9 MissingAxioms=0,1,2,3,4,5,7,8,10,11,12,14,15,16,17,18,19,20,23,24,26,28,30,31,32,34,39,40,41,42,44,45,46,47,48,50,51,52,55,56,64,65,68,69,70,71,76,77,79
Step=32 PrevRays=    30 ResultRays=    31 RayPairs=         3 NewAxiom=51 PrevAxioms=6,13,21,22,27,29,35,36,37,38,43,53,54,57,58,59,60,61,62,63,66,67,72,74,75,78,49,25,33,73,9,+51 MissingAxioms=0,1,2,3,4,5,7,8,10,11,12,14,15,16,17,18,19,20,23,24,26,28,30,31,32,34,39,40,41,42,44,45,46,47,48,50,52,55,56,64,65,68,69,70,71,76,77,79
Step=33 PrevRays=    31 ResultRays=    32 RayPairs=         2 NewAxiom=34 PrevAxioms=6,13,21,22,27,29,35,36,37,38,43,53,54,57,58,59,60,61,62,63,66,67,72,74,75,78,49,25,33,73,9,51,+34 MissingAxioms=0,1,2,3,4,5,7,8,10,11,12,14,15,16,17,18,19,20,23,24,26,28,30,31,32,39,40,41,42,44,45,46,47,48,50,52,55,56,64,65,68,69,70,71,76,77,79
Step=34 PrevRays=    32 ResultRays=    34 RayPairs=         4 NewAxiom=20 PrevAxioms=6,13,21,22,27,29,35,36,37,38,43,53,54,57,58,59,60,61,62,63,66,67,72,74,75,78,49,25,33,73,9,51,34,+20 MissingAxioms=0,1,2,3,4,5,7,8,10,11,12,14,15,16,17,18,19,23,24,26,28,30,31,32,39,40,41,42,44,45,46,47,48,50,52,55,56,64,65,68,69,70,71,76,77,79
Step=35 PrevRays=    34 ResultRays=    35 RayPairs=         6 NewAxiom=18 PrevAxioms=6,13,21,22,27,29,35,36,37,38,43,53,54,57,58,59,60,61,62,63,66,67,72,74,75,78,49,25,33,73,9,51,34,20,+18 MissingAxioms=0,1,2,3,4,5,7,8,10,11,12,14,15,16,17,19,23,24,26,28,30,31,32,39,40,41,42,44,45,46,47,48,50,52,55,56,64,65,68,69,70,71,76,77,79
Step=36 PrevRays=    35 ResultRays=    37 RayPairs=         3 NewAxiom=17 PrevAxioms=6,13,21,22,27,29,35,36,37,38,43,53,54,57,58,59,60,61,62,63,66,67,72,74,75,78,49,25,33,73,9,51,34,20,18,+17 MissingAxioms=0,1,2,3,4,5,7,8,10,11,12,14,15,16,19,23,24,26,28,30,31,32,39,40,41,42,44,45,46,47,48,50,52,55,56,64,65,68,69,70,71,76,77,79
Step=37 PrevRays=    37 ResultRays=    39 RayPairs=         6 NewAxiom=19 PrevAxioms=6,13,21,22,27,29,35,36,37,38,43,53,54,57,58,59,60,61,62,63,66,67,72,74,75,78,49,25,33,73,9,51,34,20,18,17,+19 MissingAxioms=0,1,2,3,4,5,7,8,10,11,12,14,15,16,23,24,26,28,30,31,32,39,40,41,42,44,45,46,47,48,50,52,55,56,64,65,68,69,70,71,76,77,79
Step=38 PrevRays=    39 ResultRays=    42 RayPairs=         6 NewAxiom=11 PrevAxioms=6,13,21,22,27,29,35,36,37,38,43,53,54,57,58,59,60,61,62,63,66,67,72,74,75,78,49,25,33,73,9,51,34,20,18,17,19,+11 MissingAxioms=0,1,2,3,4,5,7,8,10,12,14,15,16,23,24,26,28,30,31,32,39,40,41,42,44,45,46,47,48,50,52,55,56,64,65,68,69,70,71,76,77,79
Step=39 PrevRays=    42 ResultRays=    57 RayPairs=        18 NewAxiom=26 PrevAxioms=6,13,21,22,27,29,35,36,37,38,43,53,54,57,58,59,60,61,62,63,66,67,72,74,75,78,49,25,33,73,9,51,34,20,18,17,19,11,+26 MissingAxioms=0,1,2,3,4,5,7,8,10,12,14,15,16,23,24,28,30,31,32,39,40,41,42,44,45,46,47,48,50,52,55,56,64,65,68,69,70,71,76,77,79
Step=40 PrevRays=    57 ResultRays=    74 RayPairs=        60 NewAxiom=10 PrevAxioms=6,13,21,22,27,29,35,36,37,38,43,53,54,57,58,59,60,61,62,63,66,67,72,74,75,78,49,25,33,73,9,51,34,20,18,17,19,11,26,+10 MissingAxioms=0,1,2,3,4,5,7,8,12,14,15,16,23,24,28,30,31,32,39,40,41,42,44,45,46,47,48,50,52,55,56,64,65,68,69,70,71,76,77,79
Step=41 PrevRays=    74 ResultRays=    99 RayPairs=        84 NewAxiom=12 PrevAxioms=6,13,21,22,27,29,35,36,37,38,43,53,54,57,58,59,60,61,62,63,66,67,72,74,75,78,49,25,33,73,9,51,34,20,18,17,19,11,26,10,+12 MissingAxioms=0,1,2,3,4,5,7,8,14,15,16,23,24,28,30,31,32,39,40,41,42,44,45,46,47,48,50,52,55,56,64,65,68,69,70,71,76,77,79
Step=42 PrevRays=    99 ResultRays=   142 RayPairs=       275 NewAxiom=50 PrevAxioms=6,13,21,22,27,29,35,36,37,38,43,53,54,57,58,59,60,61,62,63,66,67,72,74,75,78,49,25,33,73,9,51,34,20,18,17,19,11,26,10,12,+50 MissingAxioms=0,1,2,3,4,5,7,8,14,15,16,23,24,28,30,31,32,39,40,41,42,44,45,46,47,48,52,55,56,64,65,68,69,70,71,76,77,79
Step=43 PrevRays=   142 ResultRays=   196 RayPairs=       592 NewAxiom=28 PrevAxioms=6,13,21,22,27,29,35,36,37,38,43,53,54,57,58,59,60,61,62,63,66,67,72,74,75,78,49,25,33,73,9,51,34,20,18,17,19,11,26,10,12,50,+28 MissingAxioms=0,1,2,3,4,5,7,8,14,15,16,23,24,30,31,32,39,40,41,42,44,45,46,47,48,52,55,56,64,65,68,69,70,71,76,77,79
Step=44 PrevRays=   196 ResultRays=   244 RayPairs=      1800 NewAxiom=52 PrevAxioms=6,13,21,22,27,29,35,36,37,38,43,53,54,57,58,59,60,61,62,63,66,67,72,74,75,78,49,25,33,73,9,51,34,20,18,17,19,11,26,10,12,50,28,+52 MissingAxioms=0,1,2,3,4,5,7,8,14,15,16,23,24,30,31,32,39,40,41,42,44,45,46,47,48,55,56,64,65,68,69,70,71,76,77,79
Step=45 PrevRays=   244 ResultRays=   282 RayPairs=      1672 NewAxiom=14 PrevAxioms=6,13,21,22,27,29,35,36,37,38,43,53,54,57,58,59,60,61,62,63,66,67,72,74,75,78,49,25,33,73,9,51,34,20,18,17,19,11,26,10,12,50,28,52,+14 MissingAxioms=0,1,2,3,4,5,7,8,15,16,23,24,30,31,32,39,40,41,42,44,45,46,47,48,55,56,64,65,68,69,70,71,76,77,79
Step=46 PrevRays=   282 ResultRays=   315 RayPairs=      2244 NewAxiom=30 PrevAxioms=6,13,21,22,27,29,35,36,37,38,43,53,54,57,58,59,60,61,62,63,66,67,72,74,75,78,49,25,33,73,9,51,34,20,18,17,19,11,26,10,12,50,28,52,14,+30 MissingAxioms=0,1,2,3,4,5,7,8,15,16,23,24,31,32,39,40,41,42,44,45,46,47,48,55,56,64,65,68,69,70,71,76,77,79
Step=47 PrevRays=   315 ResultRays=   384 RayPairs=      2376 NewAxiom=70 PrevAxioms=6,13,21,22,27,29,35,36,37,38,43,53,54,57,58,59,60,61,62,63,66,67,72,74,75,78,49,25,33,73,9,51,34,20,18,17,19,11,26,10,12,50,28,52,14,30,+70 MissingAxioms=0,1,2,3,4,5,7,8,15,16,23,24,31,32,39,40,41,42,44,45,46,47,48,55,56,64,65,68,69,71,76,77,79
Step=48 PrevRays=   384 ResultRays=   553 RayPairs=      9576 NewAxiom=77 PrevAxioms=6,13,21,22,27,29,35,36,37,38,43,53,54,57,58,59,60,61,62,63,66,67,72,74,75,78,49,25,33,73,9,51,34,20,18,17,19,11,26,10,12,50,28,52,14,30,70,+77 MissingAxioms=0,1,2,3,4,5,7,8,15,16,23,24,31,32,39,40,41,42,44,45,46,47,48,55,56,64,65,68,69,71,76,79
Step=49 PrevRays=   553 ResultRays=   610 RayPairs=     24871 NewAxiom=69 PrevAxioms=6,13,21,22,27,29,35,36,37,38,43,53,54,57,58,59,60,61,62,63,66,67,72,74,75,78,49,25,33,73,9,51,34,20,18,17,19,11,26,10,12,50,28,52,14,30,70,77,+69 MissingAxioms=0,1,2,3,4,5,7,8,15,16,23,24,31,32,39,40,41,42,44,45,46,47,48,55,56,64,65,68,71,76,79
Step=50 PrevRays=   610 ResultRays=   641 RayPairs=     19635 NewAxiom=65 PrevAxioms=6,13,21,22,27,29,35,36,37,38,43,53,54,57,58,59,60,61,62,63,66,67,72,74,75,78,49,25,33,73,9,51,34,20,18,17,19,11,26,10,12,50,28,52,14,30,70,77,69,+65 MissingAxioms=0,1,2,3,4,5,7,8,15,16,23,24,31,32,39,40,41,42,44,45,46,47,48,55,56,64,68,71,76,79
Step=51 PrevRays=   641 ResultRays=   718 RayPairs=     10656 NewAxiom=42 PrevAxioms=6,13,21,22,27,29,35,36,37,38,43,53,54,57,58,59,60,61,62,63,66,67,72,74,75,78,49,25,33,73,9,51,34,20,18,17,19,11,26,10,12,50,28,52,14,30,70,77,69,65,+42 MissingAxioms=0,1,2,3,4,5,7,8,15,16,23,24,31,32,39,40,41,44,45,46,47,48,55,56,64,68,71,76,79
Step=52 PrevRays=   718 ResultRays=   821 RayPairs=     28350 NewAxiom=46 PrevAxioms=6,13,21,22,27,29,35,36,37,38,43,53,54,57,58,59,60,61,62,63,66,67,72,74,75,78,49,25,33,73,9,51,34,20,18,17,19,11,26,10,12,50,28,52,14,30,70,77,69,65,42,+46 MissingAxioms=0,1,2,3,4,5,7,8,15,16,23,24,31,32,39,40,41,44,45,47,48,55,56,64,68,71,76,79
Step=53 PrevRays=   821 ResultRays=   921 RayPairs=     60671 NewAxiom=45 PrevAxioms=6,13,21,22,27,29,35,36,37,38,43,53,54,57,58,59,60,61,62,63,66,67,72,74,75,78,49,25,33,73,9,51,34,20,18,17,19,11,26,10,12,50,28,52,14,30,70,77,69,65,42,46,+45 MissingAxioms=0,1,2,3,4,5,7,8,15,16,23,24,31,32,39,40,41,44,47,48,55,56,64,68,71,76,79
Step=54 PrevRays=   921 ResultRays=   973 RayPairs=     45864 NewAxiom=41 PrevAxioms=6,13,21,22,27,29,35,36,37,38,43,53,54,57,58,59,60,61,62,63,66,67,72,74,75,78,49,25,33,73,9,51,34,20,18,17,19,11,26,10,12,50,28,52,14,30,70,77,69,65,42,46,45,+41 MissingAxioms=0,1,2,3,4,5,7,8,15,16,23,24,31,32,39,40,44,47,48,55,56,64,68,71,76,79
Step=55 PrevRays=   973 ResultRays=  1297 RayPairs=     49062 NewAxiom=55 PrevAxioms=6,13,21,22,27,29,35,36,37,38,43,53,54,57,58,59,60,61,62,63,66,67,72,74,75,78,49,25,33,73,9,51,34,20,18,17,19,11,26,10,12,50,28,52,14,30,70,77,69,65,42,46,45,41,+55 MissingAxioms=0,1,2,3,4,5,7,8,15,16,23,24,31,32,39,40,44,47,48,56,64,68,71,76,79
Step=56 PrevRays=  1297 ResultRays=  2153 RayPairs=     87975 NewAxiom=39 PrevAxioms=6,13,21,22,27,29,35,36,37,38,43,53,54,57,58,59,60,61,62,63,66,67,72,74,75,78,49,25,33,73,9,51,34,20,18,17,19,11,26,10,12,50,28,52,14,30,70,77,69,65,42,46,45,41,55,+39 MissingAxioms=0,1,2,3,4,5,7,8,15,16,23,24,31,32,40,44,47,48,56,64,68,71,76,79
Step=57 PrevRays=  2153 ResultRays=  2559 RayPairs=    396576 NewAxiom=31 PrevAxioms=6,13,21,22,27,29,35,36,37,38,43,53,54,57,58,59,60,61,62,63,66,67,72,74,75,78,49,25,33,73,9,51,34,20,18,17,19,11,26,10,12,50,28,52,14,30,70,77,69,65,42,46,45,41,55,39,+31 MissingAxioms=0,1,2,3,4,5,7,8,15,16,23,24,32,40,44,47,48,56,64,68,71,76,79
Step=58 PrevRays=  2559 ResultRays=  3625 RayPairs=    404724 NewAxiom=23 PrevAxioms=6,13,21,22,27,29,35,36,37,38,43,53,54,57,58,59,60,61,62,63,66,67,72,74,75,78,49,25,33,73,9,51,34,20,18,17,19,11,26,10,12,50,28,52,14,30,70,77,69,65,42,46,45,41,55,39,31,+23 MissingAxioms=0,1,2,3,4,5,7,8,15,16,24,32,40,44,47,48,56,64,68,71,76,79
Step=59 PrevRays=  3625 ResultRays=  3951 RayPairs=   1224425 NewAxiom=15 PrevAxioms=6,13,21,22,27,29,35,36,37,38,43,53,54,57,58,59,60,61,62,63,66,67,72,74,75,78,49,25,33,73,9,51,34,20,18,17,19,11,26,10,12,50,28,52,14,30,70,77,69,65,42,46,45,41,55,39,31,23,+15 MissingAxioms=0,1,2,3,4,5,7,8,16,24,32,40,44,47,48,56,64,68,71,76,79
Step=60 PrevRays=  3951 ResultRays=  4967 RayPairs=    626958 NewAxiom=79 PrevAxioms=6,13,21,22,27,29,35,36,37,38,43,53,54,57,58,59,60,61,62,63,66,67,72,74,75,78,49,25,33,73,9,51,34,20,18,17,19,11,26,10,12,50,28,52,14,30,70,77,69,65,42,46,45,41,55,39,31,23,15,+79 MissingAxioms=0,1,2,3,4,5,7,8,16,24,32,40,44,47,48,56,64,68,71,76
Step=61 PrevRays=  4967 ResultRays=  5760 RayPairs=   1343200 NewAxiom=71 PrevAxioms=6,13,21,22,27,29,35,36,37,38,43,53,54,57,58,59,60,61,62,63,66,67,72,74,75,78,49,25,33,73,9,51,34,20,18,17,19,11,26,10,12,50,28,52,14,30,70,77,69,65,42,46,45,41,55,39,31,23,15,79,+71 MissingAxioms=0,1,2,3,4,5,7,8,16,24,32,40,44,47,48,56,64,68,76
Step=62 PrevRays=  5760 ResultRays=  6338 RayPairs=   2303640 NewAxiom=47 PrevAxioms=6,13,21,22,27,29,35,36,37,38,43,53,54,57,58,59,60,61,62,63,66,67,72,74,75,78,49,25,33,73,9,51,34,20,18,17,19,11,26,10,12,50,28,52,14,30,70,77,69,65,42,46,45,41,55,39,31,23,15,79,71,+47 MissingAxioms=0,1,2,3,4,5,7,8,16,24,32,40,44,48,56,64,68,76
Step=63 PrevRays=  6338 ResultRays=  8192 RayPairs=   1870036 NewAxiom=4 PrevAxioms=6,13,21,22,27,29,35,36,37,38,43,53,54,57,58,59,60,61,62,63,66,67,72,74,75,78,49,25,33,73,9,51,34,20,18,17,19,11,26,10,12,50,28,52,14,30,70,77,69,65,42,46,45,41,55,39,31,23,15,79,71,47,+4 MissingAxioms=0,1,2,3,5,7,8,16,24,32,40,44,48,56,64,68,76
Step=64 PrevRays=  8192 ResultRays=  9574 RayPairs=   6287022 NewAxiom=2 PrevAxioms=6,13,21,22,27,29,35,36,37,38,43,53,54,57,58,59,60,61,62,63,66,67,72,74,75,78,49,25,33,73,9,51,34,20,18,17,19,11,26,10,12,50,28,52,14,30,70,77,69,65,42,46,45,41,55,39,31,23,15,79,71,47,4,+2 MissingAxioms=0,1,3,5,7,8,16,24,32,40,44,48,56,64,68,76
Step=65 PrevRays=  9574 ResultRays= 11591 RayPairs=  10373472 NewAxiom=1 PrevAxioms=6,13,21,22,27,29,35,36,37,38,43,53,54,57,58,59,60,61,62,63,66,67,72,74,75,78,49,25,33,73,9,51,34,20,18,17,19,11,26,10,12,50,28,52,14,30,70,77,69,65,42,46,45,41,55,39,31,23,15,79,71,47,4,2,+1 MissingAxioms=0,3,5,7,8,16,24,32,40,44,48,56,64,68,76
Step=66 PrevRays= 11591 ResultRays= 13066 RayPairs=   6173860 NewAxiom=5 PrevAxioms=6,13,21,22,27,29,35,36,37,38,43,53,54,57,58,59,60,61,62,63,66,67,72,74,75,78,49,25,33,73,9,51,34,20,18,17,19,11,26,10,12,50,28,52,14,30,70,77,69,65,42,46,45,41,55,39,31,23,15,79,71,47,4,2,1,+5 MissingAxioms=0,3,7,8,16,24,32,40,44,48,56,64,68,76
Step=67 PrevRays= 13066 ResultRays= 16774 RayPairs=   7970014 NewAxiom=76 PrevAxioms=6,13,21,22,27,29,35,36,37,38,43,53,54,57,58,59,60,61,62,63,66,67,72,74,75,78,49,25,33,73,9,51,34,20,18,17,19,11,26,10,12,50,28,52,14,30,70,77,69,65,42,46,45,41,55,39,31,23,15,79,71,47,4,2,1,5,+76 MissingAxioms=0,3,7,8,16,24,32,40,44,48,56,64,68
Step=68 PrevRays= 16774 ResultRays= 19332 RayPairs=  23662408 NewAxiom=68 PrevAxioms=6,13,21,22,27,29,35,36,37,38,43,53,54,57,58,59,60,61,62,63,66,67,72,74,75,78,49,25,33,73,9,51,34,20,18,17,19,11,26,10,12,50,28,52,14,30,70,77,69,65,42,46,45,41,55,39,31,23,15,79,71,47,4,2,1,5,76,+68 MissingAxioms=0,3,7,8,16,24,32,40,44,48,56,64
Step=69 PrevRays= 19332 ResultRays= 21890 RayPairs=  29309836 NewAxiom=44 PrevAxioms=6,13,21,22,27,29,35,36,37,38,43,53,54,57,58,59,60,61,62,63,66,67,72,74,75,78,49,25,33,73,9,51,34,20,18,17,19,11,26,10,12,50,28,52,14,30,70,77,69,65,42,46,45,41,55,39,31,23,15,79,71,47,4,2,1,5,76,68,+44 MissingAxioms=0,3,7,8,16,24,32,40,48,56,64
Step=70 PrevRays= 21890 ResultRays= 23659 RayPairs=  34133552 NewAxiom=3 PrevAxioms=6,13,21,22,27,29,35,36,37,38,43,53,54,57,58,59,60,61,62,63,66,67,72,74,75,78,49,25,33,73,9,51,34,20,18,17,19,11,26,10,12,50,28,52,14,30,70,77,69,65,42,46,45,41,55,39,31,23,15,79,71,47,4,2,1,5,76,68,44,+3 MissingAxioms=0,7,8,16,24,32,40,48,56,64
Step=71 PrevRays= 23659 ResultRays= 24675 RayPairs=  55974816 NewAxiom=7 PrevAxioms=6,13,21,22,27,29,35,36,37,38,43,53,54,57,58,59,60,61,62,63,66,67,72,74,75,78,49,25,33,73,9,51,34,20,18,17,19,11,26,10,12,50,28,52,14,30,70,77,69,65,42,46,45,41,55,39,31,23,15,79,71,47,4,2,1,5,76,68,44,3,+7 MissingAxioms=0,8,16,24,32,40,48,56,64
Step=72 PrevRays= 24675 ResultRays= 36355 RayPairs=  31108506 NewAxiom=64 PrevAxioms=6,13,21,22,27,29,35,36,37,38,43,53,54,57,58,59,60,61,62,63,66,67,72,74,75,78,49,25,33,73,9,51,34,20,18,17,19,11,26,10,12,50,28,52,14,30,70,77,69,65,42,46,45,41,55,39,31,23,15,79,71,47,4,2,1,5,76,68,44,3,7,+64 MissingAxioms=0,8,16,24,32,40,48,56
Step=73 PrevRays= 36355 ResultRays= 45355 RayPairs= 100898945 NewAxiom=40 PrevAxioms=6,13,21,22,27,29,35,36,37,38,43,53,54,57,58,59,60,61,62,63,66,67,72,74,75,78,49,25,33,73,9,51,34,20,18,17,19,11,26,10,12,50,28,52,14,30,70,77,69,65,42,46,45,41,55,39,31,23,15,79,71,47,4,2,1,5,76,68,44,3,7,64,+40 MissingAxioms=0,8,16,24,32,48,56
Step=74 PrevRays= 45355 ResultRays= 59681 RayPairs= 137776548 NewAxiom=56 PrevAxioms=6,13,21,22,27,29,35,36,37,38,43,53,54,57,58,59,60,61,62,63,66,67,72,74,75,78,49,25,33,73,9,51,34,20,18,17,19,11,26,10,12,50,28,52,14,30,70,77,69,65,42,46,45,41,55,39,31,23,15,79,71,47,4,2,1,5,76,68,44,3,7,64,40,+56 MissingAxioms=0,8,16,24,32,48
Step=75 PrevRays= 59681 ResultRays= 68158 RayPairs= 313832961 NewAxiom=32 PrevAxioms=6,13,21,22,27,29,35,36,37,38,43,53,54,57,58,59,60,61,62,63,66,67,72,74,75,78,49,25,33,73,9,51,34,20,18,17,19,11,26,10,12,50,28,52,14,30,70,77,69,65,42,46,45,41,55,39,31,23,15,79,71,47,4,2,1,5,76,68,44,3,7,64,40,56,+32 MissingAxioms=0,8,16,24,48
Step=76 PrevRays= 68158 ResultRays= 73331 RayPairs= 445809759 NewAxiom=16 PrevAxioms=6,13,21,22,27,29,35,36,37,38,43,53,54,57,58,59,60,61,62,63,66,67,72,74,75,78,49,25,33,73,9,51,34,20,18,17,19,11,26,10,12,50,28,52,14,30,70,77,69,65,42,46,45,41,55,39,31,23,15,79,71,47,4,2,1,5,76,68,44,3,7,64,40,56,32,+16 MissingAxioms=0,8,24,48
Step=77 PrevRays= 73331 ResultRays= 91607 RayPairs= 334261224 NewAxiom=48 PrevAxioms=6,13,21,22,27,29,35,36,37,38,43,53,54,57,58,59,60,61,62,63,66,67,72,74,75,78,49,25,33,73,9,51,34,20,18,17,19,11,26,10,12,50,28,52,14,30,70,77,69,65,42,46,45,41,55,39,31,23,15,79,71,47,4,2,1,5,76,68,44,3,7,64,40,56,32,16,+48 MissingAxioms=0,8,24
Step=78 PrevRays= 91607 ResultRays=103752 RayPairs= 690546780 NewAxiom=24 PrevAxioms=6,13,21,22,27,29,35,36,37,38,43,53,54,57,58,59,60,61,62,63,66,67,72,74,75,78,49,25,33,73,9,51,34,20,18,17,19,11,26,10,12,50,28,52,14,30,70,77,69,65,42,46,45,41,55,39,31,23,15,79,71,47,4,2,1,5,76,68,44,3,7,64,40,56,32,16,48,+24 MissingAxioms=0,8
Step=79 PrevRays=103752 ResultRays=111712 RayPairs= 944424360 NewAxiom=8 PrevAxioms=6,13,21,22,27,29,35,36,37,38,43,53,54,57,58,59,60,61,62,63,66,67,72,74,75,78,49,25,33,73,9,51,34,20,18,17,19,11,26,10,12,50,28,52,14,30,70,77,69,65,42,46,45,41,55,39,31,23,15,79,71,47,4,2,1,5,76,68,44,3,7,64,40,56,32,16,48,24,+8 MissingAxioms=0
Step=80 PrevRays=111712 ResultRays=117978 RayPairs=1087109287 NewAxiom=0 PrevAxioms=6,13,21,22,27,29,35,36,37,38,43,53,54,57,58,59,60,61,62,63,66,67,72,74,75,78,49,25,33,73,9,51,34,20,18,17,19,11,26,10,12,50,28,52,14,30,70,77,69,65,42,46,45,41,55,39,31,23,15,79,71,47,4,2,1,5,76,68,44,3,7,64,40,56,32,16,48,24,8,+0 MissingAxioms= TotalTime=62.5

Initial axioms, in no particular order:
Axiom6 10(3,4) - g2 f(0,3,4) + f(1,3,4) >= f(0,1,2,3,4) + f(3,4)
Axiom13 20(1,4) - g2 f(0,1,4) + f(1,2,4) >= f(0,1,2,3,4) + f(1,4)
Axiom21 21(0,4) - g2 f(0,1,4) + f(0,2,4) >= f(0,1,2,3,4) + f(0,4)
Axiom22 21(3,4) - g2 f(1,3,4) + f(2,3,4) >= f(0,1,2,3,4) + f(3,4)
Axiom27 30(1,2) - g2 f(0,1,2) + f(1,2,3) >= f(1,2) + f(0,1,2,3,4)
Axiom29 30(1,4) - g2 f(0,1,4) + f(1,3,4) >= f(0,1,2,3,4) + f(1,4)
Axiom35 31(0,2) - g2 f(0,1,2) + f(0,2,3) >= f(0,2) + f(0,1,2,3,4)
Axiom36 31(4) - g1 f(1,4) + f(3,4) >= f(4) + f(1,3,4)
Axiom37 31(0,4) - g2 f(0,1,4) + f(0,3,4) >= f(0,1,2,3,4) + f(0,4)
Axiom38 31(2,4) - g2 f(1,2,4) + f(2,3,4) >= f(0,1,2,3,4) + f(2,4)
Axiom43 32(0,1) - g2 f(0,1,2) + f(0,1,3) >= f(0,1) + f(0,1,2,3,4)
Axiom53 40(1,3) - g2 f(0,1,3) + f(1,3,4) >= f(1,3) + f(0,1,2,3,4)
Axiom54 40(2,3) - g2 f(0,2,3) + f(2,3,4) >= f(2,3) + f(0,1,2,3,4)
Axiom57 41(0) - g1 f(0,1) + f(0,4) >= f(0) + f(0,1,4)
Axiom58 41(2) - g1 f(1,2) + f(2,4) >= f(2) + f(1,2,4)
Axiom59 41(0,2) - g2 f(0,1,2) + f(0,2,4) >= f(0,2) + f(0,1,2,3,4)
Axiom60 41(3) - g1 f(1,3) + f(3,4) >= f(3) + f(1,3,4)
Axiom61 41(0,3) - g2 f(0,1,3) + f(0,3,4) >= f(0,3) + f(0,1,2,3,4)
Axiom62 41(2,3) - g2 f(1,2,3) + f(2,3,4) >= f(2,3) + f(0,1,2,3,4)
Axiom63 41(0,2,3) - g3 f(0,1,2,3,4) >= f(0,2,3)
Axiom66 42(1) - g1 f(1,2) + f(1,4) >= f(1) + f(1,2,4)
Axiom67 42(0,1) - g2 f(0,1,2) + f(0,1,4) >= f(0,1) + f(0,1,2,3,4)
Axiom72 43() - g0 f(3) + f(4) >= f(3,4)
Axiom74 43(1) - g1 f(1,3) + f(1,4) >= f(1) + f(1,3,4)
Axiom75 43(0,1) - g2 f(0,1,3) + f(0,1,4) >= f(0,1) + f(0,1,2,3,4)
Axiom78 43(1,2) - g2 f(1,2,3) + f(1,2,4) >= f(1,2) + f(0,1,2,3,4)

Axioms in order:
Step=27 Axiom49 40(1) - g1 f(0,1) + f(1,4) >= f(1) + f(0,1,4)
Step=28 Axiom25 30(1) - g1 f(0,1) + f(1,3) >= f(1) + f(0,1,3)
Step=29 Axiom33 31(0) - g1 f(0,1) + f(0,3) >= f(0) + f(0,1,3)
Step=30 Axiom73 43(0) - g1 f(0,3) + f(0,4) >= f(0) + f(0,3,4)
Step=31 Axiom9 20(1) - g1 f(0,1) + f(1,2) >= f(1) + f(0,1,2)
Step=32 Axiom51 40(1,2) - g2 f(0,1,2) + f(1,2,4) >= f(1,2) + f(0,1,2,3,4)
Step=33 Axiom34 31(2) - g1 f(1,2) + f(2,3) >= f(2) + f(1,2,3)
Step=34 Axiom20 21(4) - g1 f(1,4) + f(2,4) >= f(4) + f(1,2,4)
Step=35 Axiom18 21(3) - g1 f(1,3) + f(2,3) >= f(3) + f(1,2,3)
Step=36 Axiom17 21(0) - g1 f(0,1) + f(0,2) >= f(0) + f(0,1,2)
Step=37 Axiom19 21(0,3) - g2 f(0,1,3) + f(0,2,3) >= f(0,3) + f(0,1,2,3,4)
Step=38 Axiom11 20(1,3) - g2 f(0,1,3) + f(1,2,3) >= f(1,3) + f(0,1,2,3,4)
Step=39 Axiom26 30(2) - g1 f(0,2) + f(2,3) >= f(2) + f(0,2,3)
Step=40 Axiom10 20(3) - g1 f(0,3) + f(2,3) >= f(3) + f(0,2,3)
Step=41 Axiom12 20(4) - g1 f(0,4) + f(2,4) >= f(4) + f(0,2,4)
Step=42 Axiom50 40(2) - g1 f(0,2) + f(2,4) >= f(2) + f(0,2,4)
Step=43 Axiom28 30(4) - g1 f(0,4) + f(3,4) >= f(4) + f(0,3,4)
Step=44 Axiom52 40(3) - g1 f(0,3) + f(3,4) >= f(3) + f(0,3,4)
Step=45 Axiom14 20(3,4) - g2 f(0,3,4) + f(2,3,4) >= f(0,1,2,3,4) + f(3,4)
Step=46 Axiom30 30(2,4) - g2 f(0,2,4) + f(2,3,4) >= f(0,1,2,3,4) + f(2,4)
Step=47 Axiom70 42(1,3) - g2 f(1,2,3) + f(1,3,4) >= f(1,3) + f(0,1,2,3,4)
Step=48 Axiom77 43(0,2) - g2 f(0,2,3) + f(0,2,4) >= f(0,2) + f(0,1,2,3,4)
Step=49 Axiom69 42(0,3) - g2 f(0,2,3) + f(0,3,4) >= f(0,3) + f(0,1,2,3,4)
Step=50 Axiom65 42(0) - g1 f(0,2) + f(0,4) >= f(0) + f(0,2,4)
Step=51 Axiom42 32(1) - g1 f(1,2) + f(1,3) >= f(1) + f(1,2,3)
Step=52 Axiom46 32(1,4) - g2 f(1,2,4) + f(1,3,4) >= f(0,1,2,3,4) + f(1,4)
Step=53 Axiom45 32(0,4) - g2 f(0,2,4) + f(0,3,4) >= f(0,1,2,3,4) + f(0,4)
Step=54 Axiom41 32(0) - g1 f(0,2) + f(0,3) >= f(0) + f(0,2,3)
Step=55 Axiom55 40(1,2,3) - g3 f(0,1,2,3,4) >= f(1,2,3)
Step=56 Axiom39 31(0,2,4) - g3 f(0,1,2,3,4) >= f(0,2,4)
Step=57 Axiom31 30(1,2,4) - g3 f(0,1,2,3,4) >= f(1,2,4)
Step=58 Axiom23 21(0,3,4) - g3 f(0,1,2,3,4) >= f(0,3,4)
Step=59 Axiom15 20(1,3,4) - g3 f(0,1,2,3,4) >= f(1,3,4)
Step=60 Axiom79 43(0,1,2) - g3 f(0,1,2,3,4) >= f(0,1,2)
Step=61 Axiom71 42(0,1,3) - g3 f(0,1,2,3,4) >= f(0,1,3)
Step=62 Axiom47 32(0,1,4) - g3 f(0,1,2,3,4) >= f(0,1,4)
Step=63 Axiom4 10(4) - g1 f(0,4) + f(1,4) >= f(4) + f(0,1,4)
Step=64 Axiom2 10(3) - g1 f(0,3) + f(1,3) >= f(3) + f(0,1,3)
Step=65 Axiom1 10(2) - g1 f(0,2) + f(1,2) >= f(2) + f(0,1,2)
Step=66 Axiom5 10(2,4) - g2 f(0,2,4) + f(1,2,4) >= f(0,1,2,3,4) + f(2,4)
Step=67 Axiom76 43(2) - g1 f(2,3) + f(2,4) >= f(2) + f(2,3,4)
Step=68 Axiom68 42(3) - g1 f(2,3) + f(3,4) >= f(3) + f(2,3,4)
Step=69 Axiom44 32(4) - g1 f(2,4) + f(3,4) >= f(4) + f(2,3,4)
Step=70 Axiom3 10(2,3) - g2 f(0,2,3) + f(1,2,3) >= f(2,3) + f(0,1,2,3,4)
Step=71 Axiom7 10(2,3,4) - g3 f(0,1,2,3,4) >= f(2,3,4)
Step=72 Axiom64 42() - g0 f(2) + f(4) >= f(2,4)
Step=73 Axiom40 32() - g0 f(2) + f(3) >= f(2,3)
Step=74 Axiom56 41() - g0 f(1) + f(4) >= f(1,4)
Step=75 Axiom32 31() - g0 f(1) + f(3) >= f(1,3)
Step=76 Axiom16 21() - g0 f(1) + f(2) >= f(1,2)
Step=77 Axiom48 40() - g0 f(0) + f(4) >= f(0,4)
Step=78 Axiom24 30() - g0 f(0) + f(3) >= f(0,3)
Step=79 Axiom8 20() - g0 f(0) + f(2) >= f(0,2)
Step=80 Axiom0 10() - g0 f(0) + f(1) >= f(0,1)
