Step=64 PrevRays=  8192 ResultRays=  9574 RayPairs=   6287022 NewAxiom=2 PrevAxioms=4,6,9,10,11,12,13,14,15,17,18,20,22,25,26,28,33,36,41,45,49,50,57,65,72,73,19,21,23,29,37,69,77,27,59,61,30,54,67,75,53,47,74,71,52,60,39,70,62,55,43,46,31,38,42,66,78,79,35,51,34,63,58,+2 MissingAxioms=0,1,3,5,7,8,16,24,32,40,44,48,56,64,68,76 TotalTime=2.3
Step=64 PrevRays=  8192 ResultRays=  9574 RayPairs=   6287022 NewAxiom=4 PrevAxioms=2,6,9,10,11,12,13,14,15,17,18,20,22,25,26,28,29,33,36,41,45,49,57,65,72,73,19,21,23,37,69,77,27,59,61,60,30,67,53,47,75,62,52,46,55,38,31,51,66,39,43,71,54,50,74,70,42,78,79,35,63,58,34,+4 MissingAxioms=0,1,3,5,7,8,16,24,32,40,44,48,56,64,68,76 TotalTime=2.3
Step=64 PrevRays=  8804 ResultRays=  9574 RayPairs=   4046532 NewAxiom=6 PrevAxioms=2,4,9,10,11,12,13,14,15,17,18,20,22,25,26,28,29,33,36,41,45,49,57,65,72,73,19,21,23,37,69,77,27,59,61,30,67,75,53,47,60,62,55,39,46,31,52,50,54,38,63,35,79,43,71,70,42,74,51,66,78,34,58,+6 MissingAxioms=0,1,3,5,7,8,16,24,32,40,44,48,56,64,68,76 TotalTime=1.9
Step=64 PrevRays=  9168 ResultRays=  9574 RayPairs=   8820110 NewAxiom=9 PrevAxioms=2,4,6,10,11,12,13,14,15,17,18,20,22,25,26,27,28,33,36,41,45,49,57,65,72,73,19,21,23,29,37,69,77,35,53,34,43,52,38,31,42,54,71,75,61,63,70,50,60,30,62,55,58,67,47,59,51,79,78,74,66,46,39,+9 MissingAxioms=0,1,3,5,7,8,16,24,32,40,44,48,56,64,68,76 TotalTime=2.6
Step=64 PrevRays=  9014 ResultRays=  9574 RayPairs=   8896446 NewAxiom=10 PrevAxioms=2,4,6,9,11,12,13,14,15,17,18,19,20,22,25,26,28,33,36,41,45,49,57,65,72,73,21,23,27,29,35,37,43,42,34,46,47,30,39,51,59,67,63,52,69,77,79,53,66,75,74,61,71,31,62,38,58,70,55,54,78,50,60,+10 MissingAxioms=0,1,3,5,7,8,16,24,32,40,44,48,56,64,68,76 TotalTime=3.0
Step=64 PrevRays=  9979 ResultRays=  9574 RayPairs=   8250128 NewAxiom=11 PrevAxioms=2,4,6,9,10,12,13,14,15,17,18,19,20,22,25,26,28,33,36,41,45,49,57,65,72,73,21,23,29,35,37,43,51,53,69,77,38,52,54,71,75,61,63,70,31,50,60,62,55,27,34,58,39,59,30,67,47,46,74,79,78,66,42,+11 MissingAxioms=0,1,3,5,7,8,16,24,32,40,44,48,56,64,68,76 TotalTime=2.8
Step=64 PrevRays=  9014 ResultRays=  9574 RayPairs=   8896446 NewAxiom=12 PrevAxioms=2,4,6,9,10,11,13,14,15,17,18,20,21,22,25,26,28,33,36,41,45,49,57,65,72,73,19,23,29,37,51,59,67,77,66,38,53,69,61,27,47,75,74,70,52,54,71,60,39,62,55,43,42,35,63,79,34,58,46,31,78,30,50,+12 MissingAxioms=0,1,3,5,7,8,16,24,32,40,44,48,56,64,68,76 TotalTime=1.9
Step=64 PrevRays=  9979 ResultRays=  9574 RayPairs=   8250128 NewAxiom=13 PrevAxioms=2,4,6,9,10,11,12,14,15,17,18,20,21,22,25,26,28,33,36,41,45,49,57,65,72,73,19,23,29,37,59,67,77,27,69,30,61,38,47,53,75,52,54,43,71,60,50,39,70,62,42,35,55,46,31,79,74,78,34,51,63,66,58,+13 MissingAxioms=0,1,3,5,7,8,16,24,32,40,44,48,56,64,68,76 TotalTime=2.3
Step=64 PrevRays=  9608 ResultRays=  9574 RayPairs=   8435913 NewAxiom=14 PrevAxioms=2,4,6,9,10,11,12,13,15,17,18,20,22,23,25,26,28,33,36,41,45,49,57,65,72,73,19,21,29,37,69,77,27,59,61,53,67,38,70,52,71,60,66,62,75,51,55,31,47,46,39,30,43,35,79,78,34,58,54,63,42,74,50,+14 MissingAxioms=0,1,3,5,7,8,16,24,32,40,44,48,56,64,68,76 TotalTime=2.5
Step=64 PrevRays=  9674 ResultRays=  9574 RayPairs=   9310415 NewAxiom=15 PrevAxioms=2,4,6,9,10,11,12,13,14,17,18,20,22,23,25,26,28,33,36,41,45,49,57,65,72,73,19,21,29,37,69,77,27,59,61,30,60,71,75,53,62,46,74,51,67,66,47,42,38,31,39,55,43,35,79,78,52,54,50,70,34,63,58,+15 MissingAxioms=0,1,3,5,7,8,16,24,32,40,44,48,56,64,68,76 TotalTime=2.3
Step=64 PrevRays=  9168 ResultRays=  9574 RayPairs=   8820110 NewAxiom=17 PrevAxioms=2,4,6,9,10,11,12,13,14,15,18,20,22,25,26,28,33,34,36,41,45,49,57,65,72,73,19,21,23,29,37,69,77,27,61,35,75,60,30,47,62,53,46,74,43,71,52,54,79,51,31,67,38,42,58,70,78,63,59,39,55,66,50,+17 MissingAxioms=0,1,3,5,7,8,16,24,32,40,44,48,56,64,68,76 TotalTime=3.0
Step=64 PrevRays=  9014 ResultRays=  9574 RayPairs=   8896446 NewAxiom=18 PrevAxioms=2,4,6,9,10,11,12,13,14,15,17,19,20,22,25,26,28,33,36,41,45,49,57,65,72,73,21,23,27,29,35,37,43,42,34,46,47,30,39,51,59,67,63,52,54,50,69,77,79,53,31,75,74,38,61,60,71,66,70,55,62,78,58,+18 MissingAxioms=0,1,3,5,7,8,16,24,32,40,44,48,56,64,68,76 TotalTime=2.4
Step=64 PrevRays=  9979 ResultRays=  9574 RayPairs=   8250128 NewAxiom=19 PrevAxioms=2,4,6,9,10,11,12,13,14,15,17,18,20,22,25,26,28,33,36,41,45,49,57,65,72,73,21,23,27,29,37,69,77,59,61,30,60,62,53,67,47,75,55,52,54,39,50,46,31,38,51,66,63,35,79,78,34,43,71,42,70,74,58,+19 MissingAxioms=0,1,3,5,7,8,16,24,32,40,44,48,56,64,68,76 TotalTime=2.8
Step=64 PrevRays=  9014 ResultRays=  9574 RayPairs=   8896446 NewAxiom=20 PrevAxioms=2,4,6,9,10,11,12,13,14,15,17,18,21,22,25,26,28,33,36,41,45,49,57,65,72,73,19,23,29,37,51,59,67,77,66,30,61,69,27,60,47,53,75,62,55,39,46,52,31,63,35,43,54,50,79,58,78,71,38,34,70,74,42,+20 MissingAxioms=0,1,3,5,7,8,16,24,32,40,44,48,56,64,68,76 TotalTime=2.6
Step=64 PrevRays=  9979 ResultRays=  9574 RayPairs=   8250128 NewAxiom=21 PrevAxioms=2,4,6,9,10,11,12,13,14,15,17,18,20,22,25,26,28,33,36,41,45,49,57,65,72,73,19,23,29,37,51,69,77,35,30,43,53,38,52,75,42,61,70,60,62,71,27,74,31,54,50,55,63,34,58,59,39,79,67,47,46,78,66,+21 MissingAxioms=0,1,3,5,7,8,16,24,32,40,44,48,56,64,68,76 TotalTime=2.6
Step=64 PrevRays=  9608 ResultRays=  9574 RayPairs=   8435913 NewAxiom=22 PrevAxioms=2,4,6,9,10,11,12,13,14,15,17,18,20,23,25,26,28,33,36,41,45,49,57,65,72,73,19,21,29,37,69,77,27,59,61,30,60,71,75,70,53,74,47,52,54,50,67,43,39,79,35,31,63,42,46,55,78,34,51,38,66,62,58,+22 MissingAxioms=0,1,3,5,7,8,16,24,32,40,44,48,56,64,68,76 TotalTime=2.3
Step=64 PrevRays=  9674 ResultRays=  9574 RayPairs=   9310415 NewAxiom=23 PrevAxioms=2,4,6,9,10,11,12,13,14,15,17,18,20,22,25,26,28,33,36,41,45,49,57,65,72,73,19,21,29,37,69,77,27,59,61,30,60,62,53,75,46,47,55,67,52,39,38,31,51,66,54,50,63,35,79,78,34,43,71,42,70,74,58,+23 MissingAxioms=0,1,3,5,7,8,16,24,32,40,44,48,56,64,68,76 TotalTime=2.7
Step=64 PrevRays=  9752 ResultRays=  9574 RayPairs=  11553520 NewAxiom=25 PrevAxioms=2,4,6,9,10,11,12,13,14,15,17,18,20,22,26,27,28,33,36,41,45,49,57,65,72,73,19,21,23,29,37,69,77,35,51,34,43,38,42,61,60,70,75,71,62,31,58,55,39,53,52,54,67,59,30,79,78,63,47,66,74,46,50,+25 MissingAxioms=0,1,3,5,7,8,16,24,32,40,44,48,56,64,68,76 TotalTime=3.0
Step=64 PrevRays=  9110 ResultRays=  9574 RayPairs=   9479934 NewAxiom=26 PrevAxioms=2,4,6,9,10,11,12,13,14,15,17,18,20,22,25,28,33,34,36,41,45,49,57,65,72,73,19,21,23,29,37,69,77,27,59,61,30,60,75,71,53,62,74,47,52,54,67,43,39,46,55,58,38,70,31,42,51,66,78,79,63,35,50,+26 MissingAxioms=0,1,3,5,7,8,16,24,32,40,44,48,56,64,68,76 TotalTime=2.2
Step=64 PrevRays=  9752 ResultRays=  9574 RayPairs=   7389495 NewAxiom=27 PrevAxioms=2,4,6,9,10,11,12,13,14,15,17,18,20,22,25,26,28,33,36,41,45,49,57,65,72,73,19,21,23,29,37,69,77,35,51,43,53,38,52,75,54,61,71,60,70,31,62,55,46,63,67,47,66,59,50,30,79,74,78,42,58,39,34,+27 MissingAxioms=0,1,3,5,7,8,16,24,32,40,44,48,56,64,68,76 TotalTime=2.3
Step=64 PrevRays= 10520 ResultRays=  9574 RayPairs=  13128375 NewAxiom=28 PrevAxioms=2,4,6,9,10,11,12,13,14,15,17,18,20,22,25,26,29,33,36,41,45,49,57,65,72,73,19,21,23,37,53,69,77,35,43,51,38,52,54,75,71,61,31,63,60,70,55,50,30,39,59,62,74,67,47,66,79,46,58,27,78,42,34,+28 MissingAxioms=0,1,3,5,7,8,16,24,32,40,44,48,56,64,68,76 TotalTime=3.1
Step=64 PrevRays=  9921 ResultRays=  9574 RayPairs=   6253380 NewAxiom=29 PrevAxioms=2,4,6,9,10,11,12,13,14,15,17,18,20,22,25,26,28,33,36,41,45,49,57,65,72,73,19,21,23,37,69,77,27,59,61,30,60,75,71,53,62,74,47,52,54,50,67,43,39,46,55,31,38,70,42,66,51,78,79,35,63,34,58,+29 MissingAxioms=0,1,3,5,7,8,16,24,32,40,44,48,56,64,68,76 TotalTime=2.4
Step=64 PrevRays=  9211 ResultRays=  9574 RayPairs=   6213098 NewAxiom=30 PrevAxioms=2,4,6,9,10,11,12,13,14,15,17,18,20,22,25,26,28,33,36,41,45,49,57,65,72,73,19,21,23,29,37,69,77,27,59,61,53,67,46,47,75,52,60,62,38,55,31,51,63,66,39,35,54,34,43,79,78,58,71,42,70,74,50,+30 MissingAxioms=0,1,3,5,7,8,16,24,32,40,44,48,56,64,68,76 TotalTime=2.6
Step=64 PrevRays=  9234 ResultRays=  9574 RayPairs=   8415148 NewAxiom=31 PrevAxioms=2,4,6,9,10,11,12,13,14,15,17,18,20,22,25,26,28,33,36,41,45,49,57,65,72,73,19,21,23,29,37,69,77,27,59,61,30,60,75,71,53,62,74,47,52,54,50,67,43,39,46,55,38,70,66,51,79,35,42,78,58,63,34,+31 MissingAxioms=0,1,3,5,7,8,16,24,32,40,44,48,56,64,68,76 TotalTime=2.6
Step=64 PrevRays=  9752 ResultRays=  9574 RayPairs=  11553520 NewAxiom=33 PrevAxioms=2,4,6,9,10,11,12,13,14,15,17,18,20,22,25,26,28,34,36,41,45,49,57,65,72,73,19,21,23,29,37,69,77,27,59,35,67,30,53,47,52,54,39,71,50,43,70,42,75,61,74,31,63,60,51,79,62,38,55,46,78,66,58,+33 MissingAxioms=0,1,3,5,7,8,16,24,32,40,44,48,56,64,68,76 TotalTime=3.3
Step=64 PrevRays=  9110 ResultRays=  9574 RayPairs=   9479934 NewAxiom=34 PrevAxioms=2,4,6,9,10,11,12,13,14,15,17,18,20,22,25,26,28,33,36,41,45,49,57,65,72,73,19,21,23,29,37,69,77,27,59,61,30,60,75,71,53,62,74,47,52,54,50,67,43,39,46,55,31,70,42,38,35,79,51,66,78,63,58,+34 MissingAxioms=0,1,3,5,7,8,16,24,32,40,44,48,56,64,68,76 TotalTime=2.2
Step=64 PrevRays=  9752 ResultRays=  9574 RayPairs=   7389495 NewAxiom=35 PrevAxioms=2,4,6,9,10,11,12,13,14,15,17,18,20,22,25,26,28,33,36,41,45,49,57,65,72,73,19,21,23,29,37,69,77,27,59,61,30,60,75,71,53,62,74,47,52,54,50,67,43,39,46,55,31,70,42,38,66,78,51,79,63,58,34,+35 MissingAxioms=0,1,3,5,7,8,16,24,32,40,44,48,56,64,68,76 TotalTime=2.3
Step=64 PrevRays= 10520 ResultRays=  9574 RayPairs=  13128375 NewAxiom=36 PrevAxioms=2,4,6,9,10,11,12,13,14,15,17,18,20,22,25,26,28,33,37,41,45,49,57,65,72,73,19,21,23,29,61,69,75,27,77,59,53,52,60,70,71,62,30,74,39,67,47,54,50,79,43,35,42,55,51,31,38,66,46,78,63,58,34,+36 MissingAxioms=0,1,3,5,7,8,16,24,32,40,44,48,56,64,68,76 TotalTime=2.5
Step=64 PrevRays=  9921 ResultRays=  9574 RayPairs=   6253380 NewAxiom=37 PrevAxioms=2,4,6,9,10,11,12,13,14,15,17,18,20,22,25,26,28,33,36,41,45,49,57,65,72,73,19,21,23,29,69,77,27,59,67,53,38,52,70,75,71,74,54,66,61,60,47,50,30,62,51,55,43,42,79,35,63,31,39,46,78,34,58,+37 MissingAxioms=0,1,3,5,7,8,16,24,32,40,44,48,56,64,68,76 TotalTime=2.5
Step=64 PrevRays=  9211 ResultRays=  9574 RayPairs=   6213098 NewAxiom=38 PrevAxioms=2,4,6,9,10,11,12,13,14,15,17,18,20,22,25,26,28,33,36,41,45,49,57,65,72,73,19,21,23,29,37,69,77,27,59,61,30,60,75,71,53,62,74,47,52,54,50,67,43,39,46,55,31,70,42,51,35,79,34,78,66,63,58,+38 MissingAxioms=0,1,3,5,7,8,16,24,32,40,44,48,56,64,68,76 TotalTime=2.5
Step=64 PrevRays=  9234 ResultRays=  9574 RayPairs=   8415148 NewAxiom=39 PrevAxioms=2,4,6,9,10,11,12,13,14,15,17,18,20,22,25,26,28,33,36,41,45,49,57,65,72,73,19,21,23,29,37,69,77,27,59,61,30,60,75,71,53,62,74,47,52,54,50,67,43,42,51,46,38,31,66,55,70,78,35,79,63,58,34,+39 MissingAxioms=0,1,3,5,7,8,16,24,32,40,44,48,56,64,68,76 TotalTime=2.0
Step=64 PrevRays=  9568 ResultRays=  9574 RayPairs=  10596150 NewAxiom=41 PrevAxioms=2,4,6,9,10,11,12,13,14,15,17,18,20,22,25,26,28,33,36,42,45,49,57,65,72,73,19,21,23,29,37,27,43,59,67,75,61,30,60,47,53,62,79,46,52,66,51,38,39,50,54,31,71,63,35,70,78,55,69,77,58,34,74,+41 MissingAxioms=0,1,3,5,7,8,16,24,32,40,44,48,56,64,68,76 TotalTime=2.6
Step=64 PrevRays=  9568 ResultRays=  9574 RayPairs=  10596150 NewAxiom=42 PrevAxioms=2,4,6,9,10,11,12,13,14,15,17,18,20,22,25,26,28,33,36,41,45,49,57,65,72,73,19,21,23,29,37,69,77,27,59,61,30,60,75,71,53,62,74,47,52,54,50,67,43,39,46,55,31,70,38,66,51,79,35,78,58,34,63,+42 MissingAxioms=0,1,3,5,7,8,16,24,32,40,44,48,56,64,68,76 TotalTime=2.4
Step=64 PrevRays=  9956 ResultRays=  9574 RayPairs=   6580512 NewAxiom=43 PrevAxioms=2,4,6,9,10,11,12,13,14,15,17,18,20,22,25,26,28,33,36,41,45,49,57,65,72,73,19,21,23,29,37,69,77,27,59,61,30,60,75,71,53,62,74,47,52,54,50,67,39,46,55,31,70,38,51,66,78,42,79,58,35,63,34,+43 MissingAxioms=0,1,3,5,7,8,16,24,32,40,44,48,56,64,68,76 TotalTime=2.6
Step=64 PrevRays=  9866 ResultRays=  9574 RayPairs=   9165754 NewAxiom=45 PrevAxioms=2,4,6,9,10,11,12,13,14,15,17,18,20,22,25,26,28,33,36,41,46,49,57,65,72,73,19,21,23,29,37,27,59,67,75,61,30,60,53,62,47,74,55,31,38,77,51,66,69,52,39,50,54,63,79,43,35,71,58,70,78,42,34,+45 MissingAxioms=0,1,3,5,7,8,16,24,32,40,44,48,56,64,68,76 TotalTime=2.9
Step=64 PrevRays=  9866 ResultRays=  9574 RayPairs=   9165754 NewAxiom=46 PrevAxioms=2,4,6,9,10,11,12,13,14,15,17,18,20,22,25,26,28,33,36,41,45,49,57,65,72,73,19,21,23,29,37,69,77,27,59,61,30,60,75,71,53,62,74,47,52,54,50,67,43,39,42,70,55,35,79,31,51,38,66,78,63,58,34,+46 MissingAxioms=0,1,3,5,7,8,16,24,32,40,44,48,56,64,68,76 TotalTime=2.3
Step=64 PrevRays=  8926 ResultRays=  9574 RayPairs=   6741900 NewAxiom=47 PrevAxioms=2,4,6,9,10,11,12,13,14,15,17,18,20,22,25,26,28,33,36,41,45,49,57,65,72,73,19,21,23,29,37,69,77,27,59,61,30,60,75,71,53,62,74,70,39,67,55,31,51,38,66,52,54,50,78,43,42,79,63,35,46,34,58,+47 MissingAxioms=0,1,3,5,7,8,16,24,32,40,44,48,56,64,68,76 TotalTime=2.0
Step=64 PrevRays=  9752 ResultRays=  9574 RayPairs=  11553520 NewAxiom=49 PrevAxioms=2,4,6,9,10,11,12,13,14,15,17,18,20,22,25,26,28,33,36,41,45,50,57,65,72,73,19,21,23,29,37,69,77,27,59,61,30,54,60,75,71,67,52,53,47,74,43,39,70,79,35,62,42,55,34,31,46,78,51,38,66,63,58,+49 MissingAxioms=0,1,3,5,7,8,16,24,32,40,44,48,56,64,68,76 TotalTime=2.8
Step=64 PrevRays=  9110 ResultRays=  9574 RayPairs=   9479934 NewAxiom=50 PrevAxioms=2,4,6,9,10,11,12,13,14,15,17,18,20,22,25,26,28,33,36,41,45,49,57,65,72,73,19,21,23,29,37,69,77,27,59,61,30,60,75,71,53,62,74,47,52,54,67,43,39,46,55,31,70,42,51,66,38,79,35,34,58,63,78,+50 MissingAxioms=0,1,3,5,7,8,16,24,32,40,44,48,56,64,68,76 TotalTime=2.1
Step=64 PrevRays=  9752 ResultRays=  9574 RayPairs=   7389495 NewAxiom=51 PrevAxioms=2,4,6,9,10,11,12,13,14,15,17,18,20,22,25,26,28,33,36,41,45,49,57,65,72,73,19,21,23,29,37,69,77,27,59,61,30,60,75,71,53,62,74,47,52,54,50,67,43,39,46,55,31,70,42,38,35,79,78,66,34,63,58,+51 MissingAxioms=0,1,3,5,7,8,16,24,32,40,44,48,56,64,68,76 TotalTime=2.4
Step=64 PrevRays= 10520 ResultRays=  9574 RayPairs=  13128375 NewAxiom=52 PrevAxioms=2,4,6,9,10,11,12,13,14,15,17,18,20,22,25,26,28,33,36,41,45,49,57,65,72,73,19,21,23,29,37,69,77,27,59,61,30,60,75,71,53,62,74,47,67,43,42,51,46,66,38,39,79,35,34,58,54,31,63,50,78,55,70,+52 MissingAxioms=0,1,3,5,7,8,16,24,32,40,44,48,56,64,68,76 TotalTime=3.4
Step=64 PrevRays=  9921 ResultRays=  9574 RayPairs=   6253380 NewAxiom=53 PrevAxioms=2,4,6,9,10,11,12,13,14,15,17,18,20,22,25,26,28,33,36,41,45,49,57,65,72,73,19,21,23,29,37,69,77,27,59,61,30,60,75,71,52,54,47,50,74,67,43,39,70,62,55,46,31,42,38,35,79,51,66,78,34,63,58,+53 MissingAxioms=0,1,3,5,7,8,16,24,32,40,44,48,56,64,68,76 TotalTime=2.4
Step=64 PrevRays=  9211 ResultRays=  9574 RayPairs=   6213098 NewAxiom=54 PrevAxioms=2,4,6,9,10,11,12,13,14,15,17,18,20,22,25,26,28,33,36,41,45,49,57,65,72,73,19,21,23,29,37,69,77,27,59,61,30,60,75,71,53,62,74,47,52,50,67,43,42,39,46,55,70,66,78,38,35,51,79,58,34,31,63,+54 MissingAxioms=0,1,3,5,7,8,16,24,32,40,44,48,56,64,68,76 TotalTime=2.7
Step=64 PrevRays=  9234 ResultRays=  9574 RayPairs=   8415148 NewAxiom=55 PrevAxioms=2,4,6,9,10,11,12,13,14,15,17,18,20,22,25,26,28,33,36,41,45,49,57,65,72,73,19,21,23,29,37,69,77,27,59,61,30,60,75,71,53,62,74,47,52,54,50,67,43,39,46,42,31,63,35,51,38,79,66,34,78,70,58,+55 MissingAxioms=0,1,3,5,7,8,16,24,32,40,44,48,56,64,68,76 TotalTime=2.3
Step=64 PrevRays=  9752 ResultRays=  9574 RayPairs=  11553520 NewAxiom=57 PrevAxioms=2,4,6,9,10,11,12,13,14,15,17,18,20,22,25,26,28,33,36,41,45,49,58,65,72,73,19,21,23,29,37,69,77,27,35,43,53,38,52,42,31,75,70,54,71,74,55,46,34,62,63,61,30,51,47,67,39,79,59,60,66,78,50,+57 MissingAxioms=0,1,3,5,7,8,16,24,32,40,44,48,56,64,68,76 TotalTime=3.6
Step=64 PrevRays=  9110 ResultRays=  9574 RayPairs=   9479934 NewAxiom=58 PrevAxioms=2,4,6,9,10,11,12,13,14,15,17,18,20,22,25,26,28,33,36,41,45,49,57,65,72,73,19,21,23,29,37,69,77,27,59,61,30,60,75,71,53,62,74,47,52,54,50,67,43,39,46,55,31,70,42,38,35,79,51,66,78,63,34,+58 MissingAxioms=0,1,3,5,7,8,16,24,32,40,44,48,56,64,68,76 TotalTime=2.2
Step=64 PrevRays=  9752 ResultRays=  9574 RayPairs=   7389495 NewAxiom=59 PrevAxioms=2,4,6,9,10,11,12,13,14,15,17,18,20,22,25,26,28,33,36,41,45,49,57,65,72,73,19,21,23,29,37,69,77,27,61,67,75,60,30,53,62,47,52,55,39,46,50,54,31,38,43,71,35,70,42,51,79,78,66,63,34,58,74,+59 MissingAxioms=0,1,3,5,7,8,16,24,32,40,44,48,56,64,68,76 TotalTime=2.3
Step=64 PrevRays= 10520 ResultRays=  9574 RayPairs=  13128375 NewAxiom=60 PrevAxioms=2,4,6,9,10,11,12,13,14,15,17,18,20,22,25,26,28,33,36,41,45,49,57,65,72,73,19,21,23,29,37,69,77,27,59,61,30,67,75,53,47,52,54,63,50,39,46,74,35,43,79,31,71,70,42,55,62,51,38,66,78,34,58,+60 MissingAxioms=0,1,3,5,7,8,16,24,32,40,44,48,56,64,68,76 TotalTime=2.3
Step=64 PrevRays=  9921 ResultRays=  9574 RayPairs=   6253380 NewAxiom=61 PrevAxioms=2,4,6,9,10,11,12,13,14,15,17,18,20,22,25,26,28,33,36,41,45,49,57,65,72,73,19,21,23,29,37,69,77,27,59,67,75,30,53,71,52,54,43,35,50,47,74,46,60,38,31,70,62,42,51,79,66,78,63,55,58,39,34,+61 MissingAxioms=0,1,3,5,7,8,16,24,32,40,44,48,56,64,68,76 TotalTime=2.2
Step=64 PrevRays=  9211 ResultRays=  9574 RayPairs=   6213098 NewAxiom=62 PrevAxioms=2,4,6,9,10,11,12,13,14,15,17,18,20,22,25,26,28,33,36,41,45,49,57,65,72,73,19,21,23,29,37,69,77,27,59,61,30,60,75,71,53,70,74,47,52,54,67,38,31,50,43,42,63,35,51,79,66,58,55,78,46,39,34,+62 MissingAxioms=0,1,3,5,7,8,16,24,32,40,44,48,56,64,68,76 TotalTime=2.9
Step=64 PrevRays=  9234 ResultRays=  9574 RayPairs=   8415148 NewAxiom=63 PrevAxioms=2,4,6,9,10,11,12,13,14,15,17,18,20,22,25,26,28,33,36,41,45,49,57,65,72,73,19,21,23,29,37,69,77,27,59,61,30,60,75,71,53,62,74,47,52,54,50,67,43,39,46,55,31,70,42,38,35,79,51,66,78,34,58,+63 MissingAxioms=0,1,3,5,7,8,16,24,32,40,44,48,56,64,68,76 TotalTime=2.3
Step=64 PrevRays=  9568 ResultRays=  9574 RayPairs=  10596150 NewAxiom=65 PrevAxioms=2,4,6,9,10,11,12,13,14,15,17,18,20,22,25,26,28,33,36,41,45,49,57,66,72,73,19,21,23,29,37,77,27,59,61,30,60,75,47,53,62,74,46,55,52,31,38,51,67,39,50,54,63,35,43,79,71,69,42,78,34,70,58,+65 MissingAxioms=0,1,3,5,7,8,16,24,32,40,44,48,56,64,68,76 TotalTime=2.3
Step=64 PrevRays=  9568 ResultRays=  9574 RayPairs=  10596150 NewAxiom=66 PrevAxioms=2,4,6,9,10,11,12,13,14,15,17,18,20,22,25,26,28,33,36,41,45,49,57,65,72,73,19,21,23,29,37,69,77,27,59,61,30,60,75,71,53,62,74,47,52,54,50,67,43,39,46,55,31,70,42,38,35,79,51,78,34,63,58,+66 MissingAxioms=0,1,3,5,7,8,16,24,32,40,44,48,56,64,68,76 TotalTime=2.3
Step=64 PrevRays=  9956 ResultRays=  9574 RayPairs=   6580512 NewAxiom=67 PrevAxioms=2,4,6,9,10,11,12,13,14,15,17,18,20,22,25,26,28,33,36,41,45,49,57,65,72,73,19,21,23,29,37,69,77,27,59,61,30,60,75,71,53,62,74,47,52,54,50,43,39,46,31,55,70,38,35,79,51,42,78,66,58,63,34,+67 MissingAxioms=0,1,3,5,7,8,16,24,32,40,44,48,56,64,68,76 TotalTime=2.5
Step=64 PrevRays=  9866 ResultRays=  9574 RayPairs=   9165754 NewAxiom=69 PrevAxioms=2,4,6,9,10,11,12,13,14,15,17,18,20,22,25,26,28,33,36,41,45,49,57,65,72,73,19,21,23,29,37,77,27,59,67,61,30,60,75,47,53,62,74,46,55,52,31,38,51,39,50,66,54,63,35,43,79,71,42,70,78,34,58,+69 MissingAxioms=0,1,3,5,7,8,16,24,32,40,44,48,56,64,68,76 TotalTime=2.2
Step=64 PrevRays=  9866 ResultRays=  9574 RayPairs=   9165754 NewAxiom=70 PrevAxioms=2,4,6,9,10,11,12,13,14,15,17,18,20,22,25,26,28,33,36,41,45,49,57,65,72,73,19,21,23,29,37,69,77,27,59,61,30,60,75,71,53,62,74,47,52,54,50,67,43,39,46,55,31,38,42,35,66,51,79,78,63,34,58,+70 MissingAxioms=0,1,3,5,7,8,16,24,32,40,44,48,56,64,68,76 TotalTime=2.5
Step=64 PrevRays=  8926 ResultRays=  9574 RayPairs=   6741900 NewAxiom=71 PrevAxioms=2,4,6,9,10,11,12,13,14,15,17,18,20,22,25,26,28,33,36,41,45,49,57,65,72,73,19,21,23,29,37,69,77,27,59,61,30,60,75,47,53,62,74,46,55,67,52,31,38,51,39,50,66,54,63,79,43,35,42,78,70,58,34,+71 MissingAxioms=0,1,3,5,7,8,16,24,32,40,44,48,56,64,68,76 TotalTime=2.1
! VaryAxiom=72 NoInitialAxiomSet
Step=64 PrevRays=  9023 ResultRays=  9574 RayPairs=   9209420 NewAxiom=73 PrevAxioms=2,4,6,9,10,11,12,13,14,15,17,18,20,22,25,26,28,33,36,41,45,49,57,65,72,74,19,21,23,29,37,69,27,59,61,30,60,53,67,75,47,62,52,46,55,38,31,51,63,66,39,43,35,54,34,58,79,77,71,70,50,78,42,+73 MissingAxioms=0,1,3,5,7,8,16,24,32,40,44,48,56,64,68,76 TotalTime=2.9
Step=64 PrevRays=  9023 ResultRays=  9574 RayPairs=   9209420 NewAxiom=74 PrevAxioms=2,4,6,9,10,11,12,13,14,15,17,18,20,22,25,26,28,33,36,41,45,49,57,65,72,73,19,21,23,29,37,69,77,27,59,61,30,60,75,71,53,62,70,52,39,55,54,50,63,35,43,42,67,79,51,31,34,78,38,47,58,46,66,+74 MissingAxioms=0,1,3,5,7,8,16,24,32,40,44,48,56,64,68,76 TotalTime=2.4
Step=64 PrevRays=  9407 ResultRays=  9574 RayPairs=   3518048 NewAxiom=75 PrevAxioms=2,4,6,9,10,11,12,13,14,15,17,18,20,22,25,26,28,33,36,41,45,49,57,65,72,73,19,21,23,29,37,69,77,27,59,61,30,60,53,67,47,62,52,46,55,38,31,51,66,39,43,71,54,50,74,79,35,42,70,78,34,63,58,+75 MissingAxioms=0,1,3,5,7,8,16,24,32,40,44,48,56,64,68,76 TotalTime=2.5
Step=64 PrevRays=  9934 ResultRays=  9574 RayPairs=   9891609 NewAxiom=77 PrevAxioms=2,4,6,9,10,11,12,13,14,15,17,18,20,22,25,26,28,33,36,41,45,49,57,65,72,73,19,21,23,29,37,69,27,59,75,61,30,60,71,53,62,74,47,52,54,50,67,43,42,35,51,79,70,55,31,38,63,66,78,46,39,34,58,+77 MissingAxioms=0,1,3,5,7,8,16,24,32,40,44,48,56,64,68,76 TotalTime=2.6
Step=64 PrevRays=  9934 ResultRays=  9574 RayPairs=   9891609 NewAxiom=78 PrevAxioms=2,4,6,9,10,11,12,13,14,15,17,18,20,22,25,26,28,33,36,41,45,49,57,65,72,73,19,21,23,29,37,69,77,27,59,61,30,60,75,71,53,62,74,47,52,54,50,67,43,39,46,55,31,70,42,38,35,79,51,66,34,63,58,+78 MissingAxioms=0,1,3,5,7,8,16,24,32,40,44,48,56,64,68,76 TotalTime=2.4
Step=64 PrevRays=  8878 ResultRays=  9574 RayPairs=   6196240 NewAxiom=79 PrevAxioms=2,4,6,9,10,11,12,13,14,15,17,18,20,22,25,26,28,33,36,41,45,49,57,65,72,73,19,21,23,29,37,69,77,27,59,61,30,60,75,71,53,62,74,47,52,54,50,67,43,39,46,55,31,70,42,38,35,66,78,51,63,34,58,+79 MissingAxioms=0,1,3,5,7,8,16,24,32,40,44,48,56,64,68,76 TotalTime=2.2

Ordered by number of ray pairs:
Step=64 ########...................... (min) Axiom75 43(0,1) - g2 f(0,1,3) + f(0,1,4) >= f(0,1) + f(0,1,2,3,4)
Step=64 #########..................... Axiom6 10(3,4) - g2 f(0,3,4) + f(1,3,4) >= f(0,1,2,3,4) + f(3,4)
Step=64 ##############................ Axiom79 43(0,1,2) - g3 f(0,1,2,3,4) >= f(0,1,2)
Step=64 ##############................ Axiom30 30(2,4) - g2 f(0,2,4) + f(2,3,4) >= f(0,1,2,3,4) + f(2,4)
Step=64 ##############................ Axiom38 31(2,4) - g2 f(1,2,4) + f(2,3,4) >= f(0,1,2,3,4) + f(2,4)
Step=64 ##############................ Axiom54 40(2,3) - g2 f(0,2,3) + f(2,3,4) >= f(2,3) + f(0,1,2,3,4)
Step=64 ##############................ Axiom62 41(2,3) - g2 f(1,2,3) + f(2,3,4) >= f(2,3) + f(0,1,2,3,4)
Step=64 ##############................ Axiom29 30(1,4) - g2 f(0,1,4) + f(1,3,4) >= f(0,1,2,3,4) + f(1,4)
Step=64 ##############................ Axiom37 31(0,4) - g2 f(0,1,4) + f(0,3,4) >= f(0,1,2,3,4) + f(0,4)
Step=64 ##############................ Axiom53 40(1,3) - g2 f(0,1,3) + f(1,3,4) >= f(1,3) + f(0,1,2,3,4)
Step=64 ##############................ Axiom61 41(0,3) - g2 f(0,1,3) + f(0,3,4) >= f(0,3) + f(0,1,2,3,4)
Step=64 ##############................ Axiom2 10(3) - g1 f(0,3) + f(1,3) >= f(3) + f(0,1,3)
Step=64 ##############................ Axiom4 10(4) - g1 f(0,4) + f(1,4) >= f(4) + f(0,1,4)
Step=64 ###############............... Axiom43 32(0,1) - g2 f(0,1,2) + f(0,1,3) >= f(0,1) + f(0,1,2,3,4)
Step=64 ###############............... Axiom67 42(0,1) - g2 f(0,1,2) + f(0,1,4) >= f(0,1) + f(0,1,2,3,4)
Step=64 ###############............... Axiom47 32(0,1,4) - g3 f(0,1,2,3,4) >= f(0,1,4)
Step=64 ###############............... Axiom71 42(0,1,3) - g3 f(0,1,2,3,4) >= f(0,1,3)
Step=64 #################............. Axiom27 30(1,2) - g2 f(0,1,2) + f(1,2,3) >= f(1,2) + f(0,1,2,3,4)
Step=64 #################............. Axiom35 31(0,2) - g2 f(0,1,2) + f(0,2,3) >= f(0,2) + f(0,1,2,3,4)
Step=64 #################............. Axiom51 40(1,2) - g2 f(0,1,2) + f(1,2,4) >= f(1,2) + f(0,1,2,3,4)
Step=64 #################............. Axiom59 41(0,2) - g2 f(0,1,2) + f(0,2,4) >= f(0,2) + f(0,1,2,3,4)
Step=64 ###################........... Axiom11 20(1,3) - g2 f(0,1,3) + f(1,2,3) >= f(1,3) + f(0,1,2,3,4)
Step=64 ###################........... Axiom13 20(1,4) - g2 f(0,1,4) + f(1,2,4) >= f(0,1,2,3,4) + f(1,4)
Step=64 ###################........... Axiom19 21(0,3) - g2 f(0,1,3) + f(0,2,3) >= f(0,3) + f(0,1,2,3,4)
Step=64 ###################........... Axiom21 21(0,4) - g2 f(0,1,4) + f(0,2,4) >= f(0,1,2,3,4) + f(0,4)
Step=64 ###################........... Axiom31 30(1,2,4) - g3 f(0,1,2,3,4) >= f(1,2,4)
Step=64 ###################........... Axiom39 31(0,2,4) - g3 f(0,1,2,3,4) >= f(0,2,4)
Step=64 ###################........... Axiom55 40(1,2,3) - g3 f(0,1,2,3,4) >= f(1,2,3)
Step=64 ###################........... Axiom63 41(0,2,3) - g3 f(0,1,2,3,4) >= f(0,2,3)
Step=64 ###################........... Axiom14 20(3,4) - g2 f(0,3,4) + f(2,3,4) >= f(0,1,2,3,4) + f(3,4)
Step=64 ###################........... Axiom22 21(3,4) - g2 f(1,3,4) + f(2,3,4) >= f(0,1,2,3,4) + f(3,4)
Step=64 ####################.......... Axiom9 20(1) - g1 f(0,1) + f(1,2) >= f(1) + f(0,1,2)
Step=64 ####################.......... Axiom17 21(0) - g1 f(0,1) + f(0,2) >= f(0) + f(0,1,2)
Step=64 ####################.......... Axiom10 20(3) - g1 f(0,3) + f(2,3) >= f(3) + f(0,2,3)
Step=64 ####################.......... Axiom12 20(4) - g1 f(0,4) + f(2,4) >= f(4) + f(0,2,4)
Step=64 ####################.......... Axiom18 21(3) - g1 f(1,3) + f(2,3) >= f(3) + f(1,2,3)
Step=64 ####################.......... Axiom20 21(4) - g1 f(1,4) + f(2,4) >= f(4) + f(1,2,4)
Step=64 #####################......... Axiom45 32(0,4) - g2 f(0,2,4) + f(0,3,4) >= f(0,1,2,3,4) + f(0,4)
Step=64 #####################......... Axiom46 32(1,4) - g2 f(1,2,4) + f(1,3,4) >= f(0,1,2,3,4) + f(1,4)
Step=64 #####################......... Axiom69 42(0,3) - g2 f(0,2,3) + f(0,3,4) >= f(0,3) + f(0,1,2,3,4)
Step=64 #####################......... Axiom70 42(1,3) - g2 f(1,2,3) + f(1,3,4) >= f(1,3) + f(0,1,2,3,4)
Step=64 #####################......... Axiom73 43(0) - g1 f(0,3) + f(0,4) >= f(0) + f(0,3,4)
Step=64 #####################......... Axiom74 43(1) - g1 f(1,3) + f(1,4) >= f(1) + f(1,3,4)
Step=64 #####################......... Axiom15 20(1,3,4) - g3 f(0,1,2,3,4) >= f(1,3,4)
Step=64 #####################......... Axiom23 21(0,3,4) - g3 f(0,1,2,3,4) >= f(0,3,4)
Step=64 ######################........ Axiom26 30(2) - g1 f(0,2) + f(2,3) >= f(2) + f(0,2,3)
Step=64 ######################........ Axiom34 31(2) - g1 f(1,2) + f(2,3) >= f(2) + f(1,2,3)
Step=64 ######################........ Axiom50 40(2) - g1 f(0,2) + f(2,4) >= f(2) + f(0,2,4)
Step=64 ######################........ Axiom58 41(2) - g1 f(1,2) + f(2,4) >= f(2) + f(1,2,4)
Step=64 #######################....... Axiom77 43(0,2) - g2 f(0,2,3) + f(0,2,4) >= f(0,2) + f(0,1,2,3,4)
Step=64 #######################....... Axiom78 43(1,2) - g2 f(1,2,3) + f(1,2,4) >= f(1,2) + f(0,1,2,3,4)
Step=64 ########################...... Axiom41 32(0) - g1 f(0,2) + f(0,3) >= f(0) + f(0,2,3)
Step=64 ########################...... Axiom42 32(1) - g1 f(1,2) + f(1,3) >= f(1) + f(1,2,3)
Step=64 ########################...... Axiom65 42(0) - g1 f(0,2) + f(0,4) >= f(0) + f(0,2,4)
Step=64 ########################...... Axiom66 42(1) - g1 f(1,2) + f(1,4) >= f(1) + f(1,2,4)
Step=64 ##########################.... Axiom25 30(1) - g1 f(0,1) + f(1,3) >= f(1) + f(0,1,3)
Step=64 ##########################.... Axiom33 31(0) - g1 f(0,1) + f(0,3) >= f(0) + f(0,1,3)
Step=64 ##########################.... Axiom49 40(1) - g1 f(0,1) + f(1,4) >= f(1) + f(0,1,4)
Step=64 ##########################.... Axiom57 41(0) - g1 f(0,1) + f(0,4) >= f(0) + f(0,1,4)
Step=64 ############################## Axiom28 30(4) - g1 f(0,4) + f(3,4) >= f(4) + f(0,3,4)
Step=64 ############################## Axiom36 31(4) - g1 f(1,4) + f(3,4) >= f(4) + f(1,3,4)
Step=64 ############################## Axiom52 40(3) - g1 f(0,3) + f(3,4) >= f(3) + f(0,3,4)
Step=64 ############################## Axiom60 41(3) - g1 f(1,3) + f(3,4) >= f(3) + f(1,3,4)

Ordered by number of previous rays:
Step=64 $$$$$$$$$$$$$$$$$$$$$$$....... (min) Axiom2 10(3) - g1 f(0,3) + f(1,3) >= f(3) + f(0,1,3)
Step=64 $$$$$$$$$$$$$$$$$$$$$$$....... (min) Axiom4 10(4) - g1 f(0,4) + f(1,4) >= f(4) + f(0,1,4)
Step=64 $$$$$$$$$$$$$$$$$$$$$$$$$..... Axiom6 10(3,4) - g2 f(0,3,4) + f(1,3,4) >= f(0,1,2,3,4) + f(3,4)
Step=64 $$$$$$$$$$$$$$$$$$$$$$$$$..... Axiom79 43(0,1,2) - g3 f(0,1,2,3,4) >= f(0,1,2)
Step=64 $$$$$$$$$$$$$$$$$$$$$$$$$..... Axiom47 32(0,1,4) - g3 f(0,1,2,3,4) >= f(0,1,4)
Step=64 $$$$$$$$$$$$$$$$$$$$$$$$$..... Axiom71 42(0,1,3) - g3 f(0,1,2,3,4) >= f(0,1,3)
Step=64 $$$$$$$$$$$$$$$$$$$$$$$$$$.... Axiom10 20(3) - g1 f(0,3) + f(2,3) >= f(3) + f(0,2,3)
Step=64 $$$$$$$$$$$$$$$$$$$$$$$$$$.... Axiom12 20(4) - g1 f(0,4) + f(2,4) >= f(4) + f(0,2,4)
Step=64 $$$$$$$$$$$$$$$$$$$$$$$$$$.... Axiom18 21(3) - g1 f(1,3) + f(2,3) >= f(3) + f(1,2,3)
Step=64 $$$$$$$$$$$$$$$$$$$$$$$$$$.... Axiom20 21(4) - g1 f(1,4) + f(2,4) >= f(4) + f(1,2,4)
Step=64 $$$$$$$$$$$$$$$$$$$$$$$$$$.... Axiom73 43(0) - g1 f(0,3) + f(0,4) >= f(0) + f(0,3,4)
Step=64 $$$$$$$$$$$$$$$$$$$$$$$$$$.... Axiom74 43(1) - g1 f(1,3) + f(1,4) >= f(1) + f(1,3,4)
Step=64 $$$$$$$$$$$$$$$$$$$$$$$$$$.... Axiom26 30(2) - g1 f(0,2) + f(2,3) >= f(2) + f(0,2,3)
Step=64 $$$$$$$$$$$$$$$$$$$$$$$$$$.... Axiom34 31(2) - g1 f(1,2) + f(2,3) >= f(2) + f(1,2,3)
Step=64 $$$$$$$$$$$$$$$$$$$$$$$$$$.... Axiom50 40(2) - g1 f(0,2) + f(2,4) >= f(2) + f(0,2,4)
Step=64 $$$$$$$$$$$$$$$$$$$$$$$$$$.... Axiom58 41(2) - g1 f(1,2) + f(2,4) >= f(2) + f(1,2,4)
Step=64 $$$$$$$$$$$$$$$$$$$$$$$$$$.... Axiom9 20(1) - g1 f(0,1) + f(1,2) >= f(1) + f(0,1,2)
Step=64 $$$$$$$$$$$$$$$$$$$$$$$$$$.... Axiom17 21(0) - g1 f(0,1) + f(0,2) >= f(0) + f(0,1,2)
Step=64 $$$$$$$$$$$$$$$$$$$$$$$$$$.... Axiom30 30(2,4) - g2 f(0,2,4) + f(2,3,4) >= f(0,1,2,3,4) + f(2,4)
Step=64 $$$$$$$$$$$$$$$$$$$$$$$$$$.... Axiom38 31(2,4) - g2 f(1,2,4) + f(2,3,4) >= f(0,1,2,3,4) + f(2,4)
Step=64 $$$$$$$$$$$$$$$$$$$$$$$$$$.... Axiom54 40(2,3) - g2 f(0,2,3) + f(2,3,4) >= f(2,3) + f(0,1,2,3,4)
Step=64 $$$$$$$$$$$$$$$$$$$$$$$$$$.... Axiom62 41(2,3) - g2 f(1,2,3) + f(2,3,4) >= f(2,3) + f(0,1,2,3,4)
Step=64 $$$$$$$$$$$$$$$$$$$$$$$$$$.... Axiom31 30(1,2,4) - g3 f(0,1,2,3,4) >= f(1,2,4)
Step=64 $$$$$$$$$$$$$$$$$$$$$$$$$$.... Axiom39 31(0,2,4) - g3 f(0,1,2,3,4) >= f(0,2,4)
Step=64 $$$$$$$$$$$$$$$$$$$$$$$$$$.... Axiom55 40(1,2,3) - g3 f(0,1,2,3,4) >= f(1,2,3)
Step=64 $$$$$$$$$$$$$$$$$$$$$$$$$$.... Axiom63 41(0,2,3) - g3 f(0,1,2,3,4) >= f(0,2,3)
Step=64 $$$$$$$$$$$$$$$$$$$$$$$$$$$... Axiom75 43(0,1) - g2 f(0,1,3) + f(0,1,4) >= f(0,1) + f(0,1,2,3,4)
Step=64 $$$$$$$$$$$$$$$$$$$$$$$$$$$... Axiom41 32(0) - g1 f(0,2) + f(0,3) >= f(0) + f(0,2,3)
Step=64 $$$$$$$$$$$$$$$$$$$$$$$$$$$... Axiom42 32(1) - g1 f(1,2) + f(1,3) >= f(1) + f(1,2,3)
Step=64 $$$$$$$$$$$$$$$$$$$$$$$$$$$... Axiom65 42(0) - g1 f(0,2) + f(0,4) >= f(0) + f(0,2,4)
Step=64 $$$$$$$$$$$$$$$$$$$$$$$$$$$... Axiom66 42(1) - g1 f(1,2) + f(1,4) >= f(1) + f(1,2,4)
Step=64 $$$$$$$$$$$$$$$$$$$$$$$$$$$... Axiom14 20(3,4) - g2 f(0,3,4) + f(2,3,4) >= f(0,1,2,3,4) + f(3,4)
Step=64 $$$$$$$$$$$$$$$$$$$$$$$$$$$... Axiom22 21(3,4) - g2 f(1,3,4) + f(2,3,4) >= f(0,1,2,3,4) + f(3,4)
Step=64 $$$$$$$$$$$$$$$$$$$$$$$$$$$$.. Axiom15 20(1,3,4) - g3 f(0,1,2,3,4) >= f(1,3,4)
Step=64 $$$$$$$$$$$$$$$$$$$$$$$$$$$$.. Axiom23 21(0,3,4) - g3 f(0,1,2,3,4) >= f(0,3,4)
Step=64 $$$$$$$$$$$$$$$$$$$$$$$$$$$$.. Axiom25 30(1) - g1 f(0,1) + f(1,3) >= f(1) + f(0,1,3)
Step=64 $$$$$$$$$$$$$$$$$$$$$$$$$$$$.. Axiom27 30(1,2) - g2 f(0,1,2) + f(1,2,3) >= f(1,2) + f(0,1,2,3,4)
Step=64 $$$$$$$$$$$$$$$$$$$$$$$$$$$$.. Axiom33 31(0) - g1 f(0,1) + f(0,3) >= f(0) + f(0,1,3)
Step=64 $$$$$$$$$$$$$$$$$$$$$$$$$$$$.. Axiom35 31(0,2) - g2 f(0,1,2) + f(0,2,3) >= f(0,2) + f(0,1,2,3,4)
Step=64 $$$$$$$$$$$$$$$$$$$$$$$$$$$$.. Axiom49 40(1) - g1 f(0,1) + f(1,4) >= f(1) + f(0,1,4)
Step=64 $$$$$$$$$$$$$$$$$$$$$$$$$$$$.. Axiom51 40(1,2) - g2 f(0,1,2) + f(1,2,4) >= f(1,2) + f(0,1,2,3,4)
Step=64 $$$$$$$$$$$$$$$$$$$$$$$$$$$$.. Axiom57 41(0) - g1 f(0,1) + f(0,4) >= f(0) + f(0,1,4)
Step=64 $$$$$$$$$$$$$$$$$$$$$$$$$$$$.. Axiom59 41(0,2) - g2 f(0,1,2) + f(0,2,4) >= f(0,2) + f(0,1,2,3,4)
Step=64 $$$$$$$$$$$$$$$$$$$$$$$$$$$$.. Axiom45 32(0,4) - g2 f(0,2,4) + f(0,3,4) >= f(0,1,2,3,4) + f(0,4)
Step=64 $$$$$$$$$$$$$$$$$$$$$$$$$$$$.. Axiom46 32(1,4) - g2 f(1,2,4) + f(1,3,4) >= f(0,1,2,3,4) + f(1,4)
Step=64 $$$$$$$$$$$$$$$$$$$$$$$$$$$$.. Axiom69 42(0,3) - g2 f(0,2,3) + f(0,3,4) >= f(0,3) + f(0,1,2,3,4)
Step=64 $$$$$$$$$$$$$$$$$$$$$$$$$$$$.. Axiom70 42(1,3) - g2 f(1,2,3) + f(1,3,4) >= f(1,3) + f(0,1,2,3,4)
Step=64 $$$$$$$$$$$$$$$$$$$$$$$$$$$$.. Axiom29 30(1,4) - g2 f(0,1,4) + f(1,3,4) >= f(0,1,2,3,4) + f(1,4)
Step=64 $$$$$$$$$$$$$$$$$$$$$$$$$$$$.. Axiom37 31(0,4) - g2 f(0,1,4) + f(0,3,4) >= f(0,1,2,3,4) + f(0,4)
Step=64 $$$$$$$$$$$$$$$$$$$$$$$$$$$$.. Axiom53 40(1,3) - g2 f(0,1,3) + f(1,3,4) >= f(1,3) + f(0,1,2,3,4)
Step=64 $$$$$$$$$$$$$$$$$$$$$$$$$$$$.. Axiom61 41(0,3) - g2 f(0,1,3) + f(0,3,4) >= f(0,3) + f(0,1,2,3,4)
Step=64 $$$$$$$$$$$$$$$$$$$$$$$$$$$$.. Axiom77 43(0,2) - g2 f(0,2,3) + f(0,2,4) >= f(0,2) + f(0,1,2,3,4)
Step=64 $$$$$$$$$$$$$$$$$$$$$$$$$$$$.. Axiom78 43(1,2) - g2 f(1,2,3) + f(1,2,4) >= f(1,2) + f(0,1,2,3,4)
Step=64 $$$$$$$$$$$$$$$$$$$$$$$$$$$$.. Axiom43 32(0,1) - g2 f(0,1,2) + f(0,1,3) >= f(0,1) + f(0,1,2,3,4)
Step=64 $$$$$$$$$$$$$$$$$$$$$$$$$$$$.. Axiom67 42(0,1) - g2 f(0,1,2) + f(0,1,4) >= f(0,1) + f(0,1,2,3,4)
Step=64 $$$$$$$$$$$$$$$$$$$$$$$$$$$$.. Axiom11 20(1,3) - g2 f(0,1,3) + f(1,2,3) >= f(1,3) + f(0,1,2,3,4)
Step=64 $$$$$$$$$$$$$$$$$$$$$$$$$$$$.. Axiom13 20(1,4) - g2 f(0,1,4) + f(1,2,4) >= f(0,1,2,3,4) + f(1,4)
Step=64 $$$$$$$$$$$$$$$$$$$$$$$$$$$$.. Axiom19 21(0,3) - g2 f(0,1,3) + f(0,2,3) >= f(0,3) + f(0,1,2,3,4)
Step=64 $$$$$$$$$$$$$$$$$$$$$$$$$$$$.. Axiom21 21(0,4) - g2 f(0,1,4) + f(0,2,4) >= f(0,1,2,3,4) + f(0,4)
Step=64 $$$$$$$$$$$$$$$$$$$$$$$$$$$$$$ Axiom28 30(4) - g1 f(0,4) + f(3,4) >= f(4) + f(0,3,4)
Step=64 $$$$$$$$$$$$$$$$$$$$$$$$$$$$$$ Axiom36 31(4) - g1 f(1,4) + f(3,4) >= f(4) + f(1,3,4)
Step=64 $$$$$$$$$$$$$$$$$$$$$$$$$$$$$$ Axiom52 40(3) - g1 f(0,3) + f(3,4) >= f(3) + f(0,3,4)
Step=64 $$$$$$$$$$$$$$$$$$$$$$$$$$$$$$ Axiom60 41(3) - g1 f(1,3) + f(3,4) >= f(3) + f(1,3,4)
