! VaryAxiom=6 NoInitialAxiomSet
Step=46 PrevRays=   320 ResultRays=   315 RayPairs=      2775 NewAxiom=9 PrevAxioms=6,10,11,12,13,14,17,18,20,22,25,26,27,28,29,33,36,43,49,50,57,63,66,72,73,78,19,21,37,35,53,34,38,30,54,61,75,74,52,59,60,62,58,51,67,+9 MissingAxioms=0,1,2,3,4,5,7,8,15,16,23,24,31,32,39,40,41,42,44,45,46,47,48,55,56,64,65,68,69,70,71,76,77,79
Step=46 PrevRays=   314 ResultRays=   315 RayPairs=      3910 NewAxiom=10 PrevAxioms=6,9,11,12,13,14,17,18,19,20,22,25,26,28,29,33,36,43,49,50,57,63,66,72,73,78,21,27,35,37,30,54,59,34,51,67,75,61,58,38,62,60,53,74,52,+10 MissingAxioms=0,1,2,3,4,5,7,8,15,16,23,24,31,32,39,40,41,42,44,45,46,47,48,55,56,64,65,68,69,70,71,76,77,79
Step=46 PrevRays=   290 ResultRays=   315 RayPairs=      3384 NewAxiom=11 PrevAxioms=6,9,10,12,13,14,17,18,19,20,22,25,26,28,29,33,36,43,49,50,57,63,66,72,73,78,21,35,37,51,67,53,38,59,30,54,52,61,75,74,58,27,34,62,60,+11 MissingAxioms=0,1,2,3,4,5,7,8,15,16,23,24,31,32,39,40,41,42,44,45,46,47,48,55,56,64,65,68,69,70,71,76,77,79
Step=46 PrevRays=   312 ResultRays=   315 RayPairs=      3751 NewAxiom=12 PrevAxioms=6,9,10,11,13,14,17,18,20,21,22,25,26,28,29,33,36,43,49,50,57,63,66,72,73,78,19,37,51,59,67,38,53,75,61,27,58,35,74,34,62,60,52,54,30,+12 MissingAxioms=0,1,2,3,4,5,7,8,15,16,23,24,31,32,39,40,41,42,44,45,46,47,48,55,56,64,65,68,69,70,71,76,77,79
Step=46 PrevRays=   330 ResultRays=   315 RayPairs=      4212 NewAxiom=13 PrevAxioms=6,9,10,11,12,14,17,18,20,21,22,25,26,28,29,33,36,43,49,50,57,63,66,72,73,78,19,30,38,53,59,54,27,35,52,37,61,75,74,60,62,34,58,51,67,+13 MissingAxioms=0,1,2,3,4,5,7,8,15,16,23,24,31,32,39,40,41,42,44,45,46,47,48,55,56,64,65,68,69,70,71,76,77,79
Step=46 PrevRays=   287 ResultRays=   315 RayPairs=      2573 NewAxiom=14 PrevAxioms=6,9,10,11,12,13,17,18,20,22,25,26,28,29,30,33,36,43,49,50,57,63,66,72,73,78,19,21,37,54,27,59,75,61,53,38,74,67,51,58,35,34,62,60,52,+14 MissingAxioms=0,1,2,3,4,5,7,8,15,16,23,24,31,32,39,40,41,42,44,45,46,47,48,55,56,64,65,68,69,70,71,76,77,79
Step=46 PrevRays=   283 ResultRays=   315 RayPairs=      2581 NewAxiom=17 PrevAxioms=6,9,10,11,12,13,14,18,20,22,25,26,28,29,33,34,36,43,49,50,57,63,66,72,73,78,19,21,37,27,61,75,35,30,38,51,67,54,53,74,52,60,62,58,59,+17 MissingAxioms=0,1,2,3,4,5,7,8,15,16,23,24,31,32,39,40,41,42,44,45,46,47,48,55,56,64,65,68,69,70,71,76,77,79
Step=46 PrevRays=   320 ResultRays=   315 RayPairs=      4025 NewAxiom=18 PrevAxioms=6,9,10,11,12,13,14,17,19,20,22,25,26,28,29,33,36,43,49,50,57,63,66,72,73,78,21,27,35,37,30,54,59,34,51,67,75,52,61,38,58,62,53,74,60,+18 MissingAxioms=0,1,2,3,4,5,7,8,15,16,23,24,31,32,39,40,41,42,44,45,46,47,48,55,56,64,65,68,69,70,71,76,77,79
Step=46 PrevRays=   302 ResultRays=   315 RayPairs=      3854 NewAxiom=19 PrevAxioms=6,9,10,11,12,13,14,17,18,20,22,25,26,28,29,33,36,43,49,50,57,63,66,72,73,78,21,27,37,59,75,61,30,54,51,67,52,38,53,74,58,35,34,62,60,+19 MissingAxioms=0,1,2,3,4,5,7,8,15,16,23,24,31,32,39,40,41,42,44,45,46,47,48,55,56,64,65,68,69,70,71,76,77,79
Step=46 PrevRays=   303 ResultRays=   315 RayPairs=      4386 NewAxiom=20 PrevAxioms=6,9,10,11,12,13,14,17,18,21,22,25,26,28,29,33,36,43,49,50,57,63,66,72,73,78,19,30,51,59,67,53,54,35,52,37,61,75,58,27,74,34,60,62,38,+20 MissingAxioms=0,1,2,3,4,5,7,8,15,16,23,24,31,32,39,40,41,42,44,45,46,47,48,55,56,64,65,68,69,70,71,76,77,79
Step=46 PrevRays=   292 ResultRays=   315 RayPairs=      3528 NewAxiom=21 PrevAxioms=6,9,10,11,12,13,14,17,18,20,22,25,26,28,29,33,36,43,49,50,57,63,66,72,73,78,19,30,38,51,67,35,53,54,52,37,61,75,27,74,34,60,62,58,59,+21 MissingAxioms=0,1,2,3,4,5,7,8,15,16,23,24,31,32,39,40,41,42,44,45,46,47,48,55,56,64,65,68,69,70,71,76,77,79
Step=46 PrevRays=   285 ResultRays=   315 RayPairs=      2340 NewAxiom=22 PrevAxioms=6,9,10,11,12,13,14,17,18,20,25,26,28,29,33,36,38,43,49,50,57,63,66,72,73,78,19,21,37,27,59,75,61,30,54,53,35,52,74,60,34,67,51,62,58,+22 MissingAxioms=0,1,2,3,4,5,7,8,15,16,23,24,31,32,39,40,41,42,44,45,46,47,48,55,56,64,65,68,69,70,71,76,77,79
Step=46 PrevRays=   318 ResultRays=   315 RayPairs=      3630 NewAxiom=25 PrevAxioms=6,9,10,11,12,13,14,17,18,20,22,26,27,28,29,33,36,43,49,50,57,63,66,72,73,78,19,21,37,35,51,67,34,38,61,75,30,54,52,59,58,62,60,53,74,+25 MissingAxioms=0,1,2,3,4,5,7,8,15,16,23,24,31,32,39,40,41,42,44,45,46,47,48,55,56,64,65,68,69,70,71,76,77,79
Step=46 PrevRays=   319 ResultRays=   315 RayPairs=      4212 NewAxiom=26 PrevAxioms=6,9,10,11,12,13,14,17,18,20,22,25,28,29,33,34,36,43,49,50,57,63,66,72,73,78,19,21,37,27,59,75,61,30,53,35,74,38,67,51,58,62,60,54,52,+26 MissingAxioms=0,1,2,3,4,5,7,8,15,16,23,24,31,32,39,40,41,42,44,45,46,47,48,55,56,64,65,68,69,70,71,76,77,79
Step=46 PrevRays=   289 ResultRays=   315 RayPairs=      3441 NewAxiom=27 PrevAxioms=6,9,10,11,12,13,14,17,18,20,22,25,26,28,29,33,36,43,49,50,57,63,66,72,73,78,19,21,37,35,51,67,53,38,61,75,74,30,54,52,59,58,60,62,34,+27 MissingAxioms=0,1,2,3,4,5,7,8,15,16,23,24,31,32,39,40,41,42,44,45,46,47,48,55,56,64,65,68,69,70,71,76,77,79
Step=46 PrevRays=   305 ResultRays=   315 RayPairs=      4452 NewAxiom=28 PrevAxioms=6,9,10,11,12,13,14,17,18,20,22,25,26,29,30,33,36,43,49,50,57,63,66,72,73,78,19,21,53,54,35,67,38,51,52,59,58,27,34,62,60,61,75,74,37,+28 MissingAxioms=0,1,2,3,4,5,7,8,15,16,23,24,31,32,39,40,41,42,44,45,46,47,48,55,56,64,65,68,69,70,71,76,77,79
Step=46 PrevRays=   311 ResultRays=   315 RayPairs=      3762 NewAxiom=29 PrevAxioms=6,9,10,11,12,13,14,17,18,20,22,25,26,28,33,36,37,43,49,50,57,63,66,72,73,78,19,21,61,75,27,30,54,59,38,51,67,58,35,34,62,60,52,53,74,+29 MissingAxioms=0,1,2,3,4,5,7,8,15,16,23,24,31,32,39,40,41,42,44,45,46,47,48,55,56,64,65,68,69,70,71,76,77,79
Step=46 PrevRays=   282 ResultRays=   315 RayPairs=      2244 NewAxiom=30 PrevAxioms=6,9,10,11,12,13,14,17,18,20,22,25,26,28,29,33,36,43,49,50,57,63,66,72,73,78,19,21,37,27,59,75,61,53,38,74,67,51,58,35,34,62,60,54,52,+30 MissingAxioms=0,1,2,3,4,5,7,8,15,16,23,24,31,32,39,40,41,42,44,45,46,47,48,55,56,64,65,68,69,70,71,76,77,79
Step=46 PrevRays=   322 ResultRays=   315 RayPairs=      3589 NewAxiom=33 PrevAxioms=6,9,10,11,12,13,14,17,18,20,22,25,26,28,29,34,36,43,49,50,57,63,66,72,73,78,19,21,37,27,59,35,30,53,38,67,51,54,52,58,62,60,61,75,74,+33 MissingAxioms=0,1,2,3,4,5,7,8,15,16,23,24,31,32,39,40,41,42,44,45,46,47,48,55,56,64,65,68,69,70,71,76,77,79
Step=46 PrevRays=   316 ResultRays=   315 RayPairs=      3861 NewAxiom=34 PrevAxioms=6,9,10,11,12,13,14,17,18,20,22,25,26,28,29,33,36,43,49,50,57,63,66,72,73,78,19,21,37,27,59,75,61,30,54,53,35,52,74,38,60,67,62,51,58,+34 MissingAxioms=0,1,2,3,4,5,7,8,15,16,23,24,31,32,39,40,41,42,44,45,46,47,48,55,56,64,65,68,69,70,71,76,77,79
Step=46 PrevRays=   302 ResultRays=   315 RayPairs=      3570 NewAxiom=35 PrevAxioms=6,9,10,11,12,13,14,17,18,20,22,25,26,28,29,33,36,43,49,50,57,63,66,72,73,78,19,21,37,27,59,75,61,30,54,53,52,74,38,60,67,62,51,58,34,+35 MissingAxioms=0,1,2,3,4,5,7,8,15,16,23,24,31,32,39,40,41,42,44,45,46,47,48,55,56,64,65,68,69,70,71,76,77,79
Step=46 PrevRays=   306 ResultRays=   315 RayPairs=      4520 NewAxiom=36 PrevAxioms=6,9,10,11,12,13,14,17,18,20,22,25,26,28,29,33,37,43,49,50,57,63,66,72,73,78,19,21,53,61,75,67,74,35,51,30,54,59,52,60,62,27,34,38,58,+36 MissingAxioms=0,1,2,3,4,5,7,8,15,16,23,24,31,32,39,40,41,42,44,45,46,47,48,55,56,64,65,68,69,70,71,76,77,79
Step=46 PrevRays=   322 ResultRays=   315 RayPairs=      3872 NewAxiom=37 PrevAxioms=6,9,10,11,12,13,14,17,18,20,22,25,26,28,29,33,36,43,49,50,57,63,66,72,73,78,19,21,53,35,67,38,51,30,54,59,52,58,27,34,62,60,61,75,74,+37 MissingAxioms=0,1,2,3,4,5,7,8,15,16,23,24,31,32,39,40,41,42,44,45,46,47,48,55,56,64,65,68,69,70,71,76,77,79
Step=46 PrevRays=   289 ResultRays=   315 RayPairs=      2403 NewAxiom=38 PrevAxioms=6,9,10,11,12,13,14,17,18,20,22,25,26,28,29,33,36,43,49,50,57,63,66,72,73,78,19,21,37,27,59,75,61,30,54,53,35,52,74,60,62,34,67,51,58,+38 MissingAxioms=0,1,2,3,4,5,7,8,15,16,23,24,31,32,39,40,41,42,44,45,46,47,48,55,56,64,65,68,69,70,71,76,77,79
! VaryAxiom=43 NoInitialAxiomSet
Step=46 PrevRays=   335 ResultRays=   315 RayPairs=      3960 NewAxiom=49 PrevAxioms=6,9,10,11,12,13,14,17,18,20,22,25,26,28,29,33,36,43,50,51,57,63,66,72,73,78,19,21,37,27,59,75,58,61,30,54,74,35,52,38,67,34,62,60,53,+49 MissingAxioms=0,1,2,3,4,5,7,8,15,16,23,24,31,32,39,40,41,42,44,45,46,47,48,55,56,64,65,68,69,70,71,76,77,79
Step=46 PrevRays=   312 ResultRays=   315 RayPairs=      3762 NewAxiom=50 PrevAxioms=6,9,10,11,12,13,14,17,18,20,22,25,26,28,29,33,36,43,49,52,57,63,66,72,73,78,19,21,37,27,59,75,61,30,53,54,35,74,38,60,34,67,62,51,58,+50 MissingAxioms=0,1,2,3,4,5,7,8,15,16,23,24,31,32,39,40,41,42,44,45,46,47,48,55,56,64,65,68,69,70,71,76,77,79
Step=46 PrevRays=   326 ResultRays=   315 RayPairs=      3906 NewAxiom=51 PrevAxioms=6,9,10,11,12,13,14,17,18,20,22,25,26,28,29,33,36,43,49,50,57,63,66,72,73,78,19,21,37,27,59,75,61,30,54,53,35,52,74,38,60,67,34,62,58,+51 MissingAxioms=0,1,2,3,4,5,7,8,15,16,23,24,31,32,39,40,41,42,44,45,46,47,48,55,56,64,65,68,69,70,71,76,77,79
Step=46 PrevRays=   303 ResultRays=   315 RayPairs=      4452 NewAxiom=52 PrevAxioms=6,9,10,11,12,13,14,17,18,20,22,25,26,28,29,33,36,43,49,50,57,63,66,72,73,78,19,21,37,27,59,75,61,30,54,53,35,74,38,67,51,58,34,62,60,+52 MissingAxioms=0,1,2,3,4,5,7,8,15,16,23,24,31,32,39,40,41,42,44,45,46,47,48,55,56,64,65,68,69,70,71,76,77,79
Step=46 PrevRays=   310 ResultRays=   315 RayPairs=      3472 NewAxiom=53 PrevAxioms=6,9,10,11,12,13,14,17,18,20,22,25,26,28,29,33,36,43,49,50,57,63,66,72,73,78,19,21,37,27,59,75,61,30,54,35,52,74,38,60,67,34,51,62,58,+53 MissingAxioms=0,1,2,3,4,5,7,8,15,16,23,24,31,32,39,40,41,42,44,45,46,47,48,55,56,64,65,68,69,70,71,76,77,79
Step=46 PrevRays=   283 ResultRays=   315 RayPairs=      2146 NewAxiom=54 PrevAxioms=6,9,10,11,12,13,14,17,18,20,22,25,26,28,29,33,36,43,49,50,57,63,66,72,73,78,19,21,37,27,59,75,61,30,53,35,52,74,38,60,67,34,62,51,58,+54 MissingAxioms=0,1,2,3,4,5,7,8,15,16,23,24,31,32,39,40,41,42,44,45,46,47,48,55,56,64,65,68,69,70,71,76,77,79
Step=46 PrevRays=   322 ResultRays=   315 RayPairs=      3626 NewAxiom=57 PrevAxioms=6,9,10,11,12,13,14,17,18,20,22,25,26,28,29,33,36,43,49,50,58,63,66,72,73,78,19,21,37,27,75,30,54,35,53,52,74,38,67,51,59,61,34,62,60,+57 MissingAxioms=0,1,2,3,4,5,7,8,15,16,23,24,31,32,39,40,41,42,44,45,46,47,48,55,56,64,65,68,69,70,71,76,77,79
Step=46 PrevRays=   304 ResultRays=   315 RayPairs=      4370 NewAxiom=58 PrevAxioms=6,9,10,11,12,13,14,17,18,20,22,25,26,28,29,33,36,43,49,50,57,63,66,72,73,78,19,21,37,27,59,75,61,30,54,53,35,52,74,38,60,67,34,62,51,+58 MissingAxioms=0,1,2,3,4,5,7,8,15,16,23,24,31,32,39,40,41,42,44,45,46,47,48,55,56,64,65,68,69,70,71,76,77,79
Step=46 PrevRays=   294 ResultRays=   315 RayPairs=      3317 NewAxiom=59 PrevAxioms=6,9,10,11,12,13,14,17,18,20,22,25,26,28,29,33,36,43,49,50,57,63,66,72,73,78,19,21,37,27,61,75,30,54,35,53,52,74,38,60,67,62,51,34,58,+59 MissingAxioms=0,1,2,3,4,5,7,8,15,16,23,24,31,32,39,40,41,42,44,45,46,47,48,55,56,64,65,68,69,70,71,76,77,79
Step=46 PrevRays=   310 ResultRays=   315 RayPairs=      4576 NewAxiom=60 PrevAxioms=6,9,10,11,12,13,14,17,18,20,22,25,26,28,29,33,36,43,49,50,57,63,66,72,73,78,19,21,37,27,59,75,61,30,54,53,35,52,74,38,67,51,58,34,62,+60 MissingAxioms=0,1,2,3,4,5,7,8,15,16,23,24,31,32,39,40,41,42,44,45,46,47,48,55,56,64,65,68,69,70,71,76,77,79
Step=46 PrevRays=   322 ResultRays=   315 RayPairs=      3782 NewAxiom=61 PrevAxioms=6,9,10,11,12,13,14,17,18,20,22,25,26,28,29,33,36,43,49,50,57,63,66,72,73,78,19,21,37,27,59,75,30,54,53,35,52,74,38,67,51,58,34,62,60,+61 MissingAxioms=0,1,2,3,4,5,7,8,15,16,23,24,31,32,39,40,41,42,44,45,46,47,48,55,56,64,65,68,69,70,71,76,77,79
Step=46 PrevRays=   284 ResultRays=   315 RayPairs=      2211 NewAxiom=62 PrevAxioms=6,9,10,11,12,13,14,17,18,20,22,25,26,28,29,33,36,43,49,50,57,63,66,72,73,78,19,21,37,27,59,75,61,30,54,53,35,52,74,38,60,67,34,51,58,+62 MissingAxioms=0,1,2,3,4,5,7,8,15,16,23,24,31,32,39,40,41,42,44,45,46,47,48,55,56,64,65,68,69,70,71,76,77,79
! VaryAxiom=63 NoInitialAxiomSet
Step=46 PrevRays=   282 ResultRays=   315 RayPairs=      1800 NewAxiom=66 PrevAxioms=6,9,10,11,12,13,14,17,18,20,22,25,26,28,29,33,36,43,49,50,57,63,67,72,73,78,19,21,37,27,59,75,61,30,54,53,35,52,74,38,60,34,62,58,51,+66 MissingAxioms=0,1,2,3,4,5,7,8,15,16,23,24,31,32,39,40,41,42,44,45,46,47,48,55,56,64,65,68,69,70,71,76,77,79
Step=46 PrevRays=   282 ResultRays=   315 RayPairs=      1794 NewAxiom=67 PrevAxioms=6,9,10,11,12,13,14,17,18,20,22,25,26,28,29,33,36,43,49,50,57,63,66,72,73,78,19,21,37,27,59,75,61,30,54,53,35,52,74,38,60,34,62,58,51,+67 MissingAxioms=0,1,2,3,4,5,7,8,15,16,23,24,31,32,39,40,41,42,44,45,46,47,48,55,56,64,65,68,69,70,71,76,77,79
! VaryAxiom=72 NoInitialAxiomSet
Step=46 PrevRays=   296 ResultRays=   315 RayPairs=      3410 NewAxiom=73 PrevAxioms=6,9,10,11,12,13,14,17,18,20,22,25,26,28,29,33,36,43,49,50,57,63,66,72,74,78,19,21,37,27,59,61,30,54,53,75,35,52,38,60,67,34,51,62,58,+73 MissingAxioms=0,1,2,3,4,5,7,8,15,16,23,24,31,32,39,40,41,42,44,45,46,47,48,55,56,64,65,68,69,70,71,76,77,79
Step=46 PrevRays=   290 ResultRays=   315 RayPairs=      3680 NewAxiom=74 PrevAxioms=6,9,10,11,12,13,14,17,18,20,22,25,26,28,29,33,36,43,49,50,57,63,66,72,73,78,19,21,37,27,59,75,61,30,54,53,35,52,38,60,67,34,62,51,58,+74 MissingAxioms=0,1,2,3,4,5,7,8,15,16,23,24,31,32,39,40,41,42,44,45,46,47,48,55,56,64,65,68,69,70,71,76,77,79
Step=46 PrevRays=   340 ResultRays=   315 RayPairs=      3382 NewAxiom=75 PrevAxioms=6,9,10,11,12,13,14,17,18,20,22,25,26,28,29,33,36,43,49,50,57,63,66,72,73,78,19,21,37,27,59,61,30,54,53,35,52,74,38,60,67,34,62,51,58,+75 MissingAxioms=0,1,2,3,4,5,7,8,15,16,23,24,31,32,39,40,41,42,44,45,46,47,48,55,56,64,65,68,69,70,71,76,77,79
! VaryAxiom=78 NoInitialAxiomSet

Ordered by number of ray pairs:
Step=46 ############.................. (min) Axiom67 24(0,1) - g2 f(0,1,2) + f(0,1,4) >= f(0,1) + f(0,1,2,3,4)
Step=46 ############.................. Axiom66 24(1) - g1 f(1,2) + f(1,4) >= f(1) + f(1,2,4)
Step=46 ##############................ Axiom54 04(2,3) - g2 f(0,2,3) + f(2,3,4) >= f(2,3) + f(0,1,2,3,4)
Step=46 ##############................ Axiom62 14(2,3) - g2 f(1,2,3) + f(2,3,4) >= f(2,3) + f(0,1,2,3,4)
Step=46 ###############............... Axiom30 03(2,4) - g2 f(0,2,4) + f(2,3,4) >= f(0,1,2,3,4) + f(2,4)
Step=46 ###############............... Axiom22 12(3,4) - g2 f(1,3,4) + f(2,3,4) >= f(0,1,2,3,4) + f(3,4)
Step=46 ################.............. Axiom38 13(2,4) - g2 f(1,2,4) + f(2,3,4) >= f(0,1,2,3,4) + f(2,4)
Step=46 #################............. Axiom14 02(3,4) - g2 f(0,3,4) + f(2,3,4) >= f(0,1,2,3,4) + f(3,4)
Step=46 #################............. Axiom17 12(0) - g1 f(0,1) + f(0,2) >= f(0) + f(0,1,2)
Step=46 ##################............ Axiom9 02(1) - g1 f(0,1) + f(1,2) >= f(1) + f(0,1,2)
Step=46 ######################........ Axiom59 14(0,2) - g2 f(0,1,2) + f(0,2,4) >= f(0,2) + f(0,1,2,3,4)
Step=46 ######################........ Axiom75 34(0,1) - g2 f(0,1,3) + f(0,1,4) >= f(0,1) + f(0,1,2,3,4)
Step=46 ######################........ Axiom11 02(1,3) - g2 f(0,1,3) + f(1,2,3) >= f(1,3) + f(0,1,2,3,4)
Step=46 ######################........ Axiom73 34(0) - g1 f(0,3) + f(0,4) >= f(0) + f(0,3,4)
Step=46 #######################....... Axiom27 03(1,2) - g2 f(0,1,2) + f(1,2,3) >= f(1,2) + f(0,1,2,3,4)
Step=46 #######################....... Axiom53 04(1,3) - g2 f(0,1,3) + f(1,3,4) >= f(1,3) + f(0,1,2,3,4)
Step=46 #######################....... Axiom21 12(0,4) - g2 f(0,1,4) + f(0,2,4) >= f(0,1,2,3,4) + f(0,4)
Step=46 #######################....... Axiom35 13(0,2) - g2 f(0,1,2) + f(0,2,3) >= f(0,2) + f(0,1,2,3,4)
Step=46 ########################...... Axiom33 13(0) - g1 f(0,1) + f(0,3) >= f(0) + f(0,1,3)
Step=46 ########################...... Axiom57 14(0) - g1 f(0,1) + f(0,4) >= f(0) + f(0,1,4)
Step=46 ########################...... Axiom25 03(1) - g1 f(0,1) + f(1,3) >= f(1) + f(0,1,3)
Step=46 ########################...... Axiom74 34(1) - g1 f(1,3) + f(1,4) >= f(1) + f(1,3,4)
Step=46 #########################..... Axiom12 02(4) - g1 f(0,4) + f(2,4) >= f(4) + f(0,2,4)
Step=46 #########################..... Axiom29 03(1,4) - g2 f(0,1,4) + f(1,3,4) >= f(0,1,2,3,4) + f(1,4)
Step=46 #########################..... Axiom50 04(2) - g1 f(0,2) + f(2,4) >= f(2) + f(0,2,4)
Step=46 #########################..... Axiom61 14(0,3) - g2 f(0,1,3) + f(0,3,4) >= f(0,3) + f(0,1,2,3,4)
Step=46 #########################..... Axiom19 12(0,3) - g2 f(0,1,3) + f(0,2,3) >= f(0,3) + f(0,1,2,3,4)
Step=46 #########################..... Axiom34 13(2) - g1 f(1,2) + f(2,3) >= f(2) + f(1,2,3)
Step=46 #########################..... Axiom37 13(0,4) - g2 f(0,1,4) + f(0,3,4) >= f(0,1,2,3,4) + f(0,4)
Step=46 ##########################.... Axiom51 04(1,2) - g2 f(0,1,2) + f(1,2,4) >= f(1,2) + f(0,1,2,3,4)
Step=46 ##########################.... Axiom10 02(3) - g1 f(0,3) + f(2,3) >= f(3) + f(0,2,3)
Step=46 ##########################.... Axiom49 04(1) - g1 f(0,1) + f(1,4) >= f(1) + f(0,1,4)
Step=46 ##########################.... Axiom18 12(3) - g1 f(1,3) + f(2,3) >= f(3) + f(1,2,3)
Step=46 ############################.. Axiom13 02(1,4) - g2 f(0,1,4) + f(1,2,4) >= f(0,1,2,3,4) + f(1,4)
Step=46 ############################.. Axiom26 03(2) - g1 f(0,2) + f(2,3) >= f(2) + f(0,2,3)
Step=46 #############################. Axiom58 14(2) - g1 f(1,2) + f(2,4) >= f(2) + f(1,2,4)
Step=46 #############################. Axiom20 12(4) - g1 f(1,4) + f(2,4) >= f(4) + f(1,2,4)
Step=46 #############################. Axiom28 03(4) - g1 f(0,4) + f(3,4) >= f(4) + f(0,3,4)
Step=46 #############################. Axiom52 04(3) - g1 f(0,3) + f(3,4) >= f(3) + f(0,3,4)
Step=46 ############################## Axiom36 13(4) - g1 f(1,4) + f(3,4) >= f(4) + f(1,3,4)
Step=46 ############################## Axiom60 14(3) - g1 f(1,3) + f(3,4) >= f(3) + f(1,3,4)

Ordered by number of previous rays:
Step=46 $$$$$$$$$$$$$$$$$$$$$$$$$..... (min) Axiom30 03(2,4) - g2 f(0,2,4) + f(2,3,4) >= f(0,1,2,3,4) + f(2,4)
Step=46 $$$$$$$$$$$$$$$$$$$$$$$$$..... (min) Axiom66 24(1) - g1 f(1,2) + f(1,4) >= f(1) + f(1,2,4)
Step=46 $$$$$$$$$$$$$$$$$$$$$$$$$..... (min) Axiom67 24(0,1) - g2 f(0,1,2) + f(0,1,4) >= f(0,1) + f(0,1,2,3,4)
Step=46 $$$$$$$$$$$$$$$$$$$$$$$$$..... Axiom17 12(0) - g1 f(0,1) + f(0,2) >= f(0) + f(0,1,2)
Step=46 $$$$$$$$$$$$$$$$$$$$$$$$$..... Axiom54 04(2,3) - g2 f(0,2,3) + f(2,3,4) >= f(2,3) + f(0,1,2,3,4)
Step=46 $$$$$$$$$$$$$$$$$$$$$$$$$..... Axiom62 14(2,3) - g2 f(1,2,3) + f(2,3,4) >= f(2,3) + f(0,1,2,3,4)
Step=46 $$$$$$$$$$$$$$$$$$$$$$$$$..... Axiom22 12(3,4) - g2 f(1,3,4) + f(2,3,4) >= f(0,1,2,3,4) + f(3,4)
Step=46 $$$$$$$$$$$$$$$$$$$$$$$$$..... Axiom14 02(3,4) - g2 f(0,3,4) + f(2,3,4) >= f(0,1,2,3,4) + f(3,4)
Step=46 $$$$$$$$$$$$$$$$$$$$$$$$$$.... Axiom27 03(1,2) - g2 f(0,1,2) + f(1,2,3) >= f(1,2) + f(0,1,2,3,4)
Step=46 $$$$$$$$$$$$$$$$$$$$$$$$$$.... Axiom38 13(2,4) - g2 f(1,2,4) + f(2,3,4) >= f(0,1,2,3,4) + f(2,4)
Step=46 $$$$$$$$$$$$$$$$$$$$$$$$$$.... Axiom11 02(1,3) - g2 f(0,1,3) + f(1,2,3) >= f(1,3) + f(0,1,2,3,4)
Step=46 $$$$$$$$$$$$$$$$$$$$$$$$$$.... Axiom74 34(1) - g1 f(1,3) + f(1,4) >= f(1) + f(1,3,4)
Step=46 $$$$$$$$$$$$$$$$$$$$$$$$$$.... Axiom21 12(0,4) - g2 f(0,1,4) + f(0,2,4) >= f(0,1,2,3,4) + f(0,4)
Step=46 $$$$$$$$$$$$$$$$$$$$$$$$$$.... Axiom59 14(0,2) - g2 f(0,1,2) + f(0,2,4) >= f(0,2) + f(0,1,2,3,4)
Step=46 $$$$$$$$$$$$$$$$$$$$$$$$$$.... Axiom73 34(0) - g1 f(0,3) + f(0,4) >= f(0) + f(0,3,4)
Step=46 $$$$$$$$$$$$$$$$$$$$$$$$$$$... Axiom19 12(0,3) - g2 f(0,1,3) + f(0,2,3) >= f(0,3) + f(0,1,2,3,4)
Step=46 $$$$$$$$$$$$$$$$$$$$$$$$$$$... Axiom35 13(0,2) - g2 f(0,1,2) + f(0,2,3) >= f(0,2) + f(0,1,2,3,4)
Step=46 $$$$$$$$$$$$$$$$$$$$$$$$$$$... Axiom20 12(4) - g1 f(1,4) + f(2,4) >= f(4) + f(1,2,4)
Step=46 $$$$$$$$$$$$$$$$$$$$$$$$$$$... Axiom52 04(3) - g1 f(0,3) + f(3,4) >= f(3) + f(0,3,4)
Step=46 $$$$$$$$$$$$$$$$$$$$$$$$$$$... Axiom58 14(2) - g1 f(1,2) + f(2,4) >= f(2) + f(1,2,4)
Step=46 $$$$$$$$$$$$$$$$$$$$$$$$$$$... Axiom28 03(4) - g1 f(0,4) + f(3,4) >= f(4) + f(0,3,4)
Step=46 $$$$$$$$$$$$$$$$$$$$$$$$$$$... Axiom36 13(4) - g1 f(1,4) + f(3,4) >= f(4) + f(1,3,4)
Step=46 $$$$$$$$$$$$$$$$$$$$$$$$$$$... Axiom53 04(1,3) - g2 f(0,1,3) + f(1,3,4) >= f(1,3) + f(0,1,2,3,4)
Step=46 $$$$$$$$$$$$$$$$$$$$$$$$$$$... Axiom60 14(3) - g1 f(1,3) + f(3,4) >= f(3) + f(1,3,4)
Step=46 $$$$$$$$$$$$$$$$$$$$$$$$$$$... Axiom29 03(1,4) - g2 f(0,1,4) + f(1,3,4) >= f(0,1,2,3,4) + f(1,4)
Step=46 $$$$$$$$$$$$$$$$$$$$$$$$$$$$.. Axiom12 02(4) - g1 f(0,4) + f(2,4) >= f(4) + f(0,2,4)
Step=46 $$$$$$$$$$$$$$$$$$$$$$$$$$$$.. Axiom50 04(2) - g1 f(0,2) + f(2,4) >= f(2) + f(0,2,4)
Step=46 $$$$$$$$$$$$$$$$$$$$$$$$$$$$.. Axiom10 02(3) - g1 f(0,3) + f(2,3) >= f(3) + f(0,2,3)
Step=46 $$$$$$$$$$$$$$$$$$$$$$$$$$$$.. Axiom34 13(2) - g1 f(1,2) + f(2,3) >= f(2) + f(1,2,3)
Step=46 $$$$$$$$$$$$$$$$$$$$$$$$$$$$.. Axiom25 03(1) - g1 f(0,1) + f(1,3) >= f(1) + f(0,1,3)
Step=46 $$$$$$$$$$$$$$$$$$$$$$$$$$$$.. Axiom26 03(2) - g1 f(0,2) + f(2,3) >= f(2) + f(0,2,3)
Step=46 $$$$$$$$$$$$$$$$$$$$$$$$$$$$.. Axiom9 02(1) - g1 f(0,1) + f(1,2) >= f(1) + f(0,1,2)
Step=46 $$$$$$$$$$$$$$$$$$$$$$$$$$$$.. Axiom18 12(3) - g1 f(1,3) + f(2,3) >= f(3) + f(1,2,3)
Step=46 $$$$$$$$$$$$$$$$$$$$$$$$$$$$.. Axiom33 13(0) - g1 f(0,1) + f(0,3) >= f(0) + f(0,1,3)
Step=46 $$$$$$$$$$$$$$$$$$$$$$$$$$$$.. Axiom37 13(0,4) - g2 f(0,1,4) + f(0,3,4) >= f(0,1,2,3,4) + f(0,4)
Step=46 $$$$$$$$$$$$$$$$$$$$$$$$$$$$.. Axiom57 14(0) - g1 f(0,1) + f(0,4) >= f(0) + f(0,1,4)
Step=46 $$$$$$$$$$$$$$$$$$$$$$$$$$$$.. Axiom61 14(0,3) - g2 f(0,1,3) + f(0,3,4) >= f(0,3) + f(0,1,2,3,4)
Step=46 $$$$$$$$$$$$$$$$$$$$$$$$$$$$$. Axiom51 04(1,2) - g2 f(0,1,2) + f(1,2,4) >= f(1,2) + f(0,1,2,3,4)
Step=46 $$$$$$$$$$$$$$$$$$$$$$$$$$$$$. Axiom13 02(1,4) - g2 f(0,1,4) + f(1,2,4) >= f(0,1,2,3,4) + f(1,4)
Step=46 $$$$$$$$$$$$$$$$$$$$$$$$$$$$$$ Axiom49 04(1) - g1 f(0,1) + f(1,4) >= f(1) + f(0,1,4)
Step=46 $$$$$$$$$$$$$$$$$$$$$$$$$$$$$$ Axiom75 34(0,1) - g2 f(0,1,3) + f(0,1,4) >= f(0,1) + f(0,1,2,3,4)
