Step=76 PrevRays= 70349 ResultRays= 73331 RayPairs= 606733998 NewAxiom=1 PrevAxioms=2,3,4,5,6,7,9,10,12,14,16,17,18,20,22,25,26,28,32,36,40,44,49,56,64,72,11,13,15,19,21,23,60,68,74,27,76,34,29,35,51,37,38,53,75,42,55,31,70,62,61,71,52,66,43,46,69,58,47,67,79,63,41,39,59,45,65,77,73,30,78,54,50,33,57,+1 MissingAxioms=0,8,24,48
Step=76 PrevRays= 70349 ResultRays= 73331 RayPairs= 606733998 NewAxiom=2 PrevAxioms=1,3,4,5,6,7,9,10,11,12,14,16,17,18,20,22,25,28,32,36,40,44,49,56,64,72,13,15,19,21,23,60,68,74,27,76,26,34,29,35,51,37,38,53,75,42,55,31,70,62,71,69,54,66,63,43,41,61,58,67,79,33,59,39,47,52,45,46,65,77,50,30,78,57,73,+2 MissingAxioms=0,8,24,48
Step=76 PrevRays= 74758 ResultRays= 73331 RayPairs= 635961263 NewAxiom=3 PrevAxioms=1,2,4,5,6,7,9,10,11,12,14,16,17,18,20,22,25,28,32,36,40,44,49,56,64,72,13,15,19,21,23,60,68,74,27,76,61,34,30,42,43,31,41,45,35,46,26,63,73,77,29,69,71,53,75,55,70,37,65,67,47,79,39,59,62,54,38,78,66,58,52,51,50,33,57,+3 MissingAxioms=0,8,24,48
Step=76 PrevRays= 70349 ResultRays= 73331 RayPairs= 606733998 NewAxiom=4 PrevAxioms=1,2,3,5,6,7,9,10,12,13,14,16,17,18,20,22,25,28,32,36,40,44,49,56,64,72,11,15,19,21,23,60,68,74,27,76,34,26,30,31,35,45,46,47,42,43,33,61,63,38,39,69,71,59,77,79,62,51,37,41,73,58,66,67,55,78,75,54,29,52,50,53,57,70,65,+4 MissingAxioms=0,8,24,48
Step=76 PrevRays= 74758 ResultRays= 73331 RayPairs= 635961263 NewAxiom=5 PrevAxioms=1,2,3,4,6,7,9,10,12,13,14,16,17,18,20,22,25,28,32,36,40,44,49,56,64,72,11,15,19,21,23,60,68,74,27,29,76,37,42,26,43,31,34,35,46,33,47,45,41,69,70,62,63,38,52,55,61,75,58,51,78,66,67,71,65,54,79,57,59,77,39,30,50,53,73,+5 MissingAxioms=0,8,24,48
Step=76 PrevRays= 74758 ResultRays= 73331 RayPairs= 635961263 NewAxiom=6 PrevAxioms=1,2,3,4,5,7,9,10,12,14,15,16,17,18,20,22,25,28,32,36,40,44,49,56,64,72,11,13,19,21,23,60,68,74,27,76,34,26,30,31,35,42,43,45,46,33,41,61,63,73,69,71,77,58,66,65,59,39,37,47,38,62,70,79,67,51,55,54,75,29,52,78,50,53,57,+6 MissingAxioms=0,8,24,48
Step=76 PrevRays= 70788 ResultRays= 73331 RayPairs= 370858005 NewAxiom=7 PrevAxioms=1,2,3,4,5,6,9,10,12,14,15,16,17,18,20,22,25,28,32,36,40,44,49,56,64,72,11,13,19,21,23,60,68,74,27,76,29,34,26,30,35,45,47,53,75,42,33,69,71,43,79,52,61,63,50,67,54,77,55,46,66,58,31,37,39,70,59,38,57,62,51,73,78,41,65,+7 MissingAxioms=0,8,24,48
Step=76 PrevRays= 70349 ResultRays= 73331 RayPairs= 606733998 NewAxiom=9 PrevAxioms=1,2,3,4,5,6,7,10,12,14,16,17,18,20,22,25,26,28,32,36,40,44,49,56,64,72,11,13,15,19,21,23,60,68,74,27,76,34,29,53,75,35,30,33,42,31,46,54,38,37,52,61,63,77,69,71,47,50,55,70,58,43,79,67,45,39,59,57,65,62,66,51,78,41,73,+9 MissingAxioms=0,8,24,48
Step=76 PrevRays= 70349 ResultRays= 73331 RayPairs= 606733998 NewAxiom=10 PrevAxioms=1,2,3,4,5,6,7,9,11,12,14,16,17,18,20,22,25,28,32,36,40,44,49,56,64,72,13,15,19,21,23,27,60,68,74,76,34,26,29,51,35,37,38,53,55,42,33,31,57,75,59,43,30,47,79,54,45,41,78,61,39,77,63,67,71,69,66,58,52,50,70,62,46,65,73,+10 MissingAxioms=0,8,24,48
Step=76 PrevRays= 74758 ResultRays= 73331 RayPairs= 635961263 NewAxiom=11 PrevAxioms=1,2,3,4,5,6,7,9,10,12,14,16,17,18,20,22,25,28,32,36,40,44,49,56,64,72,13,15,19,21,23,60,68,74,51,76,69,34,50,42,38,35,33,30,45,61,63,62,73,70,31,59,39,46,67,71,78,58,77,65,41,43,47,37,79,55,27,75,29,53,54,66,52,26,57,+11 MissingAxioms=0,8,24,48
Step=76 PrevRays= 70349 ResultRays= 73331 RayPairs= 606733998 NewAxiom=12 PrevAxioms=1,2,3,4,5,6,7,9,10,13,14,16,17,18,20,22,25,28,32,36,40,44,49,56,64,72,11,15,19,21,23,51,60,68,74,76,34,27,29,26,35,37,39,53,75,42,31,55,70,62,71,54,66,63,69,43,41,61,52,58,59,50,57,30,77,79,47,67,45,46,78,38,65,73,33,+12 MissingAxioms=0,8,24,48
Step=76 PrevRays= 74758 ResultRays= 73331 RayPairs= 635961263 NewAxiom=13 PrevAxioms=1,2,3,4,5,6,7,9,10,12,14,16,17,18,20,22,25,28,32,36,40,44,49,56,64,72,11,15,19,21,23,60,68,74,27,30,76,45,34,26,35,31,38,33,42,43,39,37,61,63,46,69,71,59,77,70,79,47,75,73,67,78,29,53,55,52,58,66,65,54,62,50,51,57,41,+13 MissingAxioms=0,8,24,48
Step=76 PrevRays= 74758 ResultRays= 73331 RayPairs= 635961263 NewAxiom=14 PrevAxioms=1,2,3,4,5,6,7,9,10,12,15,16,17,18,20,22,25,28,32,36,40,44,49,56,64,72,11,13,19,21,23,60,68,74,27,76,34,26,29,31,35,42,43,37,38,41,33,53,75,55,61,63,62,54,66,51,71,69,58,67,79,59,39,70,57,47,46,45,52,77,30,50,78,73,65,+14 MissingAxioms=0,8,24,48
Step=76 PrevRays= 70788 ResultRays= 73331 RayPairs= 370858005 NewAxiom=15 PrevAxioms=1,2,3,4,5,6,7,9,10,12,14,16,17,18,20,22,25,28,32,36,40,44,49,56,64,72,11,13,19,21,23,60,68,74,27,76,30,34,26,45,31,35,46,42,43,33,61,63,38,39,59,69,71,37,77,79,78,51,55,57,58,66,67,62,75,47,50,73,29,54,52,53,70,41,65,+15 MissingAxioms=0,8,24,48
Step=76 PrevRays= 68158 ResultRays= 73331 RayPairs= 445809759 NewAxiom=16 PrevAxioms=1,2,3,4,5,6,7,9,10,12,14,17,18,20,22,25,28,32,33,36,40,44,49,56,64,72,11,13,15,19,21,23,60,68,74,27,76,35,29,37,53,34,75,31,42,69,38,26,55,71,43,61,63,41,51,78,79,67,46,70,62,54,39,59,45,65,52,77,47,50,30,66,58,73,57,+16 MissingAxioms=0,8,24,48
Step=76 PrevRays= 76356 ResultRays= 73331 RayPairs= 801703748 NewAxiom=17 PrevAxioms=1,2,3,4,5,6,7,9,10,12,14,16,18,20,22,25,28,32,33,36,40,44,49,56,64,72,11,13,15,19,21,23,60,68,74,27,76,34,26,29,35,51,37,38,53,75,42,55,31,70,62,71,69,52,61,66,43,73,58,78,79,67,47,39,63,59,50,77,65,54,45,46,30,41,57,+17 MissingAxioms=0,8,24,48
Step=76 PrevRays= 79564 ResultRays= 73331 RayPairs= 682426192 NewAxiom=18 PrevAxioms=1,2,3,4,5,6,7,9,10,12,14,16,17,19,20,22,25,28,32,36,40,44,49,56,64,72,11,13,15,21,23,60,68,74,27,76,58,26,29,51,37,66,53,67,55,70,31,62,38,46,47,59,54,50,75,42,69,63,52,78,71,57,45,77,79,34,35,39,61,43,33,41,30,65,73,+18 MissingAxioms=0,8,24,48
Step=76 PrevRays= 74381 ResultRays= 73331 RayPairs= 482536201 NewAxiom=19 PrevAxioms=1,2,3,4,5,6,7,9,10,12,14,16,17,18,20,22,25,28,32,36,40,44,49,56,64,72,11,13,15,21,23,34,42,27,43,60,74,26,29,35,68,30,76,31,37,69,33,39,53,75,38,45,47,79,52,61,54,59,46,57,41,55,77,78,51,63,58,66,71,67,62,50,70,73,65,+19 MissingAxioms=0,8,24,48
Step=76 PrevRays= 79564 ResultRays= 73331 RayPairs= 682426192 NewAxiom=20 PrevAxioms=1,2,3,4,5,6,7,9,10,12,14,16,17,18,21,22,25,28,32,36,40,44,49,56,64,72,11,13,15,19,23,60,68,74,27,76,34,26,29,35,51,37,39,53,75,42,70,71,62,31,55,54,69,43,63,41,61,52,30,45,47,59,50,38,58,67,79,77,66,46,78,65,57,33,73,+20 MissingAxioms=0,8,24,48
Step=76 PrevRays= 74381 ResultRays= 73331 RayPairs= 482536201 NewAxiom=21 PrevAxioms=1,2,3,4,5,6,7,9,10,12,14,16,17,18,20,22,25,28,32,36,40,44,49,56,64,72,11,13,15,19,23,58,66,74,27,60,68,59,30,45,26,42,43,29,31,76,70,78,79,46,69,37,47,34,75,62,55,35,39,77,63,54,33,61,50,52,38,73,71,67,51,53,41,57,65,+21 MissingAxioms=0,8,24,48
Step=76 PrevRays= 74591 ResultRays= 73331 RayPairs= 685376952 NewAxiom=22 PrevAxioms=1,2,3,4,5,6,7,9,10,12,14,16,17,18,20,23,25,28,32,36,40,44,49,56,64,72,11,13,15,19,21,60,68,74,27,76,34,26,29,35,51,37,53,75,42,55,31,66,58,57,59,67,65,47,45,52,46,61,63,39,54,62,33,69,43,71,79,77,30,38,70,50,41,78,73,+22 MissingAxioms=0,8,24,48
Step=76 PrevRays= 70325 ResultRays= 73331 RayPairs= 504680661 NewAxiom=23 PrevAxioms=1,2,3,4,5,6,7,9,10,12,14,16,17,18,20,22,25,28,32,36,40,44,49,56,64,72,11,13,15,19,21,60,68,74,27,76,34,26,29,35,51,37,70,53,75,71,42,38,31,55,66,62,43,61,52,39,46,54,30,45,58,33,69,77,50,78,63,59,67,79,47,57,73,41,65,+23 MissingAxioms=0,8,24,48
Step=76 PrevRays= 70349 ResultRays= 73331 RayPairs= 606733998 NewAxiom=25 PrevAxioms=1,2,3,4,5,6,7,9,10,12,14,16,17,18,20,22,26,28,32,36,40,44,49,56,64,72,11,13,15,19,21,23,60,68,74,27,51,76,34,29,35,37,31,33,38,42,55,69,46,43,70,62,63,58,54,47,59,39,45,79,52,77,61,75,78,66,71,50,67,41,57,30,73,53,65,+25 MissingAxioms=0,8,24,48
Step=76 PrevRays= 70349 ResultRays= 73331 RayPairs= 606733998 NewAxiom=26 PrevAxioms=1,2,3,4,5,6,7,9,10,12,14,16,17,18,20,22,25,28,32,36,40,44,49,56,64,72,11,13,15,19,21,23,60,68,74,27,76,34,29,35,53,75,30,42,33,31,46,54,38,37,55,70,62,63,69,52,61,66,47,51,78,58,59,39,45,50,43,71,79,67,77,57,41,73,65,+26 MissingAxioms=0,8,24,48
Step=76 PrevRays= 74758 ResultRays= 73331 RayPairs= 635961263 NewAxiom=27 PrevAxioms=1,2,3,4,5,6,7,9,10,12,14,16,17,18,20,22,25,28,32,36,40,44,49,56,64,72,11,13,15,19,21,23,60,68,74,51,76,34,29,53,35,75,33,46,55,42,47,37,52,61,31,38,78,70,71,69,67,43,41,63,79,73,39,45,77,54,59,30,66,58,50,26,62,57,65,+27 MissingAxioms=0,8,24,48
Step=76 PrevRays= 70349 ResultRays= 73331 RayPairs= 606733998 NewAxiom=28 PrevAxioms=1,2,3,4,5,6,7,9,10,12,14,16,17,18,20,22,25,29,32,36,40,44,49,56,64,72,11,13,15,19,21,23,53,60,68,74,75,34,27,76,35,45,47,26,42,54,33,43,46,52,69,71,37,61,63,67,66,79,39,59,77,55,62,31,51,50,78,38,57,58,73,30,70,41,65,+28 MissingAxioms=0,8,24,48
Step=76 PrevRays= 74758 ResultRays= 73331 RayPairs= 635961263 NewAxiom=29 PrevAxioms=1,2,3,4,5,6,7,9,10,12,14,16,17,18,20,22,25,28,32,36,40,44,49,56,64,72,11,13,15,19,21,23,60,68,74,27,76,34,26,30,35,45,31,46,42,43,33,61,63,38,39,69,59,71,37,77,79,78,51,55,57,58,66,67,62,50,47,75,73,54,70,53,52,65,41,+29 MissingAxioms=0,8,24,48
Step=76 PrevRays= 74758 ResultRays= 73331 RayPairs= 635961263 NewAxiom=30 PrevAxioms=1,2,3,4,5,6,7,9,10,12,14,16,17,18,20,22,25,28,32,36,40,44,49,56,64,72,11,13,15,19,21,23,60,68,74,27,76,34,26,29,35,51,37,38,53,75,42,55,31,70,62,71,69,52,61,66,43,58,78,79,47,67,59,57,45,39,63,46,77,65,73,54,50,41,33,+30 MissingAxioms=0,8,24,48
Step=76 PrevRays= 70788 ResultRays= 73331 RayPairs= 370858005 NewAxiom=31 PrevAxioms=1,2,3,4,5,6,7,9,10,12,14,16,17,18,20,22,25,28,32,36,40,44,49,56,64,72,11,13,15,19,21,23,60,68,74,27,76,34,26,29,35,51,37,38,53,75,42,55,70,62,71,69,52,61,66,43,41,39,46,47,45,58,78,79,67,77,63,73,59,30,50,54,57,65,33,+31 MissingAxioms=0,8,24,48
Step=76 PrevRays= 68158 ResultRays= 73331 RayPairs= 445809759 NewAxiom=32 PrevAxioms=1,2,3,4,5,6,7,9,10,12,14,16,17,18,20,22,25,28,33,36,40,44,49,56,64,72,11,13,15,19,21,23,68,76,27,58,35,66,59,30,45,31,42,43,26,34,69,39,63,77,79,51,50,54,67,38,46,62,70,60,74,37,52,55,61,78,29,47,71,57,75,53,65,41,73,+32 MissingAxioms=0,8,24,48
Step=76 PrevRays= 76356 ResultRays= 73331 RayPairs= 801703748 NewAxiom=33 PrevAxioms=1,2,3,4,5,6,7,9,10,12,14,16,17,18,20,22,25,28,32,36,40,44,49,56,64,72,11,13,15,19,21,23,60,68,74,27,76,34,26,29,35,51,37,38,53,75,42,55,31,70,62,71,69,52,61,66,43,58,78,79,47,67,59,57,45,39,63,46,77,65,73,54,50,30,41,+33 MissingAxioms=0,8,24,48
Step=76 PrevRays= 79564 ResultRays= 73331 RayPairs= 682426192 NewAxiom=34 PrevAxioms=1,2,3,4,5,6,7,9,10,12,14,16,17,18,20,22,25,28,32,36,40,44,49,56,64,72,11,13,15,19,21,23,60,68,74,27,76,42,26,29,37,43,31,38,41,35,69,71,46,47,70,75,53,55,61,67,52,62,79,33,73,39,45,63,59,78,51,77,30,66,58,50,54,57,65,+34 MissingAxioms=0,8,24,48
Step=76 PrevRays= 74381 ResultRays= 73331 RayPairs= 482536201 NewAxiom=35 PrevAxioms=1,2,3,4,5,6,7,9,10,12,14,16,17,18,20,22,25,28,32,36,40,44,49,56,64,72,11,13,15,19,21,23,60,68,74,27,76,34,26,29,51,37,38,53,42,55,31,66,67,78,58,62,59,79,70,75,50,43,71,69,47,52,57,61,63,77,65,73,39,45,54,30,33,46,41,+35 MissingAxioms=0,8,24,48
Step=76 PrevRays= 79564 ResultRays= 73331 RayPairs= 682426192 NewAxiom=36 PrevAxioms=1,2,3,4,5,6,7,9,10,12,14,16,17,18,20,22,25,28,32,37,40,44,49,56,64,72,11,13,15,19,21,23,68,76,27,34,42,26,29,35,39,30,43,45,47,33,38,41,46,77,79,71,75,67,66,58,31,51,59,50,54,63,69,55,78,74,61,60,73,52,53,70,62,57,65,+36 MissingAxioms=0,8,24,48
Step=76 PrevRays= 74381 ResultRays= 73331 RayPairs= 482536201 NewAxiom=37 PrevAxioms=1,2,3,4,5,6,7,9,10,12,14,16,17,18,20,22,25,28,32,36,40,44,49,56,64,72,11,13,15,19,21,23,60,68,74,27,76,34,26,29,35,51,46,42,53,75,33,55,31,38,57,43,66,62,61,71,69,39,52,59,45,54,63,58,50,78,67,79,77,47,65,30,70,41,73,+37 MissingAxioms=0,8,24,48
Step=76 PrevRays= 74591 ResultRays= 73331 RayPairs= 685376952 NewAxiom=38 PrevAxioms=1,2,3,4,5,6,7,9,10,12,14,16,17,18,20,22,25,28,32,36,40,44,49,56,64,72,11,13,15,19,21,23,60,68,74,27,76,34,26,29,35,51,37,53,75,42,70,71,58,31,55,78,62,54,66,69,61,43,67,47,52,65,45,39,59,50,79,63,46,41,77,73,30,57,33,+38 MissingAxioms=0,8,24,48
Step=76 PrevRays= 70325 ResultRays= 73331 RayPairs= 504680661 NewAxiom=39 PrevAxioms=1,2,3,4,5,6,7,9,10,12,14,16,17,18,20,22,25,28,32,36,40,44,49,56,64,72,11,13,15,19,21,23,60,68,74,27,76,34,26,29,35,51,37,38,53,75,42,55,31,70,62,71,69,52,61,66,43,58,78,79,47,67,59,57,45,63,50,46,65,41,54,77,73,30,33,+39 MissingAxioms=0,8,24,48
Step=76 PrevRays= 68158 ResultRays= 73331 RayPairs= 445809759 NewAxiom=40 PrevAxioms=1,2,3,4,5,6,7,9,10,12,14,16,17,18,20,22,25,28,32,36,41,44,49,56,64,72,11,13,15,19,21,23,60,74,27,66,43,58,59,42,30,45,31,34,51,67,55,61,47,65,29,37,53,52,75,79,71,69,78,63,77,50,39,54,26,35,62,73,76,68,70,46,38,57,33,+40 MissingAxioms=0,8,24,48
Step=76 PrevRays= 76356 ResultRays= 73331 RayPairs= 801703748 NewAxiom=41 PrevAxioms=1,2,3,4,5,6,7,9,10,12,14,16,17,18,20,22,25,28,32,36,40,44,49,56,64,72,11,13,15,19,21,23,60,68,74,27,76,34,26,29,35,51,37,38,53,75,42,55,31,70,62,71,69,52,61,66,43,58,78,79,47,67,59,57,45,39,63,46,77,65,73,54,50,30,33,+41 MissingAxioms=0,8,24,48
Step=76 PrevRays= 79564 ResultRays= 73331 RayPairs= 682426192 NewAxiom=42 PrevAxioms=1,2,3,4,5,6,7,9,10,12,14,16,17,18,20,22,25,28,32,36,40,44,49,56,64,72,11,13,15,19,21,23,60,68,74,27,76,34,26,29,35,51,37,38,53,75,55,31,58,66,62,54,63,46,47,67,61,78,52,65,69,71,43,59,39,45,79,70,50,77,41,73,30,33,57,+42 MissingAxioms=0,8,24,48
Step=76 PrevRays= 74381 ResultRays= 73331 RayPairs= 482536201 NewAxiom=43 PrevAxioms=1,2,3,4,5,6,7,9,10,12,14,16,17,18,20,22,25,28,32,36,40,44,49,56,64,72,11,13,15,19,21,23,60,68,74,27,76,34,26,29,35,51,37,38,53,75,42,55,31,70,62,71,69,52,61,66,67,65,58,47,59,50,78,79,63,39,45,41,46,77,73,30,54,57,33,+43 MissingAxioms=0,8,24,48
Step=76 PrevRays= 79564 ResultRays= 73331 RayPairs= 682426192 NewAxiom=44 PrevAxioms=1,2,3,4,5,6,7,9,10,12,14,16,17,18,20,22,25,28,32,36,40,45,49,56,64,72,11,13,15,19,21,23,60,74,27,42,34,43,26,29,46,35,47,37,31,41,39,33,52,53,61,55,75,58,66,79,51,67,71,59,50,78,63,77,30,76,54,69,68,62,73,38,70,65,57,+44 MissingAxioms=0,8,24,48
Step=76 PrevRays= 74381 ResultRays= 73331 RayPairs= 482536201 NewAxiom=45 PrevAxioms=1,2,3,4,5,6,7,9,10,12,14,16,17,18,20,22,25,28,32,36,40,44,49,56,64,72,11,13,15,19,21,23,60,68,74,27,76,34,26,29,35,51,37,38,53,75,42,55,31,70,62,71,69,52,61,66,43,58,78,79,47,67,59,57,30,39,63,77,41,50,46,54,33,65,73,+45 MissingAxioms=0,8,24,48
Step=76 PrevRays= 74591 ResultRays= 73331 RayPairs= 685376952 NewAxiom=46 PrevAxioms=1,2,3,4,5,6,7,9,10,12,14,16,17,18,20,22,25,28,32,36,40,44,49,56,64,72,11,13,15,19,21,23,60,68,74,27,76,34,26,29,35,51,37,38,53,75,42,55,31,70,62,71,69,52,61,66,43,58,78,79,47,67,59,57,45,39,63,77,65,73,54,50,30,33,41,+46 MissingAxioms=0,8,24,48
Step=76 PrevRays= 70325 ResultRays= 73331 RayPairs= 504680661 NewAxiom=47 PrevAxioms=1,2,3,4,5,6,7,9,10,12,14,16,17,18,20,22,25,28,32,36,40,44,49,56,64,72,11,13,15,19,21,23,60,68,74,27,76,34,26,29,35,51,37,38,53,75,42,55,31,70,62,71,69,52,61,66,43,58,78,79,67,41,39,63,59,46,50,30,77,45,65,57,54,33,73,+47 MissingAxioms=0,8,24,48
Step=76 PrevRays= 70349 ResultRays= 73331 RayPairs= 606733998 NewAxiom=49 PrevAxioms=1,2,3,4,5,6,7,9,10,12,14,16,17,18,20,22,25,28,32,36,40,44,50,56,64,72,11,13,15,19,21,23,60,68,74,27,51,76,34,30,45,26,42,43,54,77,46,55,31,62,70,63,61,52,69,58,35,66,78,79,39,59,67,65,37,47,71,38,75,57,73,53,33,29,41,+49 MissingAxioms=0,8,24,48
Step=76 PrevRays= 70349 ResultRays= 73331 RayPairs= 606733998 NewAxiom=50 PrevAxioms=1,2,3,4,5,6,7,9,10,12,14,16,17,18,20,22,25,28,32,36,40,44,49,56,64,72,11,13,15,19,21,23,60,68,74,27,76,34,26,29,35,51,37,38,53,75,42,55,31,70,62,71,69,52,61,66,43,58,78,79,47,67,59,57,45,39,63,46,77,65,73,54,41,30,33,+50 MissingAxioms=0,8,24,48
Step=76 PrevRays= 74758 ResultRays= 73331 RayPairs= 635961263 NewAxiom=51 PrevAxioms=1,2,3,4,5,6,7,9,10,12,14,16,17,18,20,22,25,28,32,36,40,44,49,56,64,72,11,13,15,19,21,23,60,68,74,27,76,34,26,29,35,30,45,47,42,43,33,46,41,69,37,53,75,71,39,61,63,59,66,54,55,62,67,79,77,31,50,38,52,70,58,57,78,65,73,+51 MissingAxioms=0,8,24,48
Step=76 PrevRays= 70349 ResultRays= 73331 RayPairs= 606733998 NewAxiom=52 PrevAxioms=1,2,3,4,5,6,7,9,10,12,14,16,17,18,20,22,25,28,32,36,40,44,49,56,64,72,11,13,15,19,21,23,60,68,74,27,76,34,26,29,35,51,37,38,53,75,42,55,31,70,62,71,69,66,43,61,78,79,67,47,58,50,59,41,30,46,63,39,77,33,57,45,73,54,65,+52 MissingAxioms=0,8,24,48
Step=76 PrevRays= 74758 ResultRays= 73331 RayPairs= 635961263 NewAxiom=53 PrevAxioms=1,2,3,4,5,6,7,9,10,12,14,16,17,18,20,22,25,28,32,36,40,44,49,56,64,72,11,13,15,19,21,23,60,68,74,27,76,34,26,29,35,51,37,38,31,42,55,66,67,58,62,54,63,61,43,41,79,65,52,69,71,75,47,46,45,39,59,77,78,50,73,30,70,33,57,+53 MissingAxioms=0,8,24,48
Step=76 PrevRays= 74758 ResultRays= 73331 RayPairs= 635961263 NewAxiom=54 PrevAxioms=1,2,3,4,5,6,7,9,10,12,14,16,17,18,20,22,25,28,32,36,40,44,49,56,64,72,11,13,15,19,21,23,60,68,74,27,76,34,26,29,35,51,37,38,53,75,42,55,31,70,62,71,69,52,61,66,43,58,78,79,47,67,59,57,45,39,63,46,77,65,73,50,30,41,33,+54 MissingAxioms=0,8,24,48
Step=76 PrevRays= 70788 ResultRays= 73331 RayPairs= 370858005 NewAxiom=55 PrevAxioms=1,2,3,4,5,6,7,9,10,12,14,16,17,18,20,22,25,28,32,36,40,44,49,56,64,72,11,13,15,19,21,23,60,68,74,27,76,34,26,29,35,51,37,38,53,75,42,31,70,62,71,69,52,61,66,43,41,39,46,45,65,58,33,59,63,78,54,67,47,50,79,77,30,57,73,+55 MissingAxioms=0,8,24,48
Step=76 PrevRays= 68158 ResultRays= 73331 RayPairs= 445809759 NewAxiom=56 PrevAxioms=1,2,3,4,5,6,7,9,10,12,14,16,17,18,20,22,25,28,32,36,40,44,49,57,64,72,11,13,15,19,21,23,68,74,27,59,76,34,26,29,35,30,45,53,75,42,47,55,70,54,37,39,71,69,43,67,65,66,79,77,31,46,41,63,62,61,60,50,51,52,58,38,78,33,73,+56 MissingAxioms=0,8,24,48
Step=76 PrevRays= 76356 ResultRays= 73331 RayPairs= 801703748 NewAxiom=57 PrevAxioms=1,2,3,4,5,6,7,9,10,12,14,16,17,18,20,22,25,28,32,36,40,44,49,56,64,72,11,13,15,19,21,23,60,68,74,27,76,34,26,29,35,51,37,38,53,75,42,55,31,70,62,71,69,52,61,66,43,58,78,79,47,67,59,50,63,41,39,46,45,65,77,73,30,54,33,+57 MissingAxioms=0,8,24,48
Step=76 PrevRays= 79564 ResultRays= 73331 RayPairs= 682426192 NewAxiom=58 PrevAxioms=1,2,3,4,5,6,7,9,10,12,14,16,17,18,20,22,25,28,32,36,40,44,49,56,64,72,11,13,15,19,21,23,60,68,74,27,76,34,26,29,35,51,37,38,53,75,42,55,31,70,62,71,69,52,61,66,43,46,47,79,67,39,45,63,59,57,73,78,54,77,50,30,65,33,41,+58 MissingAxioms=0,8,24,48
Step=76 PrevRays= 74381 ResultRays= 73331 RayPairs= 482536201 NewAxiom=59 PrevAxioms=1,2,3,4,5,6,7,9,10,12,14,16,17,18,20,22,25,28,32,36,40,44,49,56,64,72,11,13,15,19,21,23,60,68,74,27,76,34,26,29,35,51,37,38,53,75,42,55,31,70,62,71,69,52,61,66,43,58,78,79,47,67,39,41,63,45,77,73,30,54,50,46,57,33,65,+59 MissingAxioms=0,8,24,48
Step=76 PrevRays= 79564 ResultRays= 73331 RayPairs= 682426192 NewAxiom=60 PrevAxioms=1,2,3,4,5,6,7,9,10,12,14,16,17,18,20,22,25,28,32,36,40,44,49,56,64,72,11,13,15,19,21,23,68,74,27,58,76,59,66,70,51,50,26,42,43,71,57,34,35,29,75,37,38,69,62,53,31,55,46,47,67,79,30,45,52,39,61,63,77,78,33,73,54,65,41,+60 MissingAxioms=0,8,24,48
Step=76 PrevRays= 74381 ResultRays= 73331 RayPairs= 482536201 NewAxiom=61 PrevAxioms=1,2,3,4,5,6,7,9,10,12,14,16,17,18,20,22,25,28,32,36,40,44,49,56,64,72,11,13,15,19,21,23,60,68,74,27,76,34,26,29,35,51,37,38,53,75,42,55,31,70,62,71,69,52,66,43,46,47,63,58,67,79,39,59,57,45,77,78,65,41,54,50,30,33,73,+61 MissingAxioms=0,8,24,48
Step=76 PrevRays= 74591 ResultRays= 73331 RayPairs= 685376952 NewAxiom=62 PrevAxioms=1,2,3,4,5,6,7,9,10,12,14,16,17,18,20,22,25,28,32,36,40,44,49,56,64,72,11,13,15,19,21,23,60,68,74,27,76,34,26,29,35,51,37,38,53,75,42,55,31,70,71,46,66,78,47,67,43,58,54,69,63,41,61,65,45,39,59,52,79,77,50,73,30,33,57,+62 MissingAxioms=0,8,24,48
Step=76 PrevRays= 70325 ResultRays= 73331 RayPairs= 504680661 NewAxiom=63 PrevAxioms=1,2,3,4,5,6,7,9,10,12,14,16,17,18,20,22,25,28,32,36,40,44,49,56,64,72,11,13,15,19,21,23,60,68,74,27,76,34,26,29,35,51,37,38,53,75,42,55,31,70,62,71,69,52,61,66,43,58,78,79,47,67,59,57,45,39,46,30,77,65,41,50,54,33,73,+63 MissingAxioms=0,8,24,48
Step=76 PrevRays= 68158 ResultRays= 73331 RayPairs= 445809759 NewAxiom=64 PrevAxioms=1,2,3,4,5,6,7,9,10,12,14,16,17,18,20,22,25,28,32,36,40,44,49,56,65,72,11,13,15,19,21,23,60,74,27,42,67,34,43,26,29,76,30,35,45,47,33,37,61,63,52,54,75,39,59,79,53,77,38,58,71,31,68,55,62,69,46,50,51,78,66,70,73,41,57,+64 MissingAxioms=0,8,24,48
Step=76 PrevRays= 76356 ResultRays= 73331 RayPairs= 801703748 NewAxiom=65 PrevAxioms=1,2,3,4,5,6,7,9,10,12,14,16,17,18,20,22,25,28,32,36,40,44,49,56,64,72,11,13,15,19,21,23,60,68,74,27,76,34,26,29,35,51,37,38,53,75,42,55,31,70,62,71,69,52,61,66,43,58,78,79,47,67,59,57,45,39,63,46,77,50,30,54,33,41,73,+65 MissingAxioms=0,8,24,48
Step=76 PrevRays= 79564 ResultRays= 73331 RayPairs= 682426192 NewAxiom=66 PrevAxioms=1,2,3,4,5,6,7,9,10,12,14,16,17,18,20,22,25,28,32,36,40,44,49,56,64,72,11,13,15,19,21,23,60,68,74,27,76,34,26,29,35,51,37,38,53,75,42,55,31,70,62,71,69,52,61,58,43,78,79,47,67,63,59,39,57,45,30,77,65,41,50,46,54,73,33,+66 MissingAxioms=0,8,24,48
Step=76 PrevRays= 74381 ResultRays= 73331 RayPairs= 482536201 NewAxiom=67 PrevAxioms=1,2,3,4,5,6,7,9,10,12,14,16,17,18,20,22,25,28,32,36,40,44,49,56,64,72,11,13,15,19,21,23,60,68,74,27,76,34,26,29,35,51,37,38,53,75,42,55,31,70,62,71,69,52,61,66,43,58,78,79,47,39,63,59,57,45,46,77,50,54,33,30,41,73,65,+67 MissingAxioms=0,8,24,48
Step=76 PrevRays= 79564 ResultRays= 73331 RayPairs= 682426192 NewAxiom=68 PrevAxioms=1,2,3,4,5,6,7,9,10,12,14,16,17,18,20,22,25,28,32,36,40,44,49,56,64,72,11,13,15,19,21,23,60,74,27,42,34,43,26,29,76,30,35,31,66,58,45,47,33,50,54,77,55,63,61,62,53,75,37,39,79,59,38,67,71,69,51,78,52,70,41,73,46,65,57,+68 MissingAxioms=0,8,24,48
Step=76 PrevRays= 74381 ResultRays= 73331 RayPairs= 482536201 NewAxiom=69 PrevAxioms=1,2,3,4,5,6,7,9,10,12,14,16,17,18,20,22,25,28,32,36,40,44,49,56,64,72,11,13,15,19,21,23,60,68,74,27,76,34,26,29,35,51,37,38,53,75,42,55,31,70,62,71,66,43,61,52,46,47,45,58,39,78,50,59,57,67,79,63,77,65,33,54,30,41,73,+69 MissingAxioms=0,8,24,48
Step=76 PrevRays= 74591 ResultRays= 73331 RayPairs= 685376952 NewAxiom=70 PrevAxioms=1,2,3,4,5,6,7,9,10,12,14,16,17,18,20,22,25,28,32,36,40,44,49,56,64,72,11,13,15,19,21,23,60,68,74,27,76,34,26,29,35,51,37,38,53,75,42,55,31,66,78,58,54,62,63,67,61,65,79,71,43,47,59,39,52,69,45,46,50,41,77,73,30,57,33,+70 MissingAxioms=0,8,24,48
Step=76 PrevRays= 70325 ResultRays= 73331 RayPairs= 504680661 NewAxiom=71 PrevAxioms=1,2,3,4,5,6,7,9,10,12,14,16,17,18,20,22,25,28,32,36,40,44,49,56,64,72,11,13,15,19,21,23,60,68,74,27,76,34,26,29,35,51,37,38,53,75,42,55,31,70,62,54,63,66,43,58,61,41,69,52,78,79,47,67,65,45,59,39,46,50,77,33,30,57,73,+71 MissingAxioms=0,8,24,48
Step=76 PrevRays= 68158 ResultRays= 73331 RayPairs= 445809759 NewAxiom=72 PrevAxioms=1,2,3,4,5,6,7,9,10,12,14,16,17,18,20,22,25,28,32,36,40,44,49,56,64,73,11,13,15,19,21,23,60,68,27,34,26,29,35,51,37,38,53,42,55,31,66,67,58,62,70,54,63,61,50,59,47,75,57,33,43,45,74,71,79,69,39,52,77,30,65,76,78,46,41,+72 MissingAxioms=0,8,24,48
Step=76 PrevRays= 76356 ResultRays= 73331 RayPairs= 801703748 NewAxiom=73 PrevAxioms=1,2,3,4,5,6,7,9,10,12,14,16,17,18,20,22,25,28,32,36,40,44,49,56,64,72,11,13,15,19,21,23,60,68,74,27,76,34,26,29,35,51,37,38,53,75,42,55,31,70,62,71,69,52,61,66,43,58,78,79,47,67,59,57,45,39,63,46,77,65,41,54,50,30,33,+73 MissingAxioms=0,8,24,48
Step=76 PrevRays= 79564 ResultRays= 73331 RayPairs= 682426192 NewAxiom=74 PrevAxioms=1,2,3,4,5,6,7,9,10,12,14,16,17,18,20,22,25,28,32,36,40,44,49,56,64,72,11,13,15,19,21,23,60,68,76,27,34,26,29,35,51,37,38,53,42,55,31,66,67,78,58,79,70,62,54,63,61,50,59,43,41,46,47,75,71,69,52,45,39,65,77,73,30,33,57,+74 MissingAxioms=0,8,24,48
Step=76 PrevRays= 74381 ResultRays= 73331 RayPairs= 482536201 NewAxiom=75 PrevAxioms=1,2,3,4,5,6,7,9,10,12,14,16,17,18,20,22,25,28,32,36,40,44,49,56,64,72,11,13,15,19,21,23,60,68,74,27,76,34,26,29,35,51,37,38,53,42,55,31,66,67,58,62,54,63,61,43,41,71,69,65,47,45,46,59,39,79,50,52,77,73,78,30,70,33,57,+75 MissingAxioms=0,8,24,48
Step=76 PrevRays= 79564 ResultRays= 73331 RayPairs= 682426192 NewAxiom=76 PrevAxioms=1,2,3,4,5,6,7,9,10,12,14,16,17,18,20,22,25,28,32,36,40,44,49,56,64,72,11,13,15,19,21,23,60,68,74,27,34,26,29,35,51,37,38,53,75,42,55,31,66,58,62,54,63,61,43,71,41,69,67,79,47,65,39,59,45,46,50,77,73,78,30,52,70,33,57,+76 MissingAxioms=0,8,24,48
Step=76 PrevRays= 74381 ResultRays= 73331 RayPairs= 482536201 NewAxiom=77 PrevAxioms=1,2,3,4,5,6,7,9,10,12,14,16,17,18,20,22,25,28,32,36,40,44,49,56,64,72,11,13,15,19,21,23,60,68,74,27,76,34,26,29,35,51,37,38,53,75,42,55,31,70,62,71,69,52,61,66,43,58,78,79,47,67,59,57,45,39,63,46,73,54,50,30,33,41,65,+77 MissingAxioms=0,8,24,48
Step=76 PrevRays= 74591 ResultRays= 73331 RayPairs= 685376952 NewAxiom=78 PrevAxioms=1,2,3,4,5,6,7,9,10,12,14,16,17,18,20,22,25,28,32,36,40,44,49,56,64,72,11,13,15,19,21,23,60,68,74,27,76,34,26,29,35,51,37,38,53,75,42,55,31,70,62,71,69,52,61,66,43,58,46,47,67,79,39,63,59,57,45,73,54,50,77,30,41,33,65,+78 MissingAxioms=0,8,24,48
Step=76 PrevRays= 70325 ResultRays= 73331 RayPairs= 504680661 NewAxiom=79 PrevAxioms=1,2,3,4,5,6,7,9,10,12,14,16,17,18,20,22,25,28,32,36,40,44,49,56,64,72,11,13,15,19,21,23,60,68,74,27,76,34,26,29,35,51,37,38,53,75,42,55,31,70,62,71,69,52,61,66,43,58,78,47,67,65,59,50,45,39,63,46,41,30,57,54,77,73,33,+79 MissingAxioms=0,8,24,48

Ordered by number of ray pairs:
Step=76 ##############................ (min) Axiom7 10(2,3,4) - g3 f(0,1,2,3,4) >= f(2,3,4)
Step=76 ##############................ (min) Axiom15 20(1,3,4) - g3 f(0,1,2,3,4) >= f(1,3,4)
Step=76 ##############................ (min) Axiom31 30(1,2,4) - g3 f(0,1,2,3,4) >= f(1,2,4)
Step=76 ##############................ (min) Axiom55 40(1,2,3) - g3 f(0,1,2,3,4) >= f(1,2,3)
Step=76 #################............. Axiom16 21() - g0 f(1) + f(2) >= f(1,2)
Step=76 #################............. Axiom32 31() - g0 f(1) + f(3) >= f(1,3)
Step=76 #################............. Axiom40 32() - g0 f(2) + f(3) >= f(2,3)
Step=76 #################............. Axiom56 41() - g0 f(1) + f(4) >= f(1,4)
Step=76 #################............. Axiom64 42() - g0 f(2) + f(4) >= f(2,4)
Step=76 #################............. Axiom72 43() - g0 f(3) + f(4) >= f(3,4)
Step=76 ##################............ Axiom19 21(0,3) - g2 f(0,1,3) + f(0,2,3) >= f(0,3) + f(0,1,2,3,4)
Step=76 ##################............ Axiom21 21(0,4) - g2 f(0,1,4) + f(0,2,4) >= f(0,1,2,3,4) + f(0,4)
Step=76 ##################............ Axiom35 31(0,2) - g2 f(0,1,2) + f(0,2,3) >= f(0,2) + f(0,1,2,3,4)
Step=76 ##################............ Axiom37 31(0,4) - g2 f(0,1,4) + f(0,3,4) >= f(0,1,2,3,4) + f(0,4)
Step=76 ##################............ Axiom43 32(0,1) - g2 f(0,1,2) + f(0,1,3) >= f(0,1) + f(0,1,2,3,4)
Step=76 ##################............ Axiom45 32(0,4) - g2 f(0,2,4) + f(0,3,4) >= f(0,1,2,3,4) + f(0,4)
Step=76 ##################............ Axiom59 41(0,2) - g2 f(0,1,2) + f(0,2,4) >= f(0,2) + f(0,1,2,3,4)
Step=76 ##################............ Axiom61 41(0,3) - g2 f(0,1,3) + f(0,3,4) >= f(0,3) + f(0,1,2,3,4)
Step=76 ##################............ Axiom67 42(0,1) - g2 f(0,1,2) + f(0,1,4) >= f(0,1) + f(0,1,2,3,4)
Step=76 ##################............ Axiom69 42(0,3) - g2 f(0,2,3) + f(0,3,4) >= f(0,3) + f(0,1,2,3,4)
Step=76 ##################............ Axiom75 43(0,1) - g2 f(0,1,3) + f(0,1,4) >= f(0,1) + f(0,1,2,3,4)
Step=76 ##################............ Axiom77 43(0,2) - g2 f(0,2,3) + f(0,2,4) >= f(0,2) + f(0,1,2,3,4)
Step=76 ###################........... Axiom23 21(0,3,4) - g3 f(0,1,2,3,4) >= f(0,3,4)
Step=76 ###################........... Axiom39 31(0,2,4) - g3 f(0,1,2,3,4) >= f(0,2,4)
Step=76 ###################........... Axiom47 32(0,1,4) - g3 f(0,1,2,3,4) >= f(0,1,4)
Step=76 ###################........... Axiom63 41(0,2,3) - g3 f(0,1,2,3,4) >= f(0,2,3)
Step=76 ###################........... Axiom71 42(0,1,3) - g3 f(0,1,2,3,4) >= f(0,1,3)
Step=76 ###################........... Axiom79 43(0,1,2) - g3 f(0,1,2,3,4) >= f(0,1,2)
Step=76 #######################....... Axiom1 10(2) - g1 f(0,2) + f(1,2) >= f(2) + f(0,1,2)
Step=76 #######################....... Axiom2 10(3) - g1 f(0,3) + f(1,3) >= f(3) + f(0,1,3)
Step=76 #######################....... Axiom4 10(4) - g1 f(0,4) + f(1,4) >= f(4) + f(0,1,4)
Step=76 #######################....... Axiom9 20(1) - g1 f(0,1) + f(1,2) >= f(1) + f(0,1,2)
Step=76 #######################....... Axiom10 20(3) - g1 f(0,3) + f(2,3) >= f(3) + f(0,2,3)
Step=76 #######################....... Axiom12 20(4) - g1 f(0,4) + f(2,4) >= f(4) + f(0,2,4)
Step=76 #######################....... Axiom25 30(1) - g1 f(0,1) + f(1,3) >= f(1) + f(0,1,3)
Step=76 #######################....... Axiom26 30(2) - g1 f(0,2) + f(2,3) >= f(2) + f(0,2,3)
Step=76 #######################....... Axiom28 30(4) - g1 f(0,4) + f(3,4) >= f(4) + f(0,3,4)
Step=76 #######################....... Axiom49 40(1) - g1 f(0,1) + f(1,4) >= f(1) + f(0,1,4)
Step=76 #######################....... Axiom50 40(2) - g1 f(0,2) + f(2,4) >= f(2) + f(0,2,4)
Step=76 #######################....... Axiom52 40(3) - g1 f(0,3) + f(3,4) >= f(3) + f(0,3,4)
Step=76 ########################...... Axiom3 10(2,3) - g2 f(0,2,3) + f(1,2,3) >= f(2,3) + f(0,1,2,3,4)
Step=76 ########################...... Axiom5 10(2,4) - g2 f(0,2,4) + f(1,2,4) >= f(0,1,2,3,4) + f(2,4)
Step=76 ########################...... Axiom6 10(3,4) - g2 f(0,3,4) + f(1,3,4) >= f(0,1,2,3,4) + f(3,4)
Step=76 ########################...... Axiom11 20(1,3) - g2 f(0,1,3) + f(1,2,3) >= f(1,3) + f(0,1,2,3,4)
Step=76 ########################...... Axiom13 20(1,4) - g2 f(0,1,4) + f(1,2,4) >= f(0,1,2,3,4) + f(1,4)
Step=76 ########################...... Axiom14 20(3,4) - g2 f(0,3,4) + f(2,3,4) >= f(0,1,2,3,4) + f(3,4)
Step=76 ########################...... Axiom27 30(1,2) - g2 f(0,1,2) + f(1,2,3) >= f(1,2) + f(0,1,2,3,4)
Step=76 ########################...... Axiom29 30(1,4) - g2 f(0,1,4) + f(1,3,4) >= f(0,1,2,3,4) + f(1,4)
Step=76 ########################...... Axiom30 30(2,4) - g2 f(0,2,4) + f(2,3,4) >= f(0,1,2,3,4) + f(2,4)
Step=76 ########################...... Axiom51 40(1,2) - g2 f(0,1,2) + f(1,2,4) >= f(1,2) + f(0,1,2,3,4)
Step=76 ########################...... Axiom53 40(1,3) - g2 f(0,1,3) + f(1,3,4) >= f(1,3) + f(0,1,2,3,4)
Step=76 ########################...... Axiom54 40(2,3) - g2 f(0,2,3) + f(2,3,4) >= f(2,3) + f(0,1,2,3,4)
Step=76 ##########################.... Axiom18 21(3) - g1 f(1,3) + f(2,3) >= f(3) + f(1,2,3)
Step=76 ##########################.... Axiom20 21(4) - g1 f(1,4) + f(2,4) >= f(4) + f(1,2,4)
Step=76 ##########################.... Axiom34 31(2) - g1 f(1,2) + f(2,3) >= f(2) + f(1,2,3)
Step=76 ##########################.... Axiom36 31(4) - g1 f(1,4) + f(3,4) >= f(4) + f(1,3,4)
Step=76 ##########################.... Axiom42 32(1) - g1 f(1,2) + f(1,3) >= f(1) + f(1,2,3)
Step=76 ##########################.... Axiom44 32(4) - g1 f(2,4) + f(3,4) >= f(4) + f(2,3,4)
Step=76 ##########################.... Axiom58 41(2) - g1 f(1,2) + f(2,4) >= f(2) + f(1,2,4)
Step=76 ##########################.... Axiom60 41(3) - g1 f(1,3) + f(3,4) >= f(3) + f(1,3,4)
Step=76 ##########################.... Axiom66 42(1) - g1 f(1,2) + f(1,4) >= f(1) + f(1,2,4)
Step=76 ##########################.... Axiom68 42(3) - g1 f(2,3) + f(3,4) >= f(3) + f(2,3,4)
Step=76 ##########################.... Axiom74 43(1) - g1 f(1,3) + f(1,4) >= f(1) + f(1,3,4)
Step=76 ##########################.... Axiom76 43(2) - g1 f(2,3) + f(2,4) >= f(2) + f(2,3,4)
Step=76 ##########################.... Axiom22 21(3,4) - g2 f(1,3,4) + f(2,3,4) >= f(0,1,2,3,4) + f(3,4)
Step=76 ##########################.... Axiom38 31(2,4) - g2 f(1,2,4) + f(2,3,4) >= f(0,1,2,3,4) + f(2,4)
Step=76 ##########################.... Axiom46 32(1,4) - g2 f(1,2,4) + f(1,3,4) >= f(0,1,2,3,4) + f(1,4)
Step=76 ##########################.... Axiom62 41(2,3) - g2 f(1,2,3) + f(2,3,4) >= f(2,3) + f(0,1,2,3,4)
Step=76 ##########################.... Axiom70 42(1,3) - g2 f(1,2,3) + f(1,3,4) >= f(1,3) + f(0,1,2,3,4)
Step=76 ##########################.... Axiom78 43(1,2) - g2 f(1,2,3) + f(1,2,4) >= f(1,2) + f(0,1,2,3,4)
Step=76 ############################## Axiom17 21(0) - g1 f(0,1) + f(0,2) >= f(0) + f(0,1,2)
Step=76 ############################## Axiom33 31(0) - g1 f(0,1) + f(0,3) >= f(0) + f(0,1,3)
Step=76 ############################## Axiom41 32(0) - g1 f(0,2) + f(0,3) >= f(0) + f(0,2,3)
Step=76 ############################## Axiom57 41(0) - g1 f(0,1) + f(0,4) >= f(0) + f(0,1,4)
Step=76 ############################## Axiom65 42(0) - g1 f(0,2) + f(0,4) >= f(0) + f(0,2,4)
Step=76 ############################## Axiom73 43(0) - g1 f(0,3) + f(0,4) >= f(0) + f(0,3,4)

Ordered by number of previous rays:
Step=76 $$$$$$$$$$$$$$$$$$$$$$$$$$.... (min) Axiom16 21() - g0 f(1) + f(2) >= f(1,2)
Step=76 $$$$$$$$$$$$$$$$$$$$$$$$$$.... (min) Axiom32 31() - g0 f(1) + f(3) >= f(1,3)
Step=76 $$$$$$$$$$$$$$$$$$$$$$$$$$.... (min) Axiom40 32() - g0 f(2) + f(3) >= f(2,3)
Step=76 $$$$$$$$$$$$$$$$$$$$$$$$$$.... (min) Axiom56 41() - g0 f(1) + f(4) >= f(1,4)
Step=76 $$$$$$$$$$$$$$$$$$$$$$$$$$.... (min) Axiom64 42() - g0 f(2) + f(4) >= f(2,4)
Step=76 $$$$$$$$$$$$$$$$$$$$$$$$$$.... (min) Axiom72 43() - g0 f(3) + f(4) >= f(3,4)
Step=76 $$$$$$$$$$$$$$$$$$$$$$$$$$$... Axiom23 21(0,3,4) - g3 f(0,1,2,3,4) >= f(0,3,4)
Step=76 $$$$$$$$$$$$$$$$$$$$$$$$$$$... Axiom39 31(0,2,4) - g3 f(0,1,2,3,4) >= f(0,2,4)
Step=76 $$$$$$$$$$$$$$$$$$$$$$$$$$$... Axiom47 32(0,1,4) - g3 f(0,1,2,3,4) >= f(0,1,4)
Step=76 $$$$$$$$$$$$$$$$$$$$$$$$$$$... Axiom63 41(0,2,3) - g3 f(0,1,2,3,4) >= f(0,2,3)
Step=76 $$$$$$$$$$$$$$$$$$$$$$$$$$$... Axiom71 42(0,1,3) - g3 f(0,1,2,3,4) >= f(0,1,3)
Step=76 $$$$$$$$$$$$$$$$$$$$$$$$$$$... Axiom79 43(0,1,2) - g3 f(0,1,2,3,4) >= f(0,1,2)
Step=76 $$$$$$$$$$$$$$$$$$$$$$$$$$$... Axiom1 10(2) - g1 f(0,2) + f(1,2) >= f(2) + f(0,1,2)
Step=76 $$$$$$$$$$$$$$$$$$$$$$$$$$$... Axiom2 10(3) - g1 f(0,3) + f(1,3) >= f(3) + f(0,1,3)
Step=76 $$$$$$$$$$$$$$$$$$$$$$$$$$$... Axiom4 10(4) - g1 f(0,4) + f(1,4) >= f(4) + f(0,1,4)
Step=76 $$$$$$$$$$$$$$$$$$$$$$$$$$$... Axiom9 20(1) - g1 f(0,1) + f(1,2) >= f(1) + f(0,1,2)
Step=76 $$$$$$$$$$$$$$$$$$$$$$$$$$$... Axiom10 20(3) - g1 f(0,3) + f(2,3) >= f(3) + f(0,2,3)
Step=76 $$$$$$$$$$$$$$$$$$$$$$$$$$$... Axiom12 20(4) - g1 f(0,4) + f(2,4) >= f(4) + f(0,2,4)
Step=76 $$$$$$$$$$$$$$$$$$$$$$$$$$$... Axiom25 30(1) - g1 f(0,1) + f(1,3) >= f(1) + f(0,1,3)
Step=76 $$$$$$$$$$$$$$$$$$$$$$$$$$$... Axiom26 30(2) - g1 f(0,2) + f(2,3) >= f(2) + f(0,2,3)
Step=76 $$$$$$$$$$$$$$$$$$$$$$$$$$$... Axiom28 30(4) - g1 f(0,4) + f(3,4) >= f(4) + f(0,3,4)
Step=76 $$$$$$$$$$$$$$$$$$$$$$$$$$$... Axiom49 40(1) - g1 f(0,1) + f(1,4) >= f(1) + f(0,1,4)
Step=76 $$$$$$$$$$$$$$$$$$$$$$$$$$$... Axiom50 40(2) - g1 f(0,2) + f(2,4) >= f(2) + f(0,2,4)
Step=76 $$$$$$$$$$$$$$$$$$$$$$$$$$$... Axiom52 40(3) - g1 f(0,3) + f(3,4) >= f(3) + f(0,3,4)
Step=76 $$$$$$$$$$$$$$$$$$$$$$$$$$$... Axiom7 10(2,3,4) - g3 f(0,1,2,3,4) >= f(2,3,4)
Step=76 $$$$$$$$$$$$$$$$$$$$$$$$$$$... Axiom15 20(1,3,4) - g3 f(0,1,2,3,4) >= f(1,3,4)
Step=76 $$$$$$$$$$$$$$$$$$$$$$$$$$$... Axiom31 30(1,2,4) - g3 f(0,1,2,3,4) >= f(1,2,4)
Step=76 $$$$$$$$$$$$$$$$$$$$$$$$$$$... Axiom55 40(1,2,3) - g3 f(0,1,2,3,4) >= f(1,2,3)
Step=76 $$$$$$$$$$$$$$$$$$$$$$$$$$$$.. Axiom19 21(0,3) - g2 f(0,1,3) + f(0,2,3) >= f(0,3) + f(0,1,2,3,4)
Step=76 $$$$$$$$$$$$$$$$$$$$$$$$$$$$.. Axiom21 21(0,4) - g2 f(0,1,4) + f(0,2,4) >= f(0,1,2,3,4) + f(0,4)
Step=76 $$$$$$$$$$$$$$$$$$$$$$$$$$$$.. Axiom35 31(0,2) - g2 f(0,1,2) + f(0,2,3) >= f(0,2) + f(0,1,2,3,4)
Step=76 $$$$$$$$$$$$$$$$$$$$$$$$$$$$.. Axiom37 31(0,4) - g2 f(0,1,4) + f(0,3,4) >= f(0,1,2,3,4) + f(0,4)
Step=76 $$$$$$$$$$$$$$$$$$$$$$$$$$$$.. Axiom43 32(0,1) - g2 f(0,1,2) + f(0,1,3) >= f(0,1) + f(0,1,2,3,4)
Step=76 $$$$$$$$$$$$$$$$$$$$$$$$$$$$.. Axiom45 32(0,4) - g2 f(0,2,4) + f(0,3,4) >= f(0,1,2,3,4) + f(0,4)
Step=76 $$$$$$$$$$$$$$$$$$$$$$$$$$$$.. Axiom59 41(0,2) - g2 f(0,1,2) + f(0,2,4) >= f(0,2) + f(0,1,2,3,4)
Step=76 $$$$$$$$$$$$$$$$$$$$$$$$$$$$.. Axiom61 41(0,3) - g2 f(0,1,3) + f(0,3,4) >= f(0,3) + f(0,1,2,3,4)
Step=76 $$$$$$$$$$$$$$$$$$$$$$$$$$$$.. Axiom67 42(0,1) - g2 f(0,1,2) + f(0,1,4) >= f(0,1) + f(0,1,2,3,4)
Step=76 $$$$$$$$$$$$$$$$$$$$$$$$$$$$.. Axiom69 42(0,3) - g2 f(0,2,3) + f(0,3,4) >= f(0,3) + f(0,1,2,3,4)
Step=76 $$$$$$$$$$$$$$$$$$$$$$$$$$$$.. Axiom75 43(0,1) - g2 f(0,1,3) + f(0,1,4) >= f(0,1) + f(0,1,2,3,4)
Step=76 $$$$$$$$$$$$$$$$$$$$$$$$$$$$.. Axiom77 43(0,2) - g2 f(0,2,3) + f(0,2,4) >= f(0,2) + f(0,1,2,3,4)
Step=76 $$$$$$$$$$$$$$$$$$$$$$$$$$$$.. Axiom22 21(3,4) - g2 f(1,3,4) + f(2,3,4) >= f(0,1,2,3,4) + f(3,4)
Step=76 $$$$$$$$$$$$$$$$$$$$$$$$$$$$.. Axiom38 31(2,4) - g2 f(1,2,4) + f(2,3,4) >= f(0,1,2,3,4) + f(2,4)
Step=76 $$$$$$$$$$$$$$$$$$$$$$$$$$$$.. Axiom46 32(1,4) - g2 f(1,2,4) + f(1,3,4) >= f(0,1,2,3,4) + f(1,4)
Step=76 $$$$$$$$$$$$$$$$$$$$$$$$$$$$.. Axiom62 41(2,3) - g2 f(1,2,3) + f(2,3,4) >= f(2,3) + f(0,1,2,3,4)
Step=76 $$$$$$$$$$$$$$$$$$$$$$$$$$$$.. Axiom70 42(1,3) - g2 f(1,2,3) + f(1,3,4) >= f(1,3) + f(0,1,2,3,4)
Step=76 $$$$$$$$$$$$$$$$$$$$$$$$$$$$.. Axiom78 43(1,2) - g2 f(1,2,3) + f(1,2,4) >= f(1,2) + f(0,1,2,3,4)
Step=76 $$$$$$$$$$$$$$$$$$$$$$$$$$$$.. Axiom3 10(2,3) - g2 f(0,2,3) + f(1,2,3) >= f(2,3) + f(0,1,2,3,4)
Step=76 $$$$$$$$$$$$$$$$$$$$$$$$$$$$.. Axiom5 10(2,4) - g2 f(0,2,4) + f(1,2,4) >= f(0,1,2,3,4) + f(2,4)
Step=76 $$$$$$$$$$$$$$$$$$$$$$$$$$$$.. Axiom6 10(3,4) - g2 f(0,3,4) + f(1,3,4) >= f(0,1,2,3,4) + f(3,4)
Step=76 $$$$$$$$$$$$$$$$$$$$$$$$$$$$.. Axiom11 20(1,3) - g2 f(0,1,3) + f(1,2,3) >= f(1,3) + f(0,1,2,3,4)
Step=76 $$$$$$$$$$$$$$$$$$$$$$$$$$$$.. Axiom13 20(1,4) - g2 f(0,1,4) + f(1,2,4) >= f(0,1,2,3,4) + f(1,4)
Step=76 $$$$$$$$$$$$$$$$$$$$$$$$$$$$.. Axiom14 20(3,4) - g2 f(0,3,4) + f(2,3,4) >= f(0,1,2,3,4) + f(3,4)
Step=76 $$$$$$$$$$$$$$$$$$$$$$$$$$$$.. Axiom27 30(1,2) - g2 f(0,1,2) + f(1,2,3) >= f(1,2) + f(0,1,2,3,4)
Step=76 $$$$$$$$$$$$$$$$$$$$$$$$$$$$.. Axiom29 30(1,4) - g2 f(0,1,4) + f(1,3,4) >= f(0,1,2,3,4) + f(1,4)
Step=76 $$$$$$$$$$$$$$$$$$$$$$$$$$$$.. Axiom30 30(2,4) - g2 f(0,2,4) + f(2,3,4) >= f(0,1,2,3,4) + f(2,4)
Step=76 $$$$$$$$$$$$$$$$$$$$$$$$$$$$.. Axiom51 40(1,2) - g2 f(0,1,2) + f(1,2,4) >= f(1,2) + f(0,1,2,3,4)
Step=76 $$$$$$$$$$$$$$$$$$$$$$$$$$$$.. Axiom53 40(1,3) - g2 f(0,1,3) + f(1,3,4) >= f(1,3) + f(0,1,2,3,4)
Step=76 $$$$$$$$$$$$$$$$$$$$$$$$$$$$.. Axiom54 40(2,3) - g2 f(0,2,3) + f(2,3,4) >= f(2,3) + f(0,1,2,3,4)
Step=76 $$$$$$$$$$$$$$$$$$$$$$$$$$$$$. Axiom17 21(0) - g1 f(0,1) + f(0,2) >= f(0) + f(0,1,2)
Step=76 $$$$$$$$$$$$$$$$$$$$$$$$$$$$$. Axiom33 31(0) - g1 f(0,1) + f(0,3) >= f(0) + f(0,1,3)
Step=76 $$$$$$$$$$$$$$$$$$$$$$$$$$$$$. Axiom41 32(0) - g1 f(0,2) + f(0,3) >= f(0) + f(0,2,3)
Step=76 $$$$$$$$$$$$$$$$$$$$$$$$$$$$$. Axiom57 41(0) - g1 f(0,1) + f(0,4) >= f(0) + f(0,1,4)
Step=76 $$$$$$$$$$$$$$$$$$$$$$$$$$$$$. Axiom65 42(0) - g1 f(0,2) + f(0,4) >= f(0) + f(0,2,4)
Step=76 $$$$$$$$$$$$$$$$$$$$$$$$$$$$$. Axiom73 43(0) - g1 f(0,3) + f(0,4) >= f(0) + f(0,3,4)
Step=76 $$$$$$$$$$$$$$$$$$$$$$$$$$$$$$ Axiom18 21(3) - g1 f(1,3) + f(2,3) >= f(3) + f(1,2,3)
Step=76 $$$$$$$$$$$$$$$$$$$$$$$$$$$$$$ Axiom20 21(4) - g1 f(1,4) + f(2,4) >= f(4) + f(1,2,4)
Step=76 $$$$$$$$$$$$$$$$$$$$$$$$$$$$$$ Axiom34 31(2) - g1 f(1,2) + f(2,3) >= f(2) + f(1,2,3)
Step=76 $$$$$$$$$$$$$$$$$$$$$$$$$$$$$$ Axiom36 31(4) - g1 f(1,4) + f(3,4) >= f(4) + f(1,3,4)
Step=76 $$$$$$$$$$$$$$$$$$$$$$$$$$$$$$ Axiom42 32(1) - g1 f(1,2) + f(1,3) >= f(1) + f(1,2,3)
Step=76 $$$$$$$$$$$$$$$$$$$$$$$$$$$$$$ Axiom44 32(4) - g1 f(2,4) + f(3,4) >= f(4) + f(2,3,4)
Step=76 $$$$$$$$$$$$$$$$$$$$$$$$$$$$$$ Axiom58 41(2) - g1 f(1,2) + f(2,4) >= f(2) + f(1,2,4)
Step=76 $$$$$$$$$$$$$$$$$$$$$$$$$$$$$$ Axiom60 41(3) - g1 f(1,3) + f(3,4) >= f(3) + f(1,3,4)
Step=76 $$$$$$$$$$$$$$$$$$$$$$$$$$$$$$ Axiom66 42(1) - g1 f(1,2) + f(1,4) >= f(1) + f(1,2,4)
Step=76 $$$$$$$$$$$$$$$$$$$$$$$$$$$$$$ Axiom68 42(3) - g1 f(2,3) + f(3,4) >= f(3) + f(2,3,4)
Step=76 $$$$$$$$$$$$$$$$$$$$$$$$$$$$$$ Axiom74 43(1) - g1 f(1,3) + f(1,4) >= f(1) + f(1,3,4)
Step=76 $$$$$$$$$$$$$$$$$$$$$$$$$$$$$$ Axiom76 43(2) - g1 f(2,3) + f(2,4) >= f(2) + f(2,3,4)
