! VaryAxiom=6 NoInitialAxiomSet
Step=58 PrevRays=  3315 ResultRays=  3625 RayPairs=    727434 NewAxiom=9 PrevAxioms=6,10,11,12,13,14,17,18,20,22,23,25,26,27,28,29,33,36,41,45,49,50,57,65,72,73,19,21,37,69,77,35,53,34,38,43,42,59,30,67,54,52,31,39,63,61,60,75,78,62,55,74,66,51,70,46,58,+9 MissingAxioms=0,1,2,3,4,5,7,8,15,16,24,32,40,44,47,48,56,64,68,71,76,79 TotalTime=0.6
Step=58 PrevRays=  3652 ResultRays=  3625 RayPairs=   1440207 NewAxiom=10 PrevAxioms=6,9,11,12,13,14,17,18,19,20,22,23,25,26,28,29,33,36,41,45,49,50,57,65,72,73,21,27,35,37,43,42,30,54,39,69,77,51,34,67,59,63,66,38,53,31,61,75,74,78,58,62,60,52,55,70,46,+10 MissingAxioms=0,1,2,3,4,5,7,8,15,16,24,32,40,44,47,48,56,64,68,71,76,79 TotalTime=0.5
Step=58 PrevRays=  3466 ResultRays=  3625 RayPairs=    856957 NewAxiom=11 PrevAxioms=6,9,10,12,13,14,17,18,19,20,22,23,25,26,28,29,33,36,41,45,49,50,57,65,72,73,21,35,37,43,51,53,69,77,38,70,75,61,63,74,30,54,52,59,39,67,58,31,62,55,66,78,27,34,60,42,46,+11 MissingAxioms=0,1,2,3,4,5,7,8,15,16,24,32,40,44,47,48,56,64,68,71,76,79 TotalTime=0.6
Step=58 PrevRays=  3652 ResultRays=  3625 RayPairs=   1440207 NewAxiom=12 PrevAxioms=6,9,10,11,13,14,17,18,20,21,22,23,25,26,28,29,33,36,41,45,49,50,57,65,72,73,19,37,51,59,67,77,38,66,53,69,61,27,75,70,74,39,58,55,35,43,42,63,78,31,54,52,62,30,60,46,34,+12 MissingAxioms=0,1,2,3,4,5,7,8,15,16,24,32,40,44,47,48,56,64,68,71,76,79 TotalTime=0.7
Step=58 PrevRays=  3466 ResultRays=  3625 RayPairs=    856957 NewAxiom=13 PrevAxioms=6,9,10,11,12,14,17,18,20,21,22,23,25,26,28,29,33,36,41,45,49,50,57,65,72,73,19,30,38,53,59,67,77,54,69,27,43,52,37,75,61,74,70,39,42,63,35,60,62,55,31,51,58,78,46,66,34,+13 MissingAxioms=0,1,2,3,4,5,7,8,15,16,24,32,40,44,47,48,56,64,68,71,76,79 TotalTime=0.5
Step=58 PrevRays=  3261 ResultRays=  3625 RayPairs=    667264 NewAxiom=14 PrevAxioms=6,9,10,11,12,13,17,18,20,22,23,25,26,28,29,30,33,36,41,45,49,50,57,65,72,73,19,21,37,54,69,77,27,59,61,53,67,38,75,74,51,66,63,58,46,42,39,31,43,35,52,55,62,78,60,70,34,+14 MissingAxioms=0,1,2,3,4,5,7,8,15,16,24,32,40,44,47,48,56,64,68,71,76,79 TotalTime=0.6
Step=58 PrevRays=  3349 ResultRays=  3625 RayPairs=    754470 NewAxiom=17 PrevAxioms=6,9,10,11,12,13,14,18,20,22,23,25,26,28,29,33,34,36,41,45,49,50,57,65,72,73,19,21,37,69,77,27,61,35,75,30,39,54,51,43,52,70,63,42,59,58,67,38,62,53,74,55,31,60,78,66,46,+17 MissingAxioms=0,1,2,3,4,5,7,8,15,16,24,32,40,44,47,48,56,64,68,71,76,79 TotalTime=0.5
Step=58 PrevRays=  3515 ResultRays=  3625 RayPairs=   1331685 NewAxiom=18 PrevAxioms=6,9,10,11,12,13,14,17,19,20,22,23,25,26,28,29,33,36,41,45,49,50,57,65,72,73,21,27,35,37,43,42,30,54,39,69,77,52,51,34,67,59,63,66,38,53,31,61,60,75,78,74,55,62,70,46,58,+18 MissingAxioms=0,1,2,3,4,5,7,8,15,16,24,32,40,44,47,48,56,64,68,71,76,79 TotalTime=0.6
Step=58 PrevRays=  3944 ResultRays=  3625 RayPairs=   1389024 NewAxiom=19 PrevAxioms=6,9,10,11,12,13,14,17,18,20,22,23,25,26,28,29,33,36,41,45,49,50,57,65,72,73,21,27,37,69,77,59,61,30,54,67,75,51,52,70,39,53,74,38,58,31,55,62,34,35,43,42,60,66,63,46,78,+19 MissingAxioms=0,1,2,3,4,5,7,8,15,16,24,32,40,44,47,48,56,64,68,71,76,79 TotalTime=0.9
Step=58 PrevRays=  3515 ResultRays=  3625 RayPairs=   1331685 NewAxiom=20 PrevAxioms=6,9,10,11,12,13,14,17,18,21,22,23,25,26,28,29,33,36,41,45,49,50,57,65,72,73,19,30,51,59,67,77,53,54,69,66,27,37,61,75,52,39,70,74,63,35,58,42,55,62,60,43,78,46,31,38,34,+20 MissingAxioms=0,1,2,3,4,5,7,8,15,16,24,32,40,44,47,48,56,64,68,71,76,79 TotalTime=0.5
Step=58 PrevRays=  3944 ResultRays=  3625 RayPairs=   1389024 NewAxiom=21 PrevAxioms=6,9,10,11,12,13,14,17,18,20,22,23,25,26,28,29,33,36,41,45,49,50,57,65,72,73,19,30,38,51,69,77,35,53,54,43,52,37,75,61,63,27,70,74,42,46,66,67,31,55,62,78,60,59,58,39,34,+21 MissingAxioms=0,1,2,3,4,5,7,8,15,16,24,32,40,44,47,48,56,64,68,71,76,79 TotalTime=0.6
Step=58 PrevRays=  3365 ResultRays=  3625 RayPairs=    783545 NewAxiom=22 PrevAxioms=6,9,10,11,12,13,14,17,18,20,23,25,26,28,29,31,33,36,41,45,49,50,57,65,72,73,19,21,37,69,77,27,59,61,30,54,67,75,53,43,52,74,42,63,78,35,51,66,39,38,58,55,62,46,70,34,60,+22 MissingAxioms=0,1,2,3,4,5,7,8,15,16,24,32,40,44,47,48,56,64,68,71,76,79 TotalTime=0.6
Step=58 PrevRays=  2559 ResultRays=  3625 RayPairs=    404724 NewAxiom=23 PrevAxioms=6,9,10,11,12,13,14,17,18,20,22,25,26,28,29,31,33,36,41,45,49,50,57,65,72,73,19,21,37,69,77,27,59,61,30,54,67,75,53,43,52,74,70,42,38,39,51,58,55,35,63,62,66,60,78,46,34,+23 MissingAxioms=0,1,2,3,4,5,7,8,15,16,24,32,40,44,47,48,56,64,68,71,76,79 TotalTime=0.5
Step=58 PrevRays=  3414 ResultRays=  3625 RayPairs=    806610 NewAxiom=25 PrevAxioms=6,9,10,11,12,13,14,17,18,20,22,23,26,27,28,29,33,36,41,45,49,50,57,65,72,73,19,21,37,69,77,35,51,34,38,43,42,61,75,30,54,63,52,70,39,59,58,67,62,55,60,66,46,31,53,74,78,+25 MissingAxioms=0,1,2,3,4,5,7,8,15,16,24,32,40,44,47,48,56,64,68,71,76,79 TotalTime=0.6
Step=58 PrevRays=  3408 ResultRays=  3625 RayPairs=   1272525 NewAxiom=26 PrevAxioms=6,9,10,11,12,13,14,17,18,20,22,23,25,28,29,33,34,36,41,45,49,50,57,65,72,73,19,21,37,69,77,27,59,61,30,67,75,53,43,74,70,39,42,38,31,62,60,63,35,51,55,54,66,78,46,58,52,+26 MissingAxioms=0,1,2,3,4,5,7,8,15,16,24,32,40,44,47,48,56,64,68,71,76,79 TotalTime=1.0
Step=58 PrevRays=  3855 ResultRays=  3625 RayPairs=   1256200 NewAxiom=27 PrevAxioms=6,9,10,11,12,13,14,17,18,20,22,23,25,26,28,29,33,36,41,45,49,50,57,65,72,73,19,21,37,69,77,35,51,43,53,38,42,61,75,70,74,63,30,54,52,39,59,58,67,31,60,55,62,66,78,46,34,+27 MissingAxioms=0,1,2,3,4,5,7,8,15,16,24,32,40,44,47,48,56,64,68,71,76,79 TotalTime=0.7
Step=58 PrevRays=  3618 ResultRays=  3625 RayPairs=   1396038 NewAxiom=28 PrevAxioms=6,9,10,11,12,13,14,17,18,20,22,23,25,26,29,30,33,36,41,45,49,50,57,65,72,73,19,21,53,54,69,77,35,38,43,51,52,27,42,70,34,59,67,66,78,74,75,63,39,37,31,62,55,60,61,46,58,+28 MissingAxioms=0,1,2,3,4,5,7,8,15,16,24,32,40,44,47,48,56,64,68,71,76,79 TotalTime=0.7
Step=58 PrevRays=  3741 ResultRays=  3625 RayPairs=   1239372 NewAxiom=29 PrevAxioms=6,9,10,11,12,13,14,17,18,20,22,23,25,26,28,31,33,36,41,45,49,50,57,65,72,73,19,21,69,77,27,59,30,54,67,38,39,37,61,75,51,55,46,66,52,63,35,43,62,60,53,58,42,74,78,70,34,+29 MissingAxioms=0,1,2,3,4,5,7,8,15,16,24,32,40,44,47,48,56,64,68,71,76,79 TotalTime=0.7
Step=58 PrevRays=  3573 ResultRays=  3625 RayPairs=    836271 NewAxiom=30 PrevAxioms=6,9,10,11,12,13,14,17,18,20,22,23,25,26,28,29,33,36,41,45,49,50,57,65,72,73,19,21,37,69,77,27,59,61,53,67,38,70,51,66,75,74,63,58,52,54,39,35,43,42,46,78,31,55,62,60,34,+30 MissingAxioms=0,1,2,3,4,5,7,8,15,16,24,32,40,44,47,48,56,64,68,71,76,79 TotalTime=0.6
Step=58 PrevRays=  3056 ResultRays=  3625 RayPairs=    823595 NewAxiom=31 PrevAxioms=6,9,10,11,12,13,14,17,18,20,22,23,25,26,28,29,33,36,41,45,49,50,57,65,72,73,19,21,37,69,77,27,59,61,30,54,67,75,53,43,52,74,70,39,42,38,51,58,63,35,66,55,62,78,60,46,34,+31 MissingAxioms=0,1,2,3,4,5,7,8,15,16,24,32,40,44,47,48,56,64,68,71,76,79 TotalTime=0.6
Step=58 PrevRays=  3275 ResultRays=  3625 RayPairs=    722682 NewAxiom=33 PrevAxioms=6,9,10,11,12,13,14,17,18,20,22,23,25,26,28,29,34,36,41,45,49,50,57,65,72,73,19,21,37,69,77,27,59,35,67,30,39,54,51,63,52,70,43,53,38,31,42,62,55,60,61,75,74,66,78,46,58,+33 MissingAxioms=0,1,2,3,4,5,7,8,15,16,24,32,40,44,47,48,56,64,68,71,76,79 TotalTime=0.7
Step=58 PrevRays=  3381 ResultRays=  3625 RayPairs=   1289960 NewAxiom=34 PrevAxioms=6,9,10,11,12,13,14,17,18,20,22,23,25,26,28,29,33,36,41,45,49,50,57,65,72,73,19,21,37,69,77,27,59,61,30,54,67,75,53,43,52,74,70,39,42,38,51,58,31,55,35,63,62,60,78,66,46,+34 MissingAxioms=0,1,2,3,4,5,7,8,15,16,24,32,40,44,47,48,56,64,68,71,76,79 TotalTime=0.7
Step=58 PrevRays=  3819 ResultRays=  3625 RayPairs=   1235949 NewAxiom=35 PrevAxioms=6,9,10,11,12,13,14,17,18,20,22,23,25,26,28,29,33,36,41,45,49,50,57,65,72,73,19,21,37,69,77,27,59,61,30,54,67,75,53,43,52,74,70,39,42,38,51,58,31,55,63,62,34,60,46,66,78,+35 MissingAxioms=0,1,2,3,4,5,7,8,15,16,24,32,40,44,47,48,56,64,68,71,76,79 TotalTime=0.7
Step=58 PrevRays=  3354 ResultRays=  3625 RayPairs=   1049670 NewAxiom=36 PrevAxioms=6,9,10,11,12,13,14,17,18,20,22,23,25,26,28,29,33,37,41,45,49,50,57,65,72,73,19,21,53,61,69,75,74,27,30,54,59,77,67,52,39,60,46,63,35,43,66,34,51,62,55,31,38,58,42,70,78,+36 MissingAxioms=0,1,2,3,4,5,7,8,15,16,24,32,40,44,47,48,56,64,68,71,76,79 TotalTime=0.6
Step=58 PrevRays=  3854 ResultRays=  3625 RayPairs=   1079061 NewAxiom=37 PrevAxioms=6,9,10,11,12,13,14,17,18,20,22,23,25,26,28,29,33,36,41,45,49,50,57,65,72,73,19,21,53,69,77,35,30,54,43,27,38,42,51,46,39,31,67,59,63,58,61,52,60,62,55,75,74,78,66,70,34,+37 MissingAxioms=0,1,2,3,4,5,7,8,15,16,24,32,40,44,47,48,56,64,68,71,76,79 TotalTime=0.7
Step=58 PrevRays=  3540 ResultRays=  3625 RayPairs=    773625 NewAxiom=38 PrevAxioms=6,9,10,11,12,13,14,17,18,20,22,23,25,26,28,29,33,36,41,45,49,50,57,65,72,73,19,21,37,69,77,27,59,61,30,54,67,75,53,43,52,74,70,39,42,63,51,58,35,31,55,62,60,78,46,66,34,+38 MissingAxioms=0,1,2,3,4,5,7,8,15,16,24,32,40,44,47,48,56,64,68,71,76,79 TotalTime=0.6
Step=58 PrevRays=  3387 ResultRays=  3625 RayPairs=   1056528 NewAxiom=39 PrevAxioms=6,9,10,11,12,13,14,17,18,20,22,23,25,26,28,29,33,36,41,45,49,50,57,65,72,73,19,21,37,69,77,27,59,61,30,54,67,75,53,43,52,74,70,42,63,38,51,58,35,31,46,55,62,34,66,60,78,+39 MissingAxioms=0,1,2,3,4,5,7,8,15,16,24,32,40,44,47,48,56,64,68,71,76,79 TotalTime=0.7
Step=58 PrevRays=  3563 ResultRays=  3625 RayPairs=   1191900 NewAxiom=41 PrevAxioms=6,9,10,11,12,13,14,17,18,20,22,23,25,26,28,29,33,36,42,45,49,50,57,65,72,73,19,21,37,27,43,59,67,75,61,30,54,53,69,77,52,74,63,38,51,58,31,39,35,70,55,62,60,78,66,46,34,+41 MissingAxioms=0,1,2,3,4,5,7,8,15,16,24,32,40,44,47,48,56,64,68,71,76,79 TotalTime=0.7
Step=58 PrevRays=  3611 ResultRays=  3625 RayPairs=   1225290 NewAxiom=42 PrevAxioms=6,9,10,11,12,13,14,17,18,20,22,23,25,26,28,29,33,36,41,45,49,50,57,65,72,73,19,21,37,69,77,27,59,61,30,54,67,75,53,43,52,74,70,39,38,51,58,31,55,35,63,62,34,60,66,78,46,+42 MissingAxioms=0,1,2,3,4,5,7,8,15,16,24,32,40,44,47,48,56,64,68,71,76,79 TotalTime=0.7
Step=58 PrevRays=  3505 ResultRays=  3625 RayPairs=    637308 NewAxiom=43 PrevAxioms=6,9,10,11,12,13,14,17,18,20,22,23,25,26,28,29,33,36,41,45,49,50,57,65,72,73,19,21,37,69,77,27,59,61,30,54,67,75,53,52,63,46,74,39,35,60,38,31,66,51,55,62,34,78,42,70,58,+43 MissingAxioms=0,1,2,3,4,5,7,8,15,16,24,32,40,44,47,48,56,64,68,71,76,79 TotalTime=0.5
Step=58 PrevRays=  3640 ResultRays=  3625 RayPairs=   1299168 NewAxiom=45 PrevAxioms=6,9,10,11,12,13,14,17,18,20,22,23,25,26,28,29,33,36,41,46,49,50,57,65,72,73,19,21,37,27,59,67,75,61,30,54,53,43,52,74,35,42,78,63,39,60,38,31,66,70,34,62,55,51,69,77,58,+45 MissingAxioms=0,1,2,3,4,5,7,8,15,16,24,32,40,44,47,48,56,64,68,71,76,79 TotalTime=0.5
Step=58 PrevRays=  3532 ResultRays=  3625 RayPairs=   1212822 NewAxiom=46 PrevAxioms=6,9,10,11,12,13,14,17,18,20,22,23,25,26,28,29,33,36,41,45,49,50,57,65,72,73,19,21,37,69,77,27,59,61,30,54,67,75,53,43,52,74,70,39,42,38,51,58,31,55,35,63,62,60,78,66,34,+46 MissingAxioms=0,1,2,3,4,5,7,8,15,16,24,32,40,44,47,48,56,64,68,71,76,79 TotalTime=0.7
Step=58 PrevRays=  3414 ResultRays=  3625 RayPairs=    806610 NewAxiom=49 PrevAxioms=6,9,10,11,12,13,14,17,18,20,22,23,25,26,28,29,33,36,41,45,50,51,57,65,72,73,19,21,37,69,77,27,59,58,75,30,54,67,61,52,63,46,74,39,35,43,42,38,31,66,34,62,60,53,70,78,55,+49 MissingAxioms=0,1,2,3,4,5,7,8,15,16,24,32,40,44,47,48,56,64,68,71,76,79 TotalTime=0.5
Step=58 PrevRays=  3408 ResultRays=  3625 RayPairs=   1272525 NewAxiom=50 PrevAxioms=6,9,10,11,12,13,14,17,18,20,22,23,25,26,28,29,33,36,41,45,49,52,57,65,72,73,19,21,37,69,77,27,59,61,30,67,75,53,54,43,74,38,42,63,51,66,58,39,31,35,46,78,60,62,55,70,34,+50 MissingAxioms=0,1,2,3,4,5,7,8,15,16,24,32,40,44,47,48,56,64,68,71,76,79 TotalTime=0.7
Step=58 PrevRays=  3855 ResultRays=  3625 RayPairs=   1256200 NewAxiom=51 PrevAxioms=6,9,10,11,12,13,14,17,18,20,22,23,25,26,28,29,33,36,41,45,49,50,57,65,72,73,19,21,37,69,77,27,59,61,30,54,67,75,53,43,52,74,70,39,42,38,31,63,35,60,62,55,34,66,78,46,58,+51 MissingAxioms=0,1,2,3,4,5,7,8,15,16,24,32,40,44,47,48,56,64,68,71,76,79 TotalTime=0.6
Step=58 PrevRays=  3618 ResultRays=  3625 RayPairs=   1396038 NewAxiom=52 PrevAxioms=6,9,10,11,12,13,14,17,18,20,22,23,25,26,28,29,33,36,41,45,49,50,57,65,72,73,19,21,37,69,77,27,59,61,30,54,67,75,53,43,74,70,39,42,38,31,63,35,51,58,55,62,60,78,66,46,34,+52 MissingAxioms=0,1,2,3,4,5,7,8,15,16,24,32,40,44,47,48,56,64,68,71,76,79 TotalTime=0.7
Step=58 PrevRays=  3741 ResultRays=  3625 RayPairs=   1239372 NewAxiom=53 PrevAxioms=6,9,10,11,12,13,14,17,18,20,22,23,25,26,28,29,33,36,41,45,49,50,57,65,72,73,19,21,37,69,77,27,59,61,30,54,67,75,51,38,66,63,52,58,39,31,55,35,74,43,62,42,60,78,70,46,34,+53 MissingAxioms=0,1,2,3,4,5,7,8,15,16,24,32,40,44,47,48,56,64,68,71,76,79 TotalTime=0.6
Step=58 PrevRays=  3573 ResultRays=  3625 RayPairs=    836271 NewAxiom=54 PrevAxioms=6,9,10,11,12,13,14,17,18,20,22,23,25,26,28,29,33,36,41,45,49,50,57,65,72,73,19,21,37,69,77,27,59,61,30,67,75,53,43,52,74,70,39,42,38,31,63,51,58,35,55,62,34,60,46,66,78,+54 MissingAxioms=0,1,2,3,4,5,7,8,15,16,24,32,40,44,47,48,56,64,68,71,76,79 TotalTime=0.7
Step=58 PrevRays=  3056 ResultRays=  3625 RayPairs=    823595 NewAxiom=55 PrevAxioms=6,9,10,11,12,13,14,17,18,20,22,23,25,26,28,29,33,36,41,45,49,50,57,65,72,73,19,21,37,69,77,27,59,61,30,54,67,75,53,43,52,74,70,39,42,38,51,58,31,63,35,62,34,60,46,66,78,+55 MissingAxioms=0,1,2,3,4,5,7,8,15,16,24,32,40,44,47,48,56,64,68,71,76,79 TotalTime=0.6
Step=58 PrevRays=  3275 ResultRays=  3625 RayPairs=    722682 NewAxiom=57 PrevAxioms=6,9,10,11,12,13,14,17,18,20,22,23,25,26,28,29,33,36,41,45,49,50,58,65,72,73,19,21,37,69,77,27,35,43,30,54,39,42,53,52,75,70,74,38,31,51,59,63,67,61,55,62,46,60,66,78,34,+57 MissingAxioms=0,1,2,3,4,5,7,8,15,16,24,32,40,44,47,48,56,64,68,71,76,79 TotalTime=0.6
Step=58 PrevRays=  3381 ResultRays=  3625 RayPairs=   1289960 NewAxiom=58 PrevAxioms=6,9,10,11,12,13,14,17,18,20,22,23,25,26,28,29,33,36,41,45,49,50,57,65,72,73,19,21,37,69,77,27,59,61,30,54,67,75,53,43,52,74,70,39,42,38,51,66,63,31,55,62,35,78,60,34,46,+58 MissingAxioms=0,1,2,3,4,5,7,8,15,16,24,32,40,44,47,48,56,64,68,71,76,79 TotalTime=0.5
Step=58 PrevRays=  3819 ResultRays=  3625 RayPairs=   1235949 NewAxiom=59 PrevAxioms=6,9,10,11,12,13,14,17,18,20,22,23,25,26,28,29,33,36,41,45,49,50,57,65,72,73,19,21,37,69,77,27,61,67,75,30,54,63,52,53,43,35,46,74,38,31,42,51,66,78,60,62,55,34,58,39,70,+59 MissingAxioms=0,1,2,3,4,5,7,8,15,16,24,32,40,44,47,48,56,64,68,71,76,79 TotalTime=0.7
Step=58 PrevRays=  3354 ResultRays=  3625 RayPairs=   1049670 NewAxiom=60 PrevAxioms=6,9,10,11,12,13,14,17,18,20,22,23,25,26,28,29,33,36,41,45,49,50,57,65,72,73,19,21,37,69,77,27,59,61,30,54,67,75,53,43,52,74,70,39,42,38,51,58,31,55,35,63,62,34,66,46,78,+60 MissingAxioms=0,1,2,3,4,5,7,8,15,16,24,32,40,44,47,48,56,64,68,71,76,79 TotalTime=0.7
Step=58 PrevRays=  3854 ResultRays=  3625 RayPairs=   1079061 NewAxiom=61 PrevAxioms=6,9,10,11,12,13,14,17,18,20,22,23,25,26,28,29,33,36,41,45,49,50,57,65,72,73,19,21,37,69,77,27,59,67,75,30,54,53,43,52,74,70,39,42,38,51,58,31,55,35,63,62,34,60,66,46,78,+61 MissingAxioms=0,1,2,3,4,5,7,8,15,16,24,32,40,44,47,48,56,64,68,71,76,79 TotalTime=0.7
Step=58 PrevRays=  3540 ResultRays=  3625 RayPairs=    773625 NewAxiom=62 PrevAxioms=6,9,10,11,12,13,14,17,18,20,22,23,25,26,28,29,33,36,41,45,49,50,57,65,72,73,19,21,37,69,77,27,59,61,30,54,67,75,53,43,52,74,70,39,42,38,51,58,31,55,35,63,60,66,46,78,34,+62 MissingAxioms=0,1,2,3,4,5,7,8,15,16,24,32,40,44,47,48,56,64,68,71,76,79 TotalTime=0.7
Step=58 PrevRays=  3387 ResultRays=  3625 RayPairs=   1056528 NewAxiom=63 PrevAxioms=6,9,10,11,12,13,14,17,18,20,22,23,25,26,28,29,33,36,41,45,49,50,57,65,72,73,19,21,37,69,77,27,59,61,30,54,67,75,53,43,52,74,70,39,42,38,51,58,31,55,35,62,34,60,66,46,78,+63 MissingAxioms=0,1,2,3,4,5,7,8,15,16,24,32,40,44,47,48,56,64,68,71,76,79 TotalTime=0.7
Step=58 PrevRays=  3563 ResultRays=  3625 RayPairs=   1191900 NewAxiom=65 PrevAxioms=6,9,10,11,12,13,14,17,18,20,22,23,25,26,28,29,33,36,41,45,49,50,57,66,72,73,19,21,37,77,27,59,61,30,54,75,53,63,52,35,39,46,74,43,60,38,31,42,70,78,67,62,34,51,55,58,69,+65 MissingAxioms=0,1,2,3,4,5,7,8,15,16,24,32,40,44,47,48,56,64,68,71,76,79 TotalTime=0.5
Step=58 PrevRays=  3611 ResultRays=  3625 RayPairs=   1225290 NewAxiom=66 PrevAxioms=6,9,10,11,12,13,14,17,18,20,22,23,25,26,28,29,33,36,41,45,49,50,57,65,72,73,19,21,37,69,77,27,59,61,30,54,67,75,53,43,52,74,70,39,42,38,51,58,31,55,35,63,62,60,78,46,34,+66 MissingAxioms=0,1,2,3,4,5,7,8,15,16,24,32,40,44,47,48,56,64,68,71,76,79 TotalTime=0.7
Step=58 PrevRays=  3505 ResultRays=  3625 RayPairs=    637308 NewAxiom=67 PrevAxioms=6,9,10,11,12,13,14,17,18,20,22,23,25,26,28,29,33,36,41,45,49,50,57,65,72,73,19,21,37,69,77,27,59,61,30,54,75,53,63,52,70,74,35,39,43,42,51,38,58,31,55,62,60,78,66,46,34,+67 MissingAxioms=0,1,2,3,4,5,7,8,15,16,24,32,40,44,47,48,56,64,68,71,76,79 TotalTime=0.6
Step=58 PrevRays=  3640 ResultRays=  3625 RayPairs=   1299168 NewAxiom=69 PrevAxioms=6,9,10,11,12,13,14,17,18,20,22,23,25,26,28,29,33,36,41,45,49,50,57,65,72,73,19,21,37,77,27,59,67,61,30,54,75,53,63,52,35,46,74,39,43,60,38,31,66,42,51,62,55,70,78,58,34,+69 MissingAxioms=0,1,2,3,4,5,7,8,15,16,24,32,40,44,47,48,56,64,68,71,76,79 TotalTime=0.5
Step=58 PrevRays=  3532 ResultRays=  3625 RayPairs=   1212822 NewAxiom=70 PrevAxioms=6,9,10,11,12,13,14,17,18,20,22,23,25,26,28,29,33,36,41,45,49,50,57,65,72,73,19,21,37,69,77,27,59,61,30,54,67,75,53,43,52,74,38,42,63,51,58,31,39,35,55,62,60,66,78,46,34,+70 MissingAxioms=0,1,2,3,4,5,7,8,15,16,24,32,40,44,47,48,56,64,68,71,76,79 TotalTime=0.6
! VaryAxiom=72 NoInitialAxiomSet
Step=58 PrevRays=  3527 ResultRays=  3625 RayPairs=   1184169 NewAxiom=73 PrevAxioms=6,9,10,11,12,13,14,17,18,20,22,23,25,26,28,29,33,36,41,45,49,50,57,65,72,74,19,21,37,69,27,59,61,30,54,67,53,75,43,52,35,63,70,39,60,62,42,55,66,78,34,51,31,38,46,58,77,+73 MissingAxioms=0,1,2,3,4,5,7,8,15,16,24,32,40,44,47,48,56,64,68,71,76,79 TotalTime=0.6
Step=58 PrevRays=  3334 ResultRays=  3625 RayPairs=    728364 NewAxiom=74 PrevAxioms=6,9,10,11,12,13,14,17,18,20,22,23,25,26,28,29,33,36,41,45,49,50,57,65,72,73,19,21,37,69,77,27,59,61,30,54,67,75,53,43,52,35,63,39,70,60,62,42,55,38,31,51,58,78,34,46,66,+74 MissingAxioms=0,1,2,3,4,5,7,8,15,16,24,32,40,44,47,48,56,64,68,71,76,79 TotalTime=0.5
Step=58 PrevRays=  3446 ResultRays=  3625 RayPairs=    582164 NewAxiom=75 PrevAxioms=6,9,10,11,12,13,14,17,18,20,22,23,25,26,28,29,33,36,41,45,49,50,57,65,72,73,19,21,37,69,77,27,59,61,30,54,67,53,43,52,35,63,39,70,60,62,42,55,31,51,38,58,78,74,46,66,34,+75 MissingAxioms=0,1,2,3,4,5,7,8,15,16,24,32,40,44,47,48,56,64,68,71,76,79 TotalTime=0.5
Step=58 PrevRays=  3749 ResultRays=  3625 RayPairs=   1588532 NewAxiom=77 PrevAxioms=6,9,10,11,12,13,14,17,18,20,22,23,25,26,28,29,33,36,41,45,49,50,57,65,72,73,19,21,37,69,27,59,75,61,30,54,67,53,43,52,74,35,70,39,63,60,62,42,55,66,51,38,58,31,78,46,34,+77 MissingAxioms=0,1,2,3,4,5,7,8,15,16,24,32,40,44,47,48,56,64,68,71,76,79 TotalTime=0.5
Step=58 PrevRays=  3644 ResultRays=  3625 RayPairs=   1390716 NewAxiom=78 PrevAxioms=6,9,10,11,12,13,14,17,18,20,22,23,25,26,28,29,33,36,41,45,49,50,57,65,72,73,19,21,37,69,77,27,59,61,30,54,67,75,53,43,52,74,70,39,42,38,51,58,31,55,35,63,62,60,66,46,34,+78 MissingAxioms=0,1,2,3,4,5,7,8,15,16,24,32,40,44,47,48,56,64,68,71,76,79 TotalTime=0.7

Ordered by number of ray pairs:
Step=58 ########...................... (min) Axiom23 21(0,3,4) - g3 f(0,1,2,3,4) >= f(0,3,4)
Step=58 ###########................... Axiom75 43(0,1) - g2 f(0,1,3) + f(0,1,4) >= f(0,1) + f(0,1,2,3,4)
Step=58 ############.................. Axiom43 32(0,1) - g2 f(0,1,2) + f(0,1,3) >= f(0,1) + f(0,1,2,3,4)
Step=58 ############.................. Axiom67 42(0,1) - g2 f(0,1,2) + f(0,1,4) >= f(0,1) + f(0,1,2,3,4)
Step=58 #############................. Axiom14 20(3,4) - g2 f(0,3,4) + f(2,3,4) >= f(0,1,2,3,4) + f(3,4)
Step=58 ##############................ Axiom33 31(0) - g1 f(0,1) + f(0,3) >= f(0) + f(0,1,3)
Step=58 ##############................ Axiom57 41(0) - g1 f(0,1) + f(0,4) >= f(0) + f(0,1,4)
Step=58 ##############................ Axiom9 20(1) - g1 f(0,1) + f(1,2) >= f(1) + f(0,1,2)
Step=58 ##############................ Axiom74 43(1) - g1 f(1,3) + f(1,4) >= f(1) + f(1,3,4)
Step=58 ##############................ Axiom17 21(0) - g1 f(0,1) + f(0,2) >= f(0) + f(0,1,2)
Step=58 ###############............... Axiom38 31(2,4) - g2 f(1,2,4) + f(2,3,4) >= f(0,1,2,3,4) + f(2,4)
Step=58 ###############............... Axiom62 41(2,3) - g2 f(1,2,3) + f(2,3,4) >= f(2,3) + f(0,1,2,3,4)
Step=58 ###############............... Axiom22 21(3,4) - g2 f(1,3,4) + f(2,3,4) >= f(0,1,2,3,4) + f(3,4)
Step=58 ###############............... Axiom25 30(1) - g1 f(0,1) + f(1,3) >= f(1) + f(0,1,3)
Step=58 ###############............... Axiom49 40(1) - g1 f(0,1) + f(1,4) >= f(1) + f(0,1,4)
Step=58 ################.............. Axiom31 30(1,2,4) - g3 f(0,1,2,3,4) >= f(1,2,4)
Step=58 ################.............. Axiom55 40(1,2,3) - g3 f(0,1,2,3,4) >= f(1,2,3)
Step=58 ################.............. Axiom30 30(2,4) - g2 f(0,2,4) + f(2,3,4) >= f(0,1,2,3,4) + f(2,4)
Step=58 ################.............. Axiom54 40(2,3) - g2 f(0,2,3) + f(2,3,4) >= f(2,3) + f(0,1,2,3,4)
Step=58 ################.............. Axiom11 20(1,3) - g2 f(0,1,3) + f(1,2,3) >= f(1,3) + f(0,1,2,3,4)
Step=58 ################.............. Axiom13 20(1,4) - g2 f(0,1,4) + f(1,2,4) >= f(0,1,2,3,4) + f(1,4)
Step=58 ####################.......... Axiom36 31(4) - g1 f(1,4) + f(3,4) >= f(4) + f(1,3,4)
Step=58 ####################.......... Axiom60 41(3) - g1 f(1,3) + f(3,4) >= f(3) + f(1,3,4)
Step=58 ####################.......... Axiom39 31(0,2,4) - g3 f(0,1,2,3,4) >= f(0,2,4)
Step=58 ####################.......... Axiom63 41(0,2,3) - g3 f(0,1,2,3,4) >= f(0,2,3)
Step=58 ####################.......... Axiom37 31(0,4) - g2 f(0,1,4) + f(0,3,4) >= f(0,1,2,3,4) + f(0,4)
Step=58 ####################.......... Axiom61 41(0,3) - g2 f(0,1,3) + f(0,3,4) >= f(0,3) + f(0,1,2,3,4)
Step=58 ######################........ Axiom73 43(0) - g1 f(0,3) + f(0,4) >= f(0) + f(0,3,4)
Step=58 #######################....... Axiom41 32(0) - g1 f(0,2) + f(0,3) >= f(0) + f(0,2,3)
Step=58 #######################....... Axiom65 42(0) - g1 f(0,2) + f(0,4) >= f(0) + f(0,2,4)
Step=58 #######################....... Axiom46 32(1,4) - g2 f(1,2,4) + f(1,3,4) >= f(0,1,2,3,4) + f(1,4)
Step=58 #######################....... Axiom70 42(1,3) - g2 f(1,2,3) + f(1,3,4) >= f(1,3) + f(0,1,2,3,4)
Step=58 #######################....... Axiom42 32(1) - g1 f(1,2) + f(1,3) >= f(1) + f(1,2,3)
Step=58 #######################....... Axiom66 42(1) - g1 f(1,2) + f(1,4) >= f(1) + f(1,2,4)
Step=58 #######################....... Axiom35 31(0,2) - g2 f(0,1,2) + f(0,2,3) >= f(0,2) + f(0,1,2,3,4)
Step=58 #######################....... Axiom59 41(0,2) - g2 f(0,1,2) + f(0,2,4) >= f(0,2) + f(0,1,2,3,4)
Step=58 #######################....... Axiom29 30(1,4) - g2 f(0,1,4) + f(1,3,4) >= f(0,1,2,3,4) + f(1,4)
Step=58 #######################....... Axiom53 40(1,3) - g2 f(0,1,3) + f(1,3,4) >= f(1,3) + f(0,1,2,3,4)
Step=58 ########################...... Axiom27 30(1,2) - g2 f(0,1,2) + f(1,2,3) >= f(1,2) + f(0,1,2,3,4)
Step=58 ########################...... Axiom51 40(1,2) - g2 f(0,1,2) + f(1,2,4) >= f(1,2) + f(0,1,2,3,4)
Step=58 ########################...... Axiom26 30(2) - g1 f(0,2) + f(2,3) >= f(2) + f(0,2,3)
Step=58 ########################...... Axiom50 40(2) - g1 f(0,2) + f(2,4) >= f(2) + f(0,2,4)
Step=58 ########################...... Axiom34 31(2) - g1 f(1,2) + f(2,3) >= f(2) + f(1,2,3)
Step=58 ########################...... Axiom58 41(2) - g1 f(1,2) + f(2,4) >= f(2) + f(1,2,4)
Step=58 #########################..... Axiom45 32(0,4) - g2 f(0,2,4) + f(0,3,4) >= f(0,1,2,3,4) + f(0,4)
Step=58 #########################..... Axiom69 42(0,3) - g2 f(0,2,3) + f(0,3,4) >= f(0,3) + f(0,1,2,3,4)
Step=58 #########################..... Axiom18 21(3) - g1 f(1,3) + f(2,3) >= f(3) + f(1,2,3)
Step=58 #########################..... Axiom20 21(4) - g1 f(1,4) + f(2,4) >= f(4) + f(1,2,4)
Step=58 ##########################.... Axiom19 21(0,3) - g2 f(0,1,3) + f(0,2,3) >= f(0,3) + f(0,1,2,3,4)
Step=58 ##########################.... Axiom21 21(0,4) - g2 f(0,1,4) + f(0,2,4) >= f(0,1,2,3,4) + f(0,4)
Step=58 ##########################.... Axiom78 43(1,2) - g2 f(1,2,3) + f(1,2,4) >= f(1,2) + f(0,1,2,3,4)
Step=58 ##########################.... Axiom28 30(4) - g1 f(0,4) + f(3,4) >= f(4) + f(0,3,4)
Step=58 ##########################.... Axiom52 40(3) - g1 f(0,3) + f(3,4) >= f(3) + f(0,3,4)
Step=58 ###########################... Axiom10 20(3) - g1 f(0,3) + f(2,3) >= f(3) + f(0,2,3)
Step=58 ###########################... Axiom12 20(4) - g1 f(0,4) + f(2,4) >= f(4) + f(0,2,4)
Step=58 ############################## Axiom77 43(0,2) - g2 f(0,2,3) + f(0,2,4) >= f(0,2) + f(0,1,2,3,4)

Ordered by number of previous rays:
Step=58 $$$$$$$$$$$$$$$$$$$........... (min) Axiom23 21(0,3,4) - g3 f(0,1,2,3,4) >= f(0,3,4)
Step=58 $$$$$$$$$$$$$$$$$$$$$$$....... Axiom31 30(1,2,4) - g3 f(0,1,2,3,4) >= f(1,2,4)
Step=58 $$$$$$$$$$$$$$$$$$$$$$$....... Axiom55 40(1,2,3) - g3 f(0,1,2,3,4) >= f(1,2,3)
Step=58 $$$$$$$$$$$$$$$$$$$$$$$$$..... Axiom14 20(3,4) - g2 f(0,3,4) + f(2,3,4) >= f(0,1,2,3,4) + f(3,4)
Step=58 $$$$$$$$$$$$$$$$$$$$$$$$$..... Axiom33 31(0) - g1 f(0,1) + f(0,3) >= f(0) + f(0,1,3)
Step=58 $$$$$$$$$$$$$$$$$$$$$$$$$..... Axiom57 41(0) - g1 f(0,1) + f(0,4) >= f(0) + f(0,1,4)
Step=58 $$$$$$$$$$$$$$$$$$$$$$$$$..... Axiom9 20(1) - g1 f(0,1) + f(1,2) >= f(1) + f(0,1,2)
Step=58 $$$$$$$$$$$$$$$$$$$$$$$$$..... Axiom74 43(1) - g1 f(1,3) + f(1,4) >= f(1) + f(1,3,4)
Step=58 $$$$$$$$$$$$$$$$$$$$$$$$$..... Axiom17 21(0) - g1 f(0,1) + f(0,2) >= f(0) + f(0,1,2)
Step=58 $$$$$$$$$$$$$$$$$$$$$$$$$$.... Axiom36 31(4) - g1 f(1,4) + f(3,4) >= f(4) + f(1,3,4)
Step=58 $$$$$$$$$$$$$$$$$$$$$$$$$$.... Axiom60 41(3) - g1 f(1,3) + f(3,4) >= f(3) + f(1,3,4)
Step=58 $$$$$$$$$$$$$$$$$$$$$$$$$$.... Axiom22 21(3,4) - g2 f(1,3,4) + f(2,3,4) >= f(0,1,2,3,4) + f(3,4)
Step=58 $$$$$$$$$$$$$$$$$$$$$$$$$$.... Axiom34 31(2) - g1 f(1,2) + f(2,3) >= f(2) + f(1,2,3)
Step=58 $$$$$$$$$$$$$$$$$$$$$$$$$$.... Axiom58 41(2) - g1 f(1,2) + f(2,4) >= f(2) + f(1,2,4)
Step=58 $$$$$$$$$$$$$$$$$$$$$$$$$$.... Axiom39 31(0,2,4) - g3 f(0,1,2,3,4) >= f(0,2,4)
Step=58 $$$$$$$$$$$$$$$$$$$$$$$$$$.... Axiom63 41(0,2,3) - g3 f(0,1,2,3,4) >= f(0,2,3)
Step=58 $$$$$$$$$$$$$$$$$$$$$$$$$$.... Axiom26 30(2) - g1 f(0,2) + f(2,3) >= f(2) + f(0,2,3)
Step=58 $$$$$$$$$$$$$$$$$$$$$$$$$$.... Axiom50 40(2) - g1 f(0,2) + f(2,4) >= f(2) + f(0,2,4)
Step=58 $$$$$$$$$$$$$$$$$$$$$$$$$$.... Axiom25 30(1) - g1 f(0,1) + f(1,3) >= f(1) + f(0,1,3)
Step=58 $$$$$$$$$$$$$$$$$$$$$$$$$$.... Axiom49 40(1) - g1 f(0,1) + f(1,4) >= f(1) + f(0,1,4)
Step=58 $$$$$$$$$$$$$$$$$$$$$$$$$$.... Axiom75 43(0,1) - g2 f(0,1,3) + f(0,1,4) >= f(0,1) + f(0,1,2,3,4)
Step=58 $$$$$$$$$$$$$$$$$$$$$$$$$$.... Axiom11 20(1,3) - g2 f(0,1,3) + f(1,2,3) >= f(1,3) + f(0,1,2,3,4)
Step=58 $$$$$$$$$$$$$$$$$$$$$$$$$$.... Axiom13 20(1,4) - g2 f(0,1,4) + f(1,2,4) >= f(0,1,2,3,4) + f(1,4)
Step=58 $$$$$$$$$$$$$$$$$$$$$$$$$$$... Axiom43 32(0,1) - g2 f(0,1,2) + f(0,1,3) >= f(0,1) + f(0,1,2,3,4)
Step=58 $$$$$$$$$$$$$$$$$$$$$$$$$$$... Axiom67 42(0,1) - g2 f(0,1,2) + f(0,1,4) >= f(0,1) + f(0,1,2,3,4)
Step=58 $$$$$$$$$$$$$$$$$$$$$$$$$$$... Axiom18 21(3) - g1 f(1,3) + f(2,3) >= f(3) + f(1,2,3)
Step=58 $$$$$$$$$$$$$$$$$$$$$$$$$$$... Axiom20 21(4) - g1 f(1,4) + f(2,4) >= f(4) + f(1,2,4)
Step=58 $$$$$$$$$$$$$$$$$$$$$$$$$$$... Axiom73 43(0) - g1 f(0,3) + f(0,4) >= f(0) + f(0,3,4)
Step=58 $$$$$$$$$$$$$$$$$$$$$$$$$$$... Axiom46 32(1,4) - g2 f(1,2,4) + f(1,3,4) >= f(0,1,2,3,4) + f(1,4)
Step=58 $$$$$$$$$$$$$$$$$$$$$$$$$$$... Axiom70 42(1,3) - g2 f(1,2,3) + f(1,3,4) >= f(1,3) + f(0,1,2,3,4)
Step=58 $$$$$$$$$$$$$$$$$$$$$$$$$$$... Axiom38 31(2,4) - g2 f(1,2,4) + f(2,3,4) >= f(0,1,2,3,4) + f(2,4)
Step=58 $$$$$$$$$$$$$$$$$$$$$$$$$$$... Axiom62 41(2,3) - g2 f(1,2,3) + f(2,3,4) >= f(2,3) + f(0,1,2,3,4)
Step=58 $$$$$$$$$$$$$$$$$$$$$$$$$$$... Axiom41 32(0) - g1 f(0,2) + f(0,3) >= f(0) + f(0,2,3)
Step=58 $$$$$$$$$$$$$$$$$$$$$$$$$$$... Axiom65 42(0) - g1 f(0,2) + f(0,4) >= f(0) + f(0,2,4)
Step=58 $$$$$$$$$$$$$$$$$$$$$$$$$$$... Axiom30 30(2,4) - g2 f(0,2,4) + f(2,3,4) >= f(0,1,2,3,4) + f(2,4)
Step=58 $$$$$$$$$$$$$$$$$$$$$$$$$$$... Axiom54 40(2,3) - g2 f(0,2,3) + f(2,3,4) >= f(2,3) + f(0,1,2,3,4)
Step=58 $$$$$$$$$$$$$$$$$$$$$$$$$$$... Axiom42 32(1) - g1 f(1,2) + f(1,3) >= f(1) + f(1,2,3)
Step=58 $$$$$$$$$$$$$$$$$$$$$$$$$$$... Axiom66 42(1) - g1 f(1,2) + f(1,4) >= f(1) + f(1,2,4)
Step=58 $$$$$$$$$$$$$$$$$$$$$$$$$$$$.. Axiom28 30(4) - g1 f(0,4) + f(3,4) >= f(4) + f(0,3,4)
Step=58 $$$$$$$$$$$$$$$$$$$$$$$$$$$$.. Axiom52 40(3) - g1 f(0,3) + f(3,4) >= f(3) + f(0,3,4)
Step=58 $$$$$$$$$$$$$$$$$$$$$$$$$$$$.. Axiom45 32(0,4) - g2 f(0,2,4) + f(0,3,4) >= f(0,1,2,3,4) + f(0,4)
Step=58 $$$$$$$$$$$$$$$$$$$$$$$$$$$$.. Axiom69 42(0,3) - g2 f(0,2,3) + f(0,3,4) >= f(0,3) + f(0,1,2,3,4)
Step=58 $$$$$$$$$$$$$$$$$$$$$$$$$$$$.. Axiom78 43(1,2) - g2 f(1,2,3) + f(1,2,4) >= f(1,2) + f(0,1,2,3,4)
Step=58 $$$$$$$$$$$$$$$$$$$$$$$$$$$$.. Axiom10 20(3) - g1 f(0,3) + f(2,3) >= f(3) + f(0,2,3)
Step=58 $$$$$$$$$$$$$$$$$$$$$$$$$$$$.. Axiom12 20(4) - g1 f(0,4) + f(2,4) >= f(4) + f(0,2,4)
Step=58 $$$$$$$$$$$$$$$$$$$$$$$$$$$$.. Axiom29 30(1,4) - g2 f(0,1,4) + f(1,3,4) >= f(0,1,2,3,4) + f(1,4)
Step=58 $$$$$$$$$$$$$$$$$$$$$$$$$$$$.. Axiom53 40(1,3) - g2 f(0,1,3) + f(1,3,4) >= f(1,3) + f(0,1,2,3,4)
Step=58 $$$$$$$$$$$$$$$$$$$$$$$$$$$$$. Axiom77 43(0,2) - g2 f(0,2,3) + f(0,2,4) >= f(0,2) + f(0,1,2,3,4)
Step=58 $$$$$$$$$$$$$$$$$$$$$$$$$$$$$. Axiom35 31(0,2) - g2 f(0,1,2) + f(0,2,3) >= f(0,2) + f(0,1,2,3,4)
Step=58 $$$$$$$$$$$$$$$$$$$$$$$$$$$$$. Axiom59 41(0,2) - g2 f(0,1,2) + f(0,2,4) >= f(0,2) + f(0,1,2,3,4)
Step=58 $$$$$$$$$$$$$$$$$$$$$$$$$$$$$. Axiom37 31(0,4) - g2 f(0,1,4) + f(0,3,4) >= f(0,1,2,3,4) + f(0,4)
Step=58 $$$$$$$$$$$$$$$$$$$$$$$$$$$$$. Axiom61 41(0,3) - g2 f(0,1,3) + f(0,3,4) >= f(0,3) + f(0,1,2,3,4)
Step=58 $$$$$$$$$$$$$$$$$$$$$$$$$$$$$. Axiom27 30(1,2) - g2 f(0,1,2) + f(1,2,3) >= f(1,2) + f(0,1,2,3,4)
Step=58 $$$$$$$$$$$$$$$$$$$$$$$$$$$$$. Axiom51 40(1,2) - g2 f(0,1,2) + f(1,2,4) >= f(1,2) + f(0,1,2,3,4)
Step=58 $$$$$$$$$$$$$$$$$$$$$$$$$$$$$$ Axiom19 21(0,3) - g2 f(0,1,3) + f(0,2,3) >= f(0,3) + f(0,1,2,3,4)
Step=58 $$$$$$$$$$$$$$$$$$$$$$$$$$$$$$ Axiom21 21(0,4) - g2 f(0,1,4) + f(0,2,4) >= f(0,1,2,3,4) + f(0,4)
