Step=63 PrevRays=  6338 ResultRays=  8192 RayPairs=   1870036 NewAxiom=4 PrevAxioms=6,9,10,11,12,13,14,15,17,18,20,22,25,26,28,29,33,36,41,45,49,50,57,65,72,73,19,21,23,37,69,77,27,59,61,30,54,67,75,53,47,74,71,52,60,39,70,62,55,43,42,51,31,35,79,38,66,78,63,58,46,34,+4 MissingAxioms=0,1,2,3,5,7,8,16,24,32,40,44,48,56,64,68,76 TotalTime=1.4
Step=63 PrevRays=  6338 ResultRays=  8192 RayPairs=   1867995 NewAxiom=6 PrevAxioms=4,9,10,11,12,13,14,15,17,18,20,22,25,26,28,29,33,36,41,45,49,50,57,65,72,73,19,21,23,37,69,77,27,59,61,30,54,67,75,53,47,74,71,52,60,39,70,62,55,43,42,51,31,35,79,38,66,78,63,58,46,34,+6 MissingAxioms=0,1,2,3,5,7,8,16,24,32,40,44,48,56,64,68,76 TotalTime=1.5
Step=63 PrevRays=  8086 ResultRays=  8192 RayPairs=   7106911 NewAxiom=9 PrevAxioms=4,6,10,11,12,13,14,15,17,18,20,22,25,26,27,28,33,36,41,45,49,50,57,65,72,73,19,21,23,29,37,69,77,35,53,34,43,38,31,42,70,71,75,61,74,63,55,67,47,30,54,62,60,59,51,46,79,78,66,39,52,58,+9 MissingAxioms=0,1,2,3,5,7,8,16,24,32,40,44,48,56,64,68,76 TotalTime=2.7
Step=63 PrevRays=  7933 ResultRays=  8192 RayPairs=   7116200 NewAxiom=10 PrevAxioms=4,6,9,11,12,13,14,15,17,18,19,20,22,25,26,28,33,36,41,45,49,50,57,65,72,73,21,23,27,29,35,37,43,42,34,46,47,30,39,54,51,59,67,63,38,66,58,71,61,75,79,62,60,70,53,74,31,69,78,55,52,77,+10 MissingAxioms=0,1,2,3,5,7,8,16,24,32,40,44,48,56,64,68,76 TotalTime=2.1
Step=63 PrevRays=  8432 ResultRays=  8192 RayPairs=   5483511 NewAxiom=11 PrevAxioms=4,6,9,10,12,13,14,15,17,18,19,20,22,25,26,28,33,36,41,45,49,50,57,65,72,73,21,23,29,35,37,43,51,53,69,77,38,70,75,61,63,74,31,71,55,27,34,39,67,47,30,54,52,62,46,79,59,60,78,66,42,58,+11 MissingAxioms=0,1,2,3,5,7,8,16,24,32,40,44,48,56,64,68,76 TotalTime=2.7
Step=63 PrevRays=  7601 ResultRays=  8192 RayPairs=   6250625 NewAxiom=12 PrevAxioms=4,6,9,10,11,13,14,15,17,18,20,21,22,25,26,28,33,36,41,45,49,50,57,65,72,73,19,23,29,37,51,59,67,77,66,38,53,69,61,27,47,75,74,70,71,58,43,42,39,35,79,55,78,63,31,54,52,30,62,46,34,60,+12 MissingAxioms=0,1,2,3,5,7,8,16,24,32,40,44,48,56,64,68,76 TotalTime=2.1
Step=63 PrevRays=  8485 ResultRays=  8192 RayPairs=   5418134 NewAxiom=13 PrevAxioms=4,6,9,10,11,12,14,15,17,18,20,21,22,25,26,28,33,36,41,45,49,50,57,65,72,73,19,23,29,37,59,67,77,27,69,30,54,61,47,75,38,53,74,71,52,60,39,70,62,55,43,46,31,42,66,78,79,35,34,51,63,58,+13 MissingAxioms=0,1,2,3,5,7,8,16,24,32,40,44,48,56,64,68,76 TotalTime=2.5
Step=63 PrevRays=  8132 ResultRays=  8192 RayPairs=   5760636 NewAxiom=14 PrevAxioms=4,6,9,10,11,12,13,15,17,18,20,22,23,25,26,28,33,36,41,45,49,50,57,65,72,73,19,21,29,37,69,77,27,59,61,53,67,38,70,71,66,75,74,51,58,39,47,52,43,42,35,79,63,55,46,78,31,30,54,62,34,60,+14 MissingAxioms=0,1,2,3,5,7,8,16,24,32,40,44,48,56,64,68,76 TotalTime=2.2
Step=63 PrevRays=  8269 ResultRays=  8192 RayPairs=   7103632 NewAxiom=15 PrevAxioms=4,6,9,10,11,12,13,14,17,18,20,22,23,25,26,28,33,36,41,45,49,50,57,65,72,73,19,21,29,37,69,77,27,59,61,30,54,67,75,47,53,52,63,74,39,46,60,31,35,38,43,79,71,66,42,51,55,62,78,34,70,58,+15 MissingAxioms=0,1,2,3,5,7,8,16,24,32,40,44,48,56,64,68,76 TotalTime=2.1
Step=63 PrevRays=  8086 ResultRays=  8192 RayPairs=   7106911 NewAxiom=17 PrevAxioms=4,6,9,10,11,12,13,14,15,18,20,22,25,26,28,33,34,36,41,45,49,50,57,65,72,73,19,21,23,29,37,69,77,27,61,35,75,30,47,53,46,74,71,43,52,54,60,63,78,31,62,55,51,38,79,67,59,70,42,39,66,58,+17 MissingAxioms=0,1,2,3,5,7,8,16,24,32,40,44,48,56,64,68,76 TotalTime=2.7
Step=63 PrevRays=  7933 ResultRays=  8192 RayPairs=   7116200 NewAxiom=18 PrevAxioms=4,6,9,10,11,12,13,14,15,17,19,20,22,25,26,28,33,36,41,45,49,50,57,65,72,73,21,23,27,29,35,37,43,42,34,46,47,30,39,54,51,59,67,52,63,38,66,58,71,61,75,79,62,53,69,55,74,77,70,31,60,78,+18 MissingAxioms=0,1,2,3,5,7,8,16,24,32,40,44,48,56,64,68,76 TotalTime=2.0
Step=63 PrevRays=  8432 ResultRays=  8192 RayPairs=   5483511 NewAxiom=19 PrevAxioms=4,6,9,10,11,12,13,14,15,17,18,20,22,25,26,28,33,36,41,45,49,50,57,65,72,73,21,23,27,29,37,69,77,59,61,30,54,67,75,51,47,52,39,70,53,55,31,74,46,60,62,38,58,34,71,43,35,79,66,78,63,42,+19 MissingAxioms=0,1,2,3,5,7,8,16,24,32,40,44,48,56,64,68,76 TotalTime=2.6
Step=63 PrevRays=  7601 ResultRays=  8192 RayPairs=   6250625 NewAxiom=20 PrevAxioms=4,6,9,10,11,12,13,14,15,17,18,21,22,25,26,28,33,36,41,45,49,50,57,65,72,73,19,23,29,37,51,59,67,77,66,30,61,54,69,27,47,75,53,52,74,71,43,39,70,58,42,35,79,55,63,78,31,62,60,46,38,34,+20 MissingAxioms=0,1,2,3,5,7,8,16,24,32,40,44,48,56,64,68,76 TotalTime=2.0
Step=63 PrevRays=  8485 ResultRays=  8192 RayPairs=   5418134 NewAxiom=21 PrevAxioms=4,6,9,10,11,12,13,14,15,17,18,20,22,25,26,28,33,36,41,45,49,50,57,65,72,73,19,23,29,37,51,69,77,35,30,43,53,38,54,42,61,75,27,70,71,74,63,31,55,52,62,60,34,58,59,67,79,78,46,47,39,66,+21 MissingAxioms=0,1,2,3,5,7,8,16,24,32,40,44,48,56,64,68,76 TotalTime=2.3
Step=63 PrevRays=  8132 ResultRays=  8192 RayPairs=   5760636 NewAxiom=22 PrevAxioms=4,6,9,10,11,12,13,14,15,17,18,20,23,25,26,28,33,36,41,45,49,50,57,65,72,73,19,21,29,37,69,77,27,59,61,30,54,67,75,47,46,53,52,63,74,60,39,35,55,43,71,70,31,79,42,78,34,51,38,66,62,58,+22 MissingAxioms=0,1,2,3,5,7,8,16,24,32,40,44,48,56,64,68,76 TotalTime=2.2
Step=63 PrevRays=  8269 ResultRays=  8192 RayPairs=   7103632 NewAxiom=23 PrevAxioms=4,6,9,10,11,12,13,14,15,17,18,20,22,25,26,28,33,36,41,45,49,50,57,65,72,73,19,21,29,37,69,77,27,59,61,30,54,67,75,53,43,52,74,70,71,47,60,62,39,46,42,66,51,38,79,35,63,55,31,78,58,34,+23 MissingAxioms=0,1,2,3,5,7,8,16,24,32,40,44,48,56,64,68,76 TotalTime=2.1
Step=63 PrevRays=  7680 ResultRays=  8192 RayPairs=   6241329 NewAxiom=25 PrevAxioms=4,6,9,10,11,12,13,14,15,17,18,20,22,26,27,28,33,36,41,45,49,50,57,65,72,73,19,21,23,29,37,69,77,35,51,34,43,38,42,61,75,70,71,63,52,39,54,30,67,66,59,79,58,47,31,78,55,62,53,74,46,60,+25 MissingAxioms=0,1,2,3,5,7,8,16,24,32,40,44,48,56,64,68,76 TotalTime=1.9
Step=63 PrevRays=  7703 ResultRays=  8192 RayPairs=   6518148 NewAxiom=26 PrevAxioms=4,6,9,10,11,12,13,14,15,17,18,20,22,25,28,33,34,36,41,45,49,50,57,65,72,73,19,21,23,29,37,69,77,27,59,61,30,67,75,53,47,74,71,43,42,70,39,35,79,55,31,51,58,60,62,38,46,78,63,54,52,66,+26 MissingAxioms=0,1,2,3,5,7,8,16,24,32,40,44,48,56,64,68,76 TotalTime=2.2
Step=63 PrevRays=  8429 ResultRays=  8192 RayPairs=   5659176 NewAxiom=27 PrevAxioms=4,6,9,10,11,12,13,14,15,17,18,20,22,25,26,28,33,36,41,45,49,50,57,65,72,73,19,21,23,29,37,69,77,35,51,43,53,38,42,61,75,70,74,71,63,39,52,54,30,31,79,67,60,47,62,55,59,66,46,78,58,34,+27 MissingAxioms=0,1,2,3,5,7,8,16,24,32,40,44,48,56,64,68,76 TotalTime=2.2
Step=63 PrevRays=  8627 ResultRays=  8192 RayPairs=   7016331 NewAxiom=28 PrevAxioms=4,6,9,10,11,12,13,14,15,17,18,20,22,25,26,29,33,36,41,45,49,50,57,65,72,73,19,21,23,37,53,69,77,35,43,51,38,75,74,27,42,70,61,71,63,39,66,79,67,47,59,58,34,62,60,55,78,54,30,52,31,46,+28 MissingAxioms=0,1,2,3,5,7,8,16,24,32,40,44,48,56,64,68,76 TotalTime=2.3
Step=63 PrevRays=  8760 ResultRays=  8192 RayPairs=   4855523 NewAxiom=29 PrevAxioms=4,6,9,10,11,12,13,14,15,17,18,20,22,25,26,28,33,36,41,45,49,50,57,65,72,73,19,21,23,37,69,77,27,59,61,30,54,67,75,47,53,74,71,52,60,39,70,62,55,43,46,31,38,42,66,78,79,51,35,34,63,58,+29 MissingAxioms=0,1,2,3,5,7,8,16,24,32,40,44,48,56,64,68,76 TotalTime=2.3
Step=63 PrevRays=  7868 ResultRays=  8192 RayPairs=   4400981 NewAxiom=30 PrevAxioms=4,6,9,10,11,12,13,14,15,17,18,20,22,25,26,28,33,36,41,45,49,50,57,65,72,73,19,21,23,29,37,69,77,27,59,61,53,67,46,47,75,74,38,51,66,71,52,54,60,62,55,43,39,31,70,79,35,78,42,63,34,58,+30 MissingAxioms=0,1,2,3,5,7,8,16,24,32,40,44,48,56,64,68,76 TotalTime=2.4
Step=63 PrevRays=  7906 ResultRays=  8192 RayPairs=   6197492 NewAxiom=31 PrevAxioms=4,6,9,10,11,12,13,14,15,17,18,20,22,25,26,28,33,36,41,45,49,50,57,65,72,73,19,21,23,29,37,69,77,27,59,61,30,54,67,75,53,47,74,71,52,60,39,70,62,55,43,46,38,66,78,42,35,79,34,51,63,58,+31 MissingAxioms=0,1,2,3,5,7,8,16,24,32,40,44,48,56,64,68,76 TotalTime=2.4
Step=63 PrevRays=  7680 ResultRays=  8192 RayPairs=   6241329 NewAxiom=33 PrevAxioms=4,6,9,10,11,12,13,14,15,17,18,20,22,25,26,28,34,36,41,45,49,50,57,65,72,73,19,21,23,29,37,69,77,27,59,35,67,30,53,47,54,39,52,71,43,70,61,75,60,62,55,51,31,46,74,38,79,78,66,63,42,58,+33 MissingAxioms=0,1,2,3,5,7,8,16,24,32,40,44,48,56,64,68,76 TotalTime=2.6
Step=63 PrevRays=  7703 ResultRays=  8192 RayPairs=   6518148 NewAxiom=34 PrevAxioms=4,6,9,10,11,12,13,14,15,17,18,20,22,25,26,28,33,36,41,45,49,50,57,65,72,73,19,21,23,29,37,69,77,27,59,61,30,54,67,75,53,47,74,71,52,60,39,70,62,55,43,46,31,38,42,66,78,79,35,51,63,58,+34 MissingAxioms=0,1,2,3,5,7,8,16,24,32,40,44,48,56,64,68,76 TotalTime=2.1
Step=63 PrevRays=  8429 ResultRays=  8192 RayPairs=   5659176 NewAxiom=35 PrevAxioms=4,6,9,10,11,12,13,14,15,17,18,20,22,25,26,28,33,36,41,45,49,50,57,65,72,73,19,21,23,29,37,69,77,27,59,61,30,54,67,75,53,47,74,71,52,60,39,70,62,55,43,46,31,38,42,66,78,79,51,58,63,34,+35 MissingAxioms=0,1,2,3,5,7,8,16,24,32,40,44,48,56,64,68,76 TotalTime=2.2
Step=63 PrevRays=  8627 ResultRays=  8192 RayPairs=   7016331 NewAxiom=36 PrevAxioms=4,6,9,10,11,12,13,14,15,17,18,20,22,25,26,28,33,37,41,45,49,50,57,65,72,73,19,21,23,29,61,69,75,27,77,59,53,67,30,54,39,47,52,63,74,60,46,62,55,43,71,70,31,42,38,35,79,34,51,66,78,58,+36 MissingAxioms=0,1,2,3,5,7,8,16,24,32,40,44,48,56,64,68,76 TotalTime=2.5
Step=63 PrevRays=  8760 ResultRays=  8192 RayPairs=   4855523 NewAxiom=37 PrevAxioms=4,6,9,10,11,12,13,14,15,17,18,20,22,25,26,28,33,36,41,45,49,50,57,65,72,73,19,21,23,29,69,77,27,59,67,53,38,70,75,71,74,66,61,51,58,47,52,54,30,55,43,46,78,79,35,63,62,31,39,34,60,42,+37 MissingAxioms=0,1,2,3,5,7,8,16,24,32,40,44,48,56,64,68,76 TotalTime=2.5
Step=63 PrevRays=  7868 ResultRays=  8192 RayPairs=   4400981 NewAxiom=38 PrevAxioms=4,6,9,10,11,12,13,14,15,17,18,20,22,25,26,28,33,36,41,45,49,50,57,65,72,73,19,21,23,29,37,69,77,27,59,61,30,54,67,75,53,47,74,71,52,60,39,70,62,55,43,46,31,42,51,66,78,79,35,34,63,58,+38 MissingAxioms=0,1,2,3,5,7,8,16,24,32,40,44,48,56,64,68,76 TotalTime=2.1
Step=63 PrevRays=  7906 ResultRays=  8192 RayPairs=   6197492 NewAxiom=39 PrevAxioms=4,6,9,10,11,12,13,14,15,17,18,20,22,25,26,28,33,36,41,45,49,50,57,65,72,73,19,21,23,29,37,69,77,27,59,61,30,54,67,75,53,47,74,71,52,60,43,70,62,42,35,55,46,66,78,38,79,51,31,63,34,58,+39 MissingAxioms=0,1,2,3,5,7,8,16,24,32,40,44,48,56,64,68,76 TotalTime=1.8
Step=63 PrevRays=  8244 ResultRays=  8192 RayPairs=   7979776 NewAxiom=41 PrevAxioms=4,6,9,10,11,12,13,14,15,17,18,20,22,25,26,28,33,36,42,45,49,50,57,65,72,73,19,21,23,29,37,27,43,59,67,75,61,30,54,47,53,79,74,46,51,58,38,31,78,52,63,39,35,71,66,69,60,62,55,70,77,34,+41 MissingAxioms=0,1,2,3,5,7,8,16,24,32,40,44,48,56,64,68,76 TotalTime=2.5
Step=63 PrevRays=  8244 ResultRays=  8192 RayPairs=   7979776 NewAxiom=42 PrevAxioms=4,6,9,10,11,12,13,14,15,17,18,20,22,25,26,28,33,36,41,45,49,50,57,65,72,73,19,21,23,29,37,69,77,27,59,61,30,54,67,75,53,47,74,71,52,60,39,70,62,55,43,46,31,38,66,51,79,35,78,58,34,63,+42 MissingAxioms=0,1,2,3,5,7,8,16,24,32,40,44,48,56,64,68,76 TotalTime=2.2
Step=63 PrevRays=  8302 ResultRays=  8192 RayPairs=   3699650 NewAxiom=43 PrevAxioms=4,6,9,10,11,12,13,14,15,17,18,20,22,25,26,28,33,36,41,45,49,50,57,65,72,73,19,21,23,29,37,69,77,27,59,61,30,54,67,75,53,47,74,71,52,60,39,70,62,55,46,31,38,51,66,78,42,79,58,35,63,34,+43 MissingAxioms=0,1,2,3,5,7,8,16,24,32,40,44,48,56,64,68,76 TotalTime=2.2
Step=63 PrevRays=  8390 ResultRays=  8192 RayPairs=   6500384 NewAxiom=45 PrevAxioms=4,6,9,10,11,12,13,14,15,17,18,20,22,25,26,28,33,36,41,46,49,50,57,65,72,73,19,21,23,29,37,27,59,67,75,61,30,54,53,43,74,35,52,60,39,47,71,77,79,31,62,42,38,55,70,51,66,69,78,63,34,58,+45 MissingAxioms=0,1,2,3,5,7,8,16,24,32,40,44,48,56,64,68,76 TotalTime=2.4
Step=63 PrevRays=  8390 ResultRays=  8192 RayPairs=   6500384 NewAxiom=46 PrevAxioms=4,6,9,10,11,12,13,14,15,17,18,20,22,25,26,28,33,36,41,45,49,50,57,65,72,73,19,21,23,29,37,69,77,27,59,61,30,54,67,75,53,47,74,71,52,60,39,70,62,55,43,42,35,79,51,31,38,66,78,63,34,58,+46 MissingAxioms=0,1,2,3,5,7,8,16,24,32,40,44,48,56,64,68,76 TotalTime=2.1
Step=63 PrevRays=  7680 ResultRays=  8192 RayPairs=   5656308 NewAxiom=47 PrevAxioms=4,6,9,10,11,12,13,14,15,17,18,20,22,25,26,28,33,36,41,45,49,50,57,65,72,73,19,21,23,29,37,69,77,27,59,61,30,54,67,75,53,71,74,52,43,60,63,70,79,35,62,55,42,39,51,31,38,66,78,46,34,58,+47 MissingAxioms=0,1,2,3,5,7,8,16,24,32,40,44,48,56,64,68,76 TotalTime=1.7
Step=63 PrevRays=  8323 ResultRays=  8192 RayPairs=   8012664 NewAxiom=49 PrevAxioms=4,6,9,10,11,12,13,14,15,17,18,20,22,25,26,28,33,36,41,45,50,51,57,65,72,73,19,21,23,29,37,69,77,27,59,58,75,67,30,54,61,71,74,52,47,43,39,70,42,35,63,79,34,31,46,78,38,62,60,66,53,55,+49 MissingAxioms=0,1,2,3,5,7,8,16,24,32,40,44,48,56,64,68,76 TotalTime=2.2
Step=63 PrevRays=  8128 ResultRays=  8192 RayPairs=   7732179 NewAxiom=50 PrevAxioms=4,6,9,10,11,12,13,14,15,17,18,20,22,25,26,28,33,36,41,45,49,52,57,65,72,73,19,21,23,29,37,69,77,27,59,61,30,67,75,53,47,54,74,71,60,39,70,62,55,43,46,42,66,78,38,35,34,51,79,58,63,31,+50 MissingAxioms=0,1,2,3,5,7,8,16,24,32,40,44,48,56,64,68,76 TotalTime=2.0
Step=63 PrevRays=  8470 ResultRays=  8192 RayPairs=   5885036 NewAxiom=51 PrevAxioms=4,6,9,10,11,12,13,14,15,17,18,20,22,25,26,28,33,36,41,45,49,50,57,65,72,73,19,21,23,29,37,69,77,27,59,61,30,54,67,75,53,47,74,71,52,60,39,70,62,55,43,46,31,38,42,66,78,79,35,34,63,58,+51 MissingAxioms=0,1,2,3,5,7,8,16,24,32,40,44,48,56,64,68,76 TotalTime=2.2
Step=63 PrevRays=  7778 ResultRays=  8192 RayPairs=   6417417 NewAxiom=52 PrevAxioms=4,6,9,10,11,12,13,14,15,17,18,20,22,25,26,28,33,36,41,45,49,50,57,65,72,73,19,21,23,29,37,69,77,27,59,61,30,54,67,75,53,47,74,71,60,39,63,43,42,35,62,70,51,79,55,31,38,66,46,78,58,34,+52 MissingAxioms=0,1,2,3,5,7,8,16,24,32,40,44,48,56,64,68,76 TotalTime=2.2
Step=63 PrevRays=  8311 ResultRays=  8192 RayPairs=   5034456 NewAxiom=53 PrevAxioms=4,6,9,10,11,12,13,14,15,17,18,20,22,25,26,28,33,36,41,45,49,50,57,65,72,73,19,21,23,29,37,69,77,27,59,61,30,54,67,75,47,74,71,52,60,39,70,62,55,43,42,35,79,31,51,38,78,66,46,34,63,58,+53 MissingAxioms=0,1,2,3,5,7,8,16,24,32,40,44,48,56,64,68,76 TotalTime=2.4
Step=63 PrevRays=  7873 ResultRays=  8192 RayPairs=   4386525 NewAxiom=54 PrevAxioms=4,6,9,10,11,12,13,14,15,17,18,20,22,25,26,28,33,36,41,45,49,50,57,65,72,73,19,21,23,29,37,69,77,27,59,61,30,67,75,53,47,74,71,52,60,39,70,62,55,43,46,31,42,38,66,78,79,35,51,34,63,58,+54 MissingAxioms=0,1,2,3,5,7,8,16,24,32,40,44,48,56,64,68,76 TotalTime=2.4
Step=63 PrevRays=  7969 ResultRays=  8192 RayPairs=   6370686 NewAxiom=55 PrevAxioms=4,6,9,10,11,12,13,14,15,17,18,20,22,25,26,28,33,36,41,45,49,50,57,65,72,73,19,21,23,29,37,69,77,27,59,61,30,54,67,75,53,47,74,71,52,60,39,70,62,43,42,35,63,51,31,79,38,34,46,66,78,58,+55 MissingAxioms=0,1,2,3,5,7,8,16,24,32,40,44,48,56,64,68,76 TotalTime=2.2
Step=63 PrevRays=  8323 ResultRays=  8192 RayPairs=   8012664 NewAxiom=57 PrevAxioms=4,6,9,10,11,12,13,14,15,17,18,20,22,25,26,28,33,36,41,45,49,50,58,65,72,73,19,21,23,29,37,69,77,27,35,43,53,38,42,31,75,70,71,74,55,46,51,59,62,60,67,78,47,30,54,79,63,61,39,52,34,66,+57 MissingAxioms=0,1,2,3,5,7,8,16,24,32,40,44,48,56,64,68,76 TotalTime=2.8
Step=63 PrevRays=  8128 ResultRays=  8192 RayPairs=   7732179 NewAxiom=58 PrevAxioms=4,6,9,10,11,12,13,14,15,17,18,20,22,25,26,28,33,36,41,45,49,50,57,65,72,73,19,21,23,29,37,69,77,27,59,61,30,54,67,75,53,47,74,71,52,60,39,70,62,55,43,46,31,38,42,66,78,79,35,51,34,63,+58 MissingAxioms=0,1,2,3,5,7,8,16,24,32,40,44,48,56,64,68,76 TotalTime=2.2
Step=63 PrevRays=  8470 ResultRays=  8192 RayPairs=   5885036 NewAxiom=59 PrevAxioms=4,6,9,10,11,12,13,14,15,17,18,20,22,25,26,28,33,36,41,45,49,50,57,65,72,73,19,21,23,29,37,69,77,27,61,67,75,30,54,53,71,74,47,52,60,43,63,46,35,79,62,55,39,31,42,38,70,51,66,78,34,58,+59 MissingAxioms=0,1,2,3,5,7,8,16,24,32,40,44,48,56,64,68,76 TotalTime=1.9
Step=63 PrevRays=  7778 ResultRays=  8192 RayPairs=   6417417 NewAxiom=60 PrevAxioms=4,6,9,10,11,12,13,14,15,17,18,20,22,25,26,28,33,36,41,45,49,50,57,65,72,73,19,21,23,29,37,69,77,27,59,61,30,54,67,75,53,47,74,71,52,43,39,70,42,35,63,51,58,55,79,31,38,62,34,46,78,66,+60 MissingAxioms=0,1,2,3,5,7,8,16,24,32,40,44,48,56,64,68,76 TotalTime=2.5
Step=63 PrevRays=  8311 ResultRays=  8192 RayPairs=   5034456 NewAxiom=61 PrevAxioms=4,6,9,10,11,12,13,14,15,17,18,20,22,25,26,28,33,36,41,45,49,50,57,65,72,73,19,21,23,29,37,69,77,27,59,67,75,30,54,53,71,74,47,52,60,39,70,62,55,43,46,31,38,42,66,78,35,51,79,63,34,58,+61 MissingAxioms=0,1,2,3,5,7,8,16,24,32,40,44,48,56,64,68,76 TotalTime=2.2
Step=63 PrevRays=  7873 ResultRays=  8192 RayPairs=   4386525 NewAxiom=62 PrevAxioms=4,6,9,10,11,12,13,14,15,17,18,20,22,25,26,28,33,36,41,45,49,50,57,65,72,73,19,21,23,29,37,69,77,27,59,61,30,54,67,75,53,47,74,71,52,60,39,70,63,55,43,42,35,51,31,79,38,66,58,46,78,34,+62 MissingAxioms=0,1,2,3,5,7,8,16,24,32,40,44,48,56,64,68,76 TotalTime=2.0
Step=63 PrevRays=  7969 ResultRays=  8192 RayPairs=   6370686 NewAxiom=63 PrevAxioms=4,6,9,10,11,12,13,14,15,17,18,20,22,25,26,28,33,36,41,45,49,50,57,65,72,73,19,21,23,29,37,69,77,27,59,61,30,54,67,75,53,47,74,71,52,60,39,70,62,55,43,46,31,38,42,66,78,79,35,51,34,58,+63 MissingAxioms=0,1,2,3,5,7,8,16,24,32,40,44,48,56,64,68,76 TotalTime=2.2
Step=63 PrevRays=  8253 ResultRays=  8192 RayPairs=   7947998 NewAxiom=65 PrevAxioms=4,6,9,10,11,12,13,14,15,17,18,20,22,25,26,28,33,36,41,45,49,50,57,66,72,73,19,21,23,29,37,77,27,59,61,30,54,75,53,47,74,52,63,60,39,46,31,35,43,38,42,62,79,55,70,78,71,67,69,34,51,58,+65 MissingAxioms=0,1,2,3,5,7,8,16,24,32,40,44,48,56,64,68,76 TotalTime=1.9
Step=63 PrevRays=  8253 ResultRays=  8192 RayPairs=   7947998 NewAxiom=66 PrevAxioms=4,6,9,10,11,12,13,14,15,17,18,20,22,25,26,28,33,36,41,45,49,50,57,65,72,73,19,21,23,29,37,69,77,27,59,61,30,54,67,75,53,47,74,71,52,60,39,70,62,55,43,46,31,38,42,35,79,51,78,34,63,58,+66 MissingAxioms=0,1,2,3,5,7,8,16,24,32,40,44,48,56,64,68,76 TotalTime=2.1
Step=63 PrevRays=  8215 ResultRays=  8192 RayPairs=   2930674 NewAxiom=67 PrevAxioms=4,6,9,10,11,12,13,14,15,17,18,20,22,25,26,28,33,36,41,45,49,50,57,65,72,73,19,21,23,29,37,69,77,27,59,61,30,54,75,71,53,74,47,52,60,39,70,62,55,46,43,31,38,42,35,79,78,34,51,66,63,58,+67 MissingAxioms=0,1,2,3,5,7,8,16,24,32,40,44,48,56,64,68,76 TotalTime=2.3
Step=63 PrevRays=  8542 ResultRays=  8192 RayPairs=   7371780 NewAxiom=69 PrevAxioms=4,6,9,10,11,12,13,14,15,17,18,20,22,25,26,28,33,36,41,45,49,50,57,65,72,73,19,21,23,29,37,77,27,59,67,61,30,54,75,53,47,74,52,63,60,39,46,31,35,38,43,71,42,62,51,79,66,55,70,78,34,58,+69 MissingAxioms=0,1,2,3,5,7,8,16,24,32,40,44,48,56,64,68,76 TotalTime=2.0
Step=63 PrevRays=  8542 ResultRays=  8192 RayPairs=   7371780 NewAxiom=70 PrevAxioms=4,6,9,10,11,12,13,14,15,17,18,20,22,25,26,28,33,36,41,45,49,50,57,65,72,73,19,21,23,29,37,69,77,27,59,61,30,54,67,75,53,47,74,71,52,60,39,46,62,43,55,31,38,42,35,66,51,79,78,34,63,58,+70 MissingAxioms=0,1,2,3,5,7,8,16,24,32,40,44,48,56,64,68,76 TotalTime=2.4
Step=63 PrevRays=  7446 ResultRays=  8192 RayPairs=   4166224 NewAxiom=71 PrevAxioms=4,6,9,10,11,12,13,14,15,17,18,20,22,25,26,28,33,36,41,45,49,50,57,65,72,73,19,21,23,29,37,69,77,27,59,61,30,54,67,75,53,47,74,52,63,60,39,46,31,35,43,38,79,62,42,55,51,66,78,58,70,34,+71 MissingAxioms=0,1,2,3,5,7,8,16,24,32,40,44,48,56,64,68,76 TotalTime=1.6
! VaryAxiom=72 NoInitialAxiomSet
Step=63 PrevRays=  7874 ResultRays=  8192 RayPairs=   6743562 NewAxiom=73 PrevAxioms=4,6,9,10,11,12,13,14,15,17,18,20,22,25,26,28,33,36,41,45,49,50,57,65,72,74,19,21,23,29,37,69,27,59,61,30,54,67,53,75,47,52,63,60,39,46,62,55,43,71,79,35,77,66,51,38,31,42,70,78,58,34,+73 MissingAxioms=0,1,2,3,5,7,8,16,24,32,40,44,48,56,64,68,76 TotalTime=2.4
Step=63 PrevRays=  7874 ResultRays=  8192 RayPairs=   6743562 NewAxiom=74 PrevAxioms=4,6,9,10,11,12,13,14,15,17,18,20,22,25,26,28,33,36,41,45,49,50,57,65,72,73,19,21,23,29,37,69,77,27,59,61,30,54,67,75,53,47,52,63,60,39,46,62,55,35,31,38,79,43,71,70,42,34,51,78,66,58,+74 MissingAxioms=0,1,2,3,5,7,8,16,24,32,40,44,48,56,64,68,76 TotalTime=2.0
Step=63 PrevRays=  8234 ResultRays=  8192 RayPairs=   2971815 NewAxiom=75 PrevAxioms=4,6,9,10,11,12,13,14,15,17,18,20,22,25,26,28,33,36,41,45,49,50,57,65,72,73,19,21,23,29,37,69,77,27,59,61,30,54,67,53,47,52,63,74,60,39,46,31,35,43,38,79,62,55,42,51,66,71,78,34,70,58,+75 MissingAxioms=0,1,2,3,5,7,8,16,24,32,40,44,48,56,64,68,76 TotalTime=2.0
Step=63 PrevRays=  8555 ResultRays=  8192 RayPairs=   7564480 NewAxiom=77 PrevAxioms=4,6,9,10,11,12,13,14,15,17,18,20,22,25,26,28,33,36,41,45,49,50,57,65,72,73,19,21,23,29,37,69,27,59,75,61,30,54,67,53,47,74,52,71,60,43,39,70,35,62,55,79,42,51,31,38,66,78,46,63,58,34,+77 MissingAxioms=0,1,2,3,5,7,8,16,24,32,40,44,48,56,64,68,76 TotalTime=2.2
Step=63 PrevRays=  8555 ResultRays=  8192 RayPairs=   7564480 NewAxiom=78 PrevAxioms=4,6,9,10,11,12,13,14,15,17,18,20,22,25,26,28,33,36,41,45,49,50,57,65,72,73,19,21,23,29,37,69,77,27,59,61,30,54,67,75,53,47,74,71,52,60,39,70,62,55,43,46,31,38,42,66,51,35,79,34,63,58,+78 MissingAxioms=0,1,2,3,5,7,8,16,24,32,40,44,48,56,64,68,76 TotalTime=2.2
Step=63 PrevRays=  7511 ResultRays=  8192 RayPairs=   4099130 NewAxiom=79 PrevAxioms=4,6,9,10,11,12,13,14,15,17,18,20,22,25,26,28,33,36,41,45,49,50,57,65,72,73,19,21,23,29,37,69,77,27,59,61,30,54,67,75,53,47,74,71,52,60,39,70,62,55,43,46,31,38,42,66,78,35,51,34,63,58,+79 MissingAxioms=0,1,2,3,5,7,8,16,24,32,40,44,48,56,64,68,76 TotalTime=2.1

Ordered by number of ray pairs:
Step=63 #######....................... (min) Axiom6 10(3,4) - g2 f(0,3,4) + f(1,3,4) >= f(0,1,2,3,4) + f(3,4)
Step=63 #######....................... Axiom4 10(4) - g1 f(0,4) + f(1,4) >= f(4) + f(0,1,4)
Step=63 ###########................... Axiom67 42(0,1) - g2 f(0,1,2) + f(0,1,4) >= f(0,1) + f(0,1,2,3,4)
Step=63 ###########................... Axiom75 43(0,1) - g2 f(0,1,3) + f(0,1,4) >= f(0,1) + f(0,1,2,3,4)
Step=63 ##############................ Axiom43 32(0,1) - g2 f(0,1,2) + f(0,1,3) >= f(0,1) + f(0,1,2,3,4)
Step=63 ###############............... Axiom79 43(0,1,2) - g3 f(0,1,2,3,4) >= f(0,1,2)
Step=63 ################.............. Axiom71 42(0,1,3) - g3 f(0,1,2,3,4) >= f(0,1,3)
Step=63 ################.............. Axiom54 40(2,3) - g2 f(0,2,3) + f(2,3,4) >= f(2,3) + f(0,1,2,3,4)
Step=63 ################.............. Axiom62 41(2,3) - g2 f(1,2,3) + f(2,3,4) >= f(2,3) + f(0,1,2,3,4)
Step=63 ################.............. Axiom30 30(2,4) - g2 f(0,2,4) + f(2,3,4) >= f(0,1,2,3,4) + f(2,4)
Step=63 ################.............. Axiom38 31(2,4) - g2 f(1,2,4) + f(2,3,4) >= f(0,1,2,3,4) + f(2,4)
Step=63 ##################............ Axiom29 30(1,4) - g2 f(0,1,4) + f(1,3,4) >= f(0,1,2,3,4) + f(1,4)
Step=63 ##################............ Axiom37 31(0,4) - g2 f(0,1,4) + f(0,3,4) >= f(0,1,2,3,4) + f(0,4)
Step=63 ###################........... Axiom53 40(1,3) - g2 f(0,1,3) + f(1,3,4) >= f(1,3) + f(0,1,2,3,4)
Step=63 ###################........... Axiom61 41(0,3) - g2 f(0,1,3) + f(0,3,4) >= f(0,3) + f(0,1,2,3,4)
Step=63 ####################.......... Axiom13 20(1,4) - g2 f(0,1,4) + f(1,2,4) >= f(0,1,2,3,4) + f(1,4)
Step=63 ####################.......... Axiom21 21(0,4) - g2 f(0,1,4) + f(0,2,4) >= f(0,1,2,3,4) + f(0,4)
Step=63 #####################......... Axiom11 20(1,3) - g2 f(0,1,3) + f(1,2,3) >= f(1,3) + f(0,1,2,3,4)
Step=63 #####################......... Axiom19 21(0,3) - g2 f(0,1,3) + f(0,2,3) >= f(0,3) + f(0,1,2,3,4)
Step=63 #####################......... Axiom47 32(0,1,4) - g3 f(0,1,2,3,4) >= f(0,1,4)
Step=63 #####################......... Axiom27 30(1,2) - g2 f(0,1,2) + f(1,2,3) >= f(1,2) + f(0,1,2,3,4)
Step=63 #####################......... Axiom35 31(0,2) - g2 f(0,1,2) + f(0,2,3) >= f(0,2) + f(0,1,2,3,4)
Step=63 ######################........ Axiom14 20(3,4) - g2 f(0,3,4) + f(2,3,4) >= f(0,1,2,3,4) + f(3,4)
Step=63 ######################........ Axiom22 21(3,4) - g2 f(1,3,4) + f(2,3,4) >= f(0,1,2,3,4) + f(3,4)
Step=63 ######################........ Axiom51 40(1,2) - g2 f(0,1,2) + f(1,2,4) >= f(1,2) + f(0,1,2,3,4)
Step=63 ######################........ Axiom59 41(0,2) - g2 f(0,1,2) + f(0,2,4) >= f(0,2) + f(0,1,2,3,4)
Step=63 #######################....... Axiom31 30(1,2,4) - g3 f(0,1,2,3,4) >= f(1,2,4)
Step=63 #######################....... Axiom39 31(0,2,4) - g3 f(0,1,2,3,4) >= f(0,2,4)
Step=63 #######################....... Axiom25 30(1) - g1 f(0,1) + f(1,3) >= f(1) + f(0,1,3)
Step=63 #######################....... Axiom33 31(0) - g1 f(0,1) + f(0,3) >= f(0) + f(0,1,3)
Step=63 #######################....... Axiom12 20(4) - g1 f(0,4) + f(2,4) >= f(4) + f(0,2,4)
Step=63 #######################....... Axiom20 21(4) - g1 f(1,4) + f(2,4) >= f(4) + f(1,2,4)
Step=63 ########################...... Axiom55 40(1,2,3) - g3 f(0,1,2,3,4) >= f(1,2,3)
Step=63 ########################...... Axiom63 41(0,2,3) - g3 f(0,1,2,3,4) >= f(0,2,3)
Step=63 ########################...... Axiom52 40(3) - g1 f(0,3) + f(3,4) >= f(3) + f(0,3,4)
Step=63 ########################...... Axiom60 41(3) - g1 f(1,3) + f(3,4) >= f(3) + f(1,3,4)
Step=63 ########################...... Axiom45 32(0,4) - g2 f(0,2,4) + f(0,3,4) >= f(0,1,2,3,4) + f(0,4)
Step=63 ########################...... Axiom46 32(1,4) - g2 f(1,2,4) + f(1,3,4) >= f(0,1,2,3,4) + f(1,4)
Step=63 ########################...... Axiom26 30(2) - g1 f(0,2) + f(2,3) >= f(2) + f(0,2,3)
Step=63 ########################...... Axiom34 31(2) - g1 f(1,2) + f(2,3) >= f(2) + f(1,2,3)
Step=63 #########################..... Axiom73 43(0) - g1 f(0,3) + f(0,4) >= f(0) + f(0,3,4)
Step=63 #########################..... Axiom74 43(1) - g1 f(1,3) + f(1,4) >= f(1) + f(1,3,4)
Step=63 ##########################.... Axiom28 30(4) - g1 f(0,4) + f(3,4) >= f(4) + f(0,3,4)
Step=63 ##########################.... Axiom36 31(4) - g1 f(1,4) + f(3,4) >= f(4) + f(1,3,4)
Step=63 ###########################... Axiom15 20(1,3,4) - g3 f(0,1,2,3,4) >= f(1,3,4)
Step=63 ###########################... Axiom23 21(0,3,4) - g3 f(0,1,2,3,4) >= f(0,3,4)
Step=63 ###########################... Axiom9 20(1) - g1 f(0,1) + f(1,2) >= f(1) + f(0,1,2)
Step=63 ###########################... Axiom17 21(0) - g1 f(0,1) + f(0,2) >= f(0) + f(0,1,2)
Step=63 ###########################... Axiom10 20(3) - g1 f(0,3) + f(2,3) >= f(3) + f(0,2,3)
Step=63 ###########################... Axiom18 21(3) - g1 f(1,3) + f(2,3) >= f(3) + f(1,2,3)
Step=63 ############################.. Axiom69 42(0,3) - g2 f(0,2,3) + f(0,3,4) >= f(0,3) + f(0,1,2,3,4)
Step=63 ############################.. Axiom70 42(1,3) - g2 f(1,2,3) + f(1,3,4) >= f(1,3) + f(0,1,2,3,4)
Step=63 ############################.. Axiom77 43(0,2) - g2 f(0,2,3) + f(0,2,4) >= f(0,2) + f(0,1,2,3,4)
Step=63 ############################.. Axiom78 43(1,2) - g2 f(1,2,3) + f(1,2,4) >= f(1,2) + f(0,1,2,3,4)
Step=63 #############################. Axiom50 40(2) - g1 f(0,2) + f(2,4) >= f(2) + f(0,2,4)
Step=63 #############################. Axiom58 41(2) - g1 f(1,2) + f(2,4) >= f(2) + f(1,2,4)
Step=63 ############################## Axiom65 42(0) - g1 f(0,2) + f(0,4) >= f(0) + f(0,2,4)
Step=63 ############################## Axiom66 42(1) - g1 f(1,2) + f(1,4) >= f(1) + f(1,2,4)
Step=63 ############################## Axiom41 32(0) - g1 f(0,2) + f(0,3) >= f(0) + f(0,2,3)
Step=63 ############################## Axiom42 32(1) - g1 f(1,2) + f(1,3) >= f(1) + f(1,2,3)
Step=63 ############################## Axiom49 40(1) - g1 f(0,1) + f(1,4) >= f(1) + f(0,1,4)
Step=63 ############################## Axiom57 41(0) - g1 f(0,1) + f(0,4) >= f(0) + f(0,1,4)

Ordered by number of previous rays:
Step=63 $$$$$$$$$$$$$$$$$$$$$$........ (min) Axiom4 10(4) - g1 f(0,4) + f(1,4) >= f(4) + f(0,1,4)
Step=63 $$$$$$$$$$$$$$$$$$$$$$........ (min) Axiom6 10(3,4) - g2 f(0,3,4) + f(1,3,4) >= f(0,1,2,3,4) + f(3,4)
Step=63 $$$$$$$$$$$$$$$$$$$$$$$$$$.... Axiom71 42(0,1,3) - g3 f(0,1,2,3,4) >= f(0,1,3)
Step=63 $$$$$$$$$$$$$$$$$$$$$$$$$$.... Axiom79 43(0,1,2) - g3 f(0,1,2,3,4) >= f(0,1,2)
Step=63 $$$$$$$$$$$$$$$$$$$$$$$$$$.... Axiom12 20(4) - g1 f(0,4) + f(2,4) >= f(4) + f(0,2,4)
Step=63 $$$$$$$$$$$$$$$$$$$$$$$$$$.... Axiom20 21(4) - g1 f(1,4) + f(2,4) >= f(4) + f(1,2,4)
Step=63 $$$$$$$$$$$$$$$$$$$$$$$$$$.... Axiom25 30(1) - g1 f(0,1) + f(1,3) >= f(1) + f(0,1,3)
Step=63 $$$$$$$$$$$$$$$$$$$$$$$$$$.... Axiom33 31(0) - g1 f(0,1) + f(0,3) >= f(0) + f(0,1,3)
Step=63 $$$$$$$$$$$$$$$$$$$$$$$$$$.... Axiom47 32(0,1,4) - g3 f(0,1,2,3,4) >= f(0,1,4)
Step=63 $$$$$$$$$$$$$$$$$$$$$$$$$$.... Axiom26 30(2) - g1 f(0,2) + f(2,3) >= f(2) + f(0,2,3)
Step=63 $$$$$$$$$$$$$$$$$$$$$$$$$$.... Axiom34 31(2) - g1 f(1,2) + f(2,3) >= f(2) + f(1,2,3)
Step=63 $$$$$$$$$$$$$$$$$$$$$$$$$$$... Axiom52 40(3) - g1 f(0,3) + f(3,4) >= f(3) + f(0,3,4)
Step=63 $$$$$$$$$$$$$$$$$$$$$$$$$$$... Axiom60 41(3) - g1 f(1,3) + f(3,4) >= f(3) + f(1,3,4)
Step=63 $$$$$$$$$$$$$$$$$$$$$$$$$$$... Axiom30 30(2,4) - g2 f(0,2,4) + f(2,3,4) >= f(0,1,2,3,4) + f(2,4)
Step=63 $$$$$$$$$$$$$$$$$$$$$$$$$$$... Axiom38 31(2,4) - g2 f(1,2,4) + f(2,3,4) >= f(0,1,2,3,4) + f(2,4)
Step=63 $$$$$$$$$$$$$$$$$$$$$$$$$$$... Axiom54 40(2,3) - g2 f(0,2,3) + f(2,3,4) >= f(2,3) + f(0,1,2,3,4)
Step=63 $$$$$$$$$$$$$$$$$$$$$$$$$$$... Axiom62 41(2,3) - g2 f(1,2,3) + f(2,3,4) >= f(2,3) + f(0,1,2,3,4)
Step=63 $$$$$$$$$$$$$$$$$$$$$$$$$$$... Axiom73 43(0) - g1 f(0,3) + f(0,4) >= f(0) + f(0,3,4)
Step=63 $$$$$$$$$$$$$$$$$$$$$$$$$$$... Axiom74 43(1) - g1 f(1,3) + f(1,4) >= f(1) + f(1,3,4)
Step=63 $$$$$$$$$$$$$$$$$$$$$$$$$$$... Axiom31 30(1,2,4) - g3 f(0,1,2,3,4) >= f(1,2,4)
Step=63 $$$$$$$$$$$$$$$$$$$$$$$$$$$... Axiom39 31(0,2,4) - g3 f(0,1,2,3,4) >= f(0,2,4)
Step=63 $$$$$$$$$$$$$$$$$$$$$$$$$$$... Axiom10 20(3) - g1 f(0,3) + f(2,3) >= f(3) + f(0,2,3)
Step=63 $$$$$$$$$$$$$$$$$$$$$$$$$$$... Axiom18 21(3) - g1 f(1,3) + f(2,3) >= f(3) + f(1,2,3)
Step=63 $$$$$$$$$$$$$$$$$$$$$$$$$$$... Axiom55 40(1,2,3) - g3 f(0,1,2,3,4) >= f(1,2,3)
Step=63 $$$$$$$$$$$$$$$$$$$$$$$$$$$... Axiom63 41(0,2,3) - g3 f(0,1,2,3,4) >= f(0,2,3)
Step=63 $$$$$$$$$$$$$$$$$$$$$$$$$$$$.. Axiom9 20(1) - g1 f(0,1) + f(1,2) >= f(1) + f(0,1,2)
Step=63 $$$$$$$$$$$$$$$$$$$$$$$$$$$$.. Axiom17 21(0) - g1 f(0,1) + f(0,2) >= f(0) + f(0,1,2)
Step=63 $$$$$$$$$$$$$$$$$$$$$$$$$$$$.. Axiom50 40(2) - g1 f(0,2) + f(2,4) >= f(2) + f(0,2,4)
Step=63 $$$$$$$$$$$$$$$$$$$$$$$$$$$$.. Axiom58 41(2) - g1 f(1,2) + f(2,4) >= f(2) + f(1,2,4)
Step=63 $$$$$$$$$$$$$$$$$$$$$$$$$$$$.. Axiom14 20(3,4) - g2 f(0,3,4) + f(2,3,4) >= f(0,1,2,3,4) + f(3,4)
Step=63 $$$$$$$$$$$$$$$$$$$$$$$$$$$$.. Axiom22 21(3,4) - g2 f(1,3,4) + f(2,3,4) >= f(0,1,2,3,4) + f(3,4)
Step=63 $$$$$$$$$$$$$$$$$$$$$$$$$$$$.. Axiom67 42(0,1) - g2 f(0,1,2) + f(0,1,4) >= f(0,1) + f(0,1,2,3,4)
Step=63 $$$$$$$$$$$$$$$$$$$$$$$$$$$$.. Axiom75 43(0,1) - g2 f(0,1,3) + f(0,1,4) >= f(0,1) + f(0,1,2,3,4)
Step=63 $$$$$$$$$$$$$$$$$$$$$$$$$$$$.. Axiom41 32(0) - g1 f(0,2) + f(0,3) >= f(0) + f(0,2,3)
Step=63 $$$$$$$$$$$$$$$$$$$$$$$$$$$$.. Axiom42 32(1) - g1 f(1,2) + f(1,3) >= f(1) + f(1,2,3)
Step=63 $$$$$$$$$$$$$$$$$$$$$$$$$$$$.. Axiom65 42(0) - g1 f(0,2) + f(0,4) >= f(0) + f(0,2,4)
Step=63 $$$$$$$$$$$$$$$$$$$$$$$$$$$$.. Axiom66 42(1) - g1 f(1,2) + f(1,4) >= f(1) + f(1,2,4)
Step=63 $$$$$$$$$$$$$$$$$$$$$$$$$$$$.. Axiom15 20(1,3,4) - g3 f(0,1,2,3,4) >= f(1,3,4)
Step=63 $$$$$$$$$$$$$$$$$$$$$$$$$$$$.. Axiom23 21(0,3,4) - g3 f(0,1,2,3,4) >= f(0,3,4)
Step=63 $$$$$$$$$$$$$$$$$$$$$$$$$$$$.. Axiom43 32(0,1) - g2 f(0,1,2) + f(0,1,3) >= f(0,1) + f(0,1,2,3,4)
Step=63 $$$$$$$$$$$$$$$$$$$$$$$$$$$$.. Axiom53 40(1,3) - g2 f(0,1,3) + f(1,3,4) >= f(1,3) + f(0,1,2,3,4)
Step=63 $$$$$$$$$$$$$$$$$$$$$$$$$$$$.. Axiom61 41(0,3) - g2 f(0,1,3) + f(0,3,4) >= f(0,3) + f(0,1,2,3,4)
Step=63 $$$$$$$$$$$$$$$$$$$$$$$$$$$$$. Axiom49 40(1) - g1 f(0,1) + f(1,4) >= f(1) + f(0,1,4)
Step=63 $$$$$$$$$$$$$$$$$$$$$$$$$$$$$. Axiom57 41(0) - g1 f(0,1) + f(0,4) >= f(0) + f(0,1,4)
Step=63 $$$$$$$$$$$$$$$$$$$$$$$$$$$$$. Axiom45 32(0,4) - g2 f(0,2,4) + f(0,3,4) >= f(0,1,2,3,4) + f(0,4)
Step=63 $$$$$$$$$$$$$$$$$$$$$$$$$$$$$. Axiom46 32(1,4) - g2 f(1,2,4) + f(1,3,4) >= f(0,1,2,3,4) + f(1,4)
Step=63 $$$$$$$$$$$$$$$$$$$$$$$$$$$$$. Axiom27 30(1,2) - g2 f(0,1,2) + f(1,2,3) >= f(1,2) + f(0,1,2,3,4)
Step=63 $$$$$$$$$$$$$$$$$$$$$$$$$$$$$. Axiom35 31(0,2) - g2 f(0,1,2) + f(0,2,3) >= f(0,2) + f(0,1,2,3,4)
Step=63 $$$$$$$$$$$$$$$$$$$$$$$$$$$$$. Axiom11 20(1,3) - g2 f(0,1,3) + f(1,2,3) >= f(1,3) + f(0,1,2,3,4)
Step=63 $$$$$$$$$$$$$$$$$$$$$$$$$$$$$. Axiom19 21(0,3) - g2 f(0,1,3) + f(0,2,3) >= f(0,3) + f(0,1,2,3,4)
Step=63 $$$$$$$$$$$$$$$$$$$$$$$$$$$$$. Axiom51 40(1,2) - g2 f(0,1,2) + f(1,2,4) >= f(1,2) + f(0,1,2,3,4)
Step=63 $$$$$$$$$$$$$$$$$$$$$$$$$$$$$. Axiom59 41(0,2) - g2 f(0,1,2) + f(0,2,4) >= f(0,2) + f(0,1,2,3,4)
Step=63 $$$$$$$$$$$$$$$$$$$$$$$$$$$$$. Axiom13 20(1,4) - g2 f(0,1,4) + f(1,2,4) >= f(0,1,2,3,4) + f(1,4)
Step=63 $$$$$$$$$$$$$$$$$$$$$$$$$$$$$. Axiom21 21(0,4) - g2 f(0,1,4) + f(0,2,4) >= f(0,1,2,3,4) + f(0,4)
Step=63 $$$$$$$$$$$$$$$$$$$$$$$$$$$$$. Axiom69 42(0,3) - g2 f(0,2,3) + f(0,3,4) >= f(0,3) + f(0,1,2,3,4)
Step=63 $$$$$$$$$$$$$$$$$$$$$$$$$$$$$. Axiom70 42(1,3) - g2 f(1,2,3) + f(1,3,4) >= f(1,3) + f(0,1,2,3,4)
Step=63 $$$$$$$$$$$$$$$$$$$$$$$$$$$$$. Axiom77 43(0,2) - g2 f(0,2,3) + f(0,2,4) >= f(0,2) + f(0,1,2,3,4)
Step=63 $$$$$$$$$$$$$$$$$$$$$$$$$$$$$. Axiom78 43(1,2) - g2 f(1,2,3) + f(1,2,4) >= f(1,2) + f(0,1,2,3,4)
Step=63 $$$$$$$$$$$$$$$$$$$$$$$$$$$$$$ Axiom28 30(4) - g1 f(0,4) + f(3,4) >= f(4) + f(0,3,4)
Step=63 $$$$$$$$$$$$$$$$$$$$$$$$$$$$$$ Axiom36 31(4) - g1 f(1,4) + f(3,4) >= f(4) + f(1,3,4)
Step=63 $$$$$$$$$$$$$$$$$$$$$$$$$$$$$$ Axiom29 30(1,4) - g2 f(0,1,4) + f(1,3,4) >= f(0,1,2,3,4) + f(1,4)
Step=63 $$$$$$$$$$$$$$$$$$$$$$$$$$$$$$ Axiom37 31(0,4) - g2 f(0,1,4) + f(0,3,4) >= f(0,1,2,3,4) + f(0,4)
