Step=67 PrevRays= 15947 ResultRays= 16774 RayPairs=  31463979 NewAxiom=1 PrevAxioms=2,4,5,6,9,10,11,12,14,15,17,18,20,22,25,26,28,33,36,41,45,49,57,65,72,73,13,19,21,23,69,77,27,59,29,37,61,30,67,75,53,47,74,71,52,54,50,43,76,39,70,35,79,31,42,63,51,38,58,55,62,78,46,34,60,66,+1 MissingAxioms=0,3,7,8,16,24,32,40,44,48,56,64,68 TotalTime=7.4
Step=67 PrevRays= 15982 ResultRays= 16774 RayPairs=  31475202 NewAxiom=2 PrevAxioms=1,4,5,6,9,10,11,12,14,15,17,18,20,22,25,26,28,33,36,41,45,49,57,65,72,73,13,19,21,23,69,77,27,59,29,37,61,30,67,75,53,47,74,71,76,50,54,43,42,70,35,51,58,79,63,39,52,55,38,31,62,78,46,60,34,66,+2 MissingAxioms=0,3,7,8,16,24,32,40,44,48,56,64,68 TotalTime=6.7
Step=67 PrevRays= 17242 ResultRays= 16774 RayPairs=  37699560 NewAxiom=4 PrevAxioms=1,2,5,6,9,10,11,12,13,14,15,17,18,20,22,25,28,33,36,41,45,49,57,65,72,73,19,21,23,69,77,27,59,58,30,67,26,43,76,35,42,39,79,66,51,38,50,54,63,34,62,78,61,71,52,53,75,29,55,70,37,47,46,74,60,31,+4 MissingAxioms=0,3,7,8,16,24,32,40,44,48,56,64,68 TotalTime=6.9
Step=67 PrevRays= 14609 ResultRays= 16774 RayPairs=   7997220 NewAxiom=5 PrevAxioms=1,2,4,6,9,10,11,12,13,14,15,17,18,20,22,25,28,33,36,41,45,49,57,65,72,73,19,21,23,29,37,69,77,27,59,61,26,30,67,75,47,60,51,76,62,66,38,53,55,31,52,39,46,63,35,79,43,54,71,78,58,70,42,74,34,50,+5 MissingAxioms=0,3,7,8,16,24,32,40,44,48,56,64,68 TotalTime=6.3
Step=67 PrevRays= 16036 ResultRays= 16774 RayPairs=  19188039 NewAxiom=6 PrevAxioms=1,2,4,5,9,10,11,12,14,15,17,18,20,22,25,28,29,33,36,41,45,49,57,65,72,73,13,19,21,23,37,69,77,27,59,61,26,30,67,75,58,53,71,74,46,70,38,47,55,43,76,31,51,54,39,35,79,52,66,78,62,63,34,60,42,50,+6 MissingAxioms=0,3,7,8,16,24,32,40,44,48,56,64,68 TotalTime=7.6
Step=67 PrevRays= 17289 ResultRays= 16774 RayPairs=  38256000 NewAxiom=9 PrevAxioms=1,2,4,5,6,10,11,12,14,15,17,18,20,22,25,26,28,33,36,41,45,49,57,65,72,73,13,19,21,23,69,77,35,29,53,43,37,27,38,34,31,42,70,60,62,55,71,61,75,39,52,54,59,30,76,63,78,51,79,67,58,47,46,66,74,50,+9 MissingAxioms=0,3,7,8,16,24,32,40,44,48,56,64,68 TotalTime=7.2
Step=67 PrevRays= 15795 ResultRays= 16774 RayPairs=  31071604 NewAxiom=10 PrevAxioms=1,2,4,5,6,9,11,12,14,15,17,18,19,20,22,25,28,33,36,41,45,49,57,65,72,73,13,21,23,27,35,43,42,29,37,34,46,53,47,38,26,69,77,51,60,62,31,59,67,30,71,66,76,78,39,61,52,75,79,70,63,55,54,58,74,50,+10 MissingAxioms=0,3,7,8,16,24,32,40,44,48,56,64,68 TotalTime=6.5
Step=67 PrevRays= 17295 ResultRays= 16774 RayPairs=  23724281 NewAxiom=11 PrevAxioms=1,2,4,5,6,9,10,12,14,15,17,18,19,20,22,25,28,33,36,41,45,49,57,65,72,73,13,21,23,35,43,51,29,37,53,69,77,34,38,31,60,62,70,50,75,61,63,74,39,30,71,55,54,27,59,67,79,47,46,76,78,42,58,52,66,26,+11 MissingAxioms=0,3,7,8,16,24,32,40,44,48,56,64,68 TotalTime=7.4
Step=67 PrevRays= 16599 ResultRays= 16774 RayPairs=  34058240 NewAxiom=12 PrevAxioms=1,2,4,5,6,9,10,11,13,14,15,17,18,20,22,25,28,33,36,41,45,49,57,65,72,73,19,21,23,51,69,77,35,29,37,43,53,34,38,31,47,46,42,52,27,39,30,75,61,71,54,63,66,60,70,62,58,59,67,79,74,50,76,78,55,26,+12 MissingAxioms=0,3,7,8,16,24,32,40,44,48,56,64,68 TotalTime=5.6
Step=67 PrevRays= 17056 ResultRays= 16774 RayPairs=  20669220 NewAxiom=13 PrevAxioms=1,2,4,5,6,9,10,11,12,14,15,17,18,20,22,25,28,33,36,41,45,49,57,65,72,73,19,21,23,69,77,27,30,59,37,61,26,29,67,75,53,47,74,70,52,71,60,62,55,43,39,76,35,79,31,38,34,54,78,46,51,63,66,58,42,50,+13 MissingAxioms=0,3,7,8,16,24,32,40,44,48,56,64,68 TotalTime=7.9
Step=67 PrevRays= 16228 ResultRays= 16774 RayPairs=  25126680 NewAxiom=14 PrevAxioms=1,2,4,5,6,9,10,11,12,15,17,18,20,22,23,25,28,33,36,41,45,49,57,65,72,73,13,19,21,69,77,27,59,29,37,61,26,67,75,30,51,76,60,66,47,62,53,55,31,46,38,39,52,43,71,35,79,70,78,63,54,58,34,74,42,50,+14 MissingAxioms=0,3,7,8,16,24,32,40,44,48,56,64,68 TotalTime=7.8
Step=67 PrevRays= 16388 ResultRays= 16774 RayPairs=  26714142 NewAxiom=15 PrevAxioms=1,2,4,5,6,9,10,11,12,14,17,18,20,22,23,25,28,33,36,41,45,49,57,65,72,73,13,19,21,69,77,27,59,29,37,61,30,26,67,75,47,53,63,50,46,76,54,31,38,60,39,35,62,34,79,43,71,51,55,78,66,74,70,42,52,58,+15 MissingAxioms=0,3,7,8,16,24,32,40,44,48,56,64,68 TotalTime=7.3
Step=67 PrevRays= 17289 ResultRays= 16774 RayPairs=  38256000 NewAxiom=17 PrevAxioms=1,2,4,5,6,9,10,11,12,14,15,18,20,22,25,28,33,34,36,41,45,49,57,65,72,73,13,19,21,23,69,77,27,29,37,61,75,26,30,35,47,53,46,74,70,71,43,63,39,31,79,50,54,76,51,67,59,55,78,38,62,60,66,42,52,58,+17 MissingAxioms=0,3,7,8,16,24,32,40,44,48,56,64,68 TotalTime=7.1
Step=67 PrevRays= 15795 ResultRays= 16774 RayPairs=  31071604 NewAxiom=18 PrevAxioms=1,2,4,5,6,9,10,11,12,14,15,17,19,20,22,25,28,33,36,41,45,49,57,65,72,73,13,21,23,27,35,43,42,29,37,26,46,61,75,47,30,34,67,59,79,50,51,66,71,52,54,53,39,60,31,38,63,69,70,55,78,76,62,77,74,58,+18 MissingAxioms=0,3,7,8,16,24,32,40,44,48,56,64,68 TotalTime=5.8
Step=67 PrevRays= 17295 ResultRays= 16774 RayPairs=  23724281 NewAxiom=19 PrevAxioms=1,2,4,5,6,9,10,11,12,14,15,17,18,20,22,25,28,33,36,41,45,49,57,65,72,73,13,21,23,27,69,77,59,29,37,61,26,30,67,75,47,53,74,71,50,54,76,60,43,42,62,51,39,79,35,46,66,38,31,55,63,78,70,58,52,34,+19 MissingAxioms=0,3,7,8,16,24,32,40,44,48,56,64,68 TotalTime=7.8
Step=67 PrevRays= 16599 ResultRays= 16774 RayPairs=  34058240 NewAxiom=20 PrevAxioms=1,2,4,5,6,9,10,11,12,14,15,17,18,21,22,25,28,33,36,41,45,49,57,65,72,73,13,19,23,59,67,77,27,69,29,37,61,26,30,47,75,51,39,50,58,54,43,71,52,53,35,66,76,42,79,60,62,78,55,70,46,31,63,38,74,34,+20 MissingAxioms=0,3,7,8,16,24,32,40,44,48,56,64,68 TotalTime=6.6
Step=67 PrevRays= 17056 ResultRays= 16774 RayPairs=  20669220 NewAxiom=21 PrevAxioms=1,2,4,5,6,9,10,11,12,14,15,17,18,20,22,25,28,33,36,41,45,49,57,65,72,73,13,19,23,69,77,27,38,29,35,43,37,53,34,30,42,61,70,75,31,71,74,63,55,39,54,62,58,59,67,51,79,50,76,60,78,46,47,52,66,26,+21 MissingAxioms=0,3,7,8,16,24,32,40,44,48,56,64,68 TotalTime=6.6
Step=67 PrevRays= 16228 ResultRays= 16774 RayPairs=  25126680 NewAxiom=22 PrevAxioms=1,2,4,5,6,9,10,11,12,14,15,17,18,20,23,25,28,33,36,41,45,49,57,65,72,73,13,19,21,69,77,27,59,29,37,61,30,26,67,75,47,46,53,63,76,60,50,39,35,54,71,43,42,74,51,66,79,70,55,78,62,31,38,58,52,34,+22 MissingAxioms=0,3,7,8,16,24,32,40,44,48,56,64,68 TotalTime=7.2
Step=67 PrevRays= 16388 ResultRays= 16774 RayPairs=  26714142 NewAxiom=23 PrevAxioms=1,2,4,5,6,9,10,11,12,14,15,17,18,20,22,25,28,33,36,41,45,49,57,65,72,73,13,19,21,69,77,27,59,29,37,61,30,26,67,75,51,76,60,66,62,53,55,38,31,39,52,47,46,43,71,70,79,78,63,54,35,42,58,34,74,50,+23 MissingAxioms=0,3,7,8,16,24,32,40,44,48,56,64,68 TotalTime=7.1
Step=67 PrevRays= 17321 ResultRays= 16774 RayPairs=  38855059 NewAxiom=25 PrevAxioms=1,2,4,5,6,9,10,11,12,14,15,17,18,20,22,26,28,33,36,41,45,49,57,65,72,73,13,19,21,23,69,77,35,51,29,37,43,27,38,34,31,42,60,62,55,61,75,58,59,70,39,30,54,63,71,53,67,79,76,78,47,46,74,66,52,50,+25 MissingAxioms=0,3,7,8,16,24,32,40,44,48,56,64,68 TotalTime=6.6
Step=67 PrevRays= 16851 ResultRays= 16774 RayPairs=  36578673 NewAxiom=26 PrevAxioms=1,2,4,5,6,9,10,11,12,14,15,17,18,20,22,25,28,33,36,41,45,49,57,65,72,73,13,19,21,23,69,77,27,59,29,37,61,30,67,75,53,47,74,71,52,54,43,39,70,42,35,63,58,51,31,79,50,76,38,55,62,78,46,34,60,66,+26 MissingAxioms=0,3,7,8,16,24,32,40,44,48,56,64,68 TotalTime=7.8
Step=67 PrevRays= 17157 ResultRays= 16774 RayPairs=  23531070 NewAxiom=27 PrevAxioms=1,2,4,5,6,9,10,11,12,14,15,17,18,20,22,25,28,33,36,41,45,49,57,65,72,73,13,19,21,23,69,77,35,51,29,37,43,53,34,38,31,58,62,42,55,60,61,52,75,39,71,70,59,30,50,54,63,67,79,76,78,47,46,66,26,74,+27 MissingAxioms=0,3,7,8,16,24,32,40,44,48,56,64,68 TotalTime=5.3
Step=67 PrevRays= 16197 ResultRays= 16774 RayPairs=  30400520 NewAxiom=28 PrevAxioms=1,2,4,5,6,9,10,11,12,14,15,17,18,20,22,25,29,33,36,41,45,49,57,65,72,73,13,19,21,23,53,69,77,35,52,43,27,38,31,34,37,42,67,59,54,71,61,60,75,79,78,76,70,63,30,39,55,51,47,66,46,62,26,58,74,50,+28 MissingAxioms=0,3,7,8,16,24,32,40,44,48,56,64,68 TotalTime=7.5
Step=67 PrevRays= 17123 ResultRays= 16774 RayPairs=  22325755 NewAxiom=29 PrevAxioms=1,2,4,5,6,9,10,11,12,14,15,17,18,20,22,25,28,33,36,41,45,49,57,65,72,73,13,19,21,23,69,77,27,59,37,61,26,67,30,75,47,50,63,76,54,60,39,53,35,62,71,74,46,31,55,51,43,66,79,38,42,78,70,58,52,34,+29 MissingAxioms=0,3,7,8,16,24,32,40,44,48,56,64,68 TotalTime=7.5
Step=67 PrevRays= 16716 ResultRays= 16774 RayPairs=  23840560 NewAxiom=30 PrevAxioms=1,2,4,5,6,9,10,11,12,14,15,17,18,20,22,25,28,33,36,41,45,49,57,65,72,73,13,19,21,23,69,77,27,59,29,37,61,26,67,75,46,53,74,47,50,71,60,43,62,42,51,66,38,39,79,35,31,78,63,76,54,55,70,58,52,34,+30 MissingAxioms=0,3,7,8,16,24,32,40,44,48,56,64,68 TotalTime=6.5
Step=67 PrevRays= 16028 ResultRays= 16774 RayPairs=  25697730 NewAxiom=31 PrevAxioms=1,2,4,5,6,9,10,11,12,14,15,17,18,20,22,25,28,33,36,41,45,49,57,65,72,73,13,19,21,23,69,77,27,59,29,37,61,26,30,67,75,47,53,74,71,50,54,43,39,76,35,42,79,46,66,51,63,58,55,70,38,78,62,52,60,34,+31 MissingAxioms=0,3,7,8,16,24,32,40,44,48,56,64,68 TotalTime=6.3
Step=67 PrevRays= 17321 ResultRays= 16774 RayPairs=  38855059 NewAxiom=33 PrevAxioms=1,2,4,5,6,9,10,11,12,14,15,17,18,20,22,25,28,34,36,41,45,49,57,65,72,73,13,19,21,23,69,77,27,59,29,37,67,53,35,30,47,26,39,46,71,52,50,54,76,43,31,79,75,61,60,63,51,66,55,62,78,70,38,74,42,58,+33 MissingAxioms=0,3,7,8,16,24,32,40,44,48,56,64,68 TotalTime=7.7
Step=67 PrevRays= 16851 ResultRays= 16774 RayPairs=  36578673 NewAxiom=34 PrevAxioms=1,2,4,5,6,9,10,11,12,14,15,17,18,20,22,25,28,33,36,41,45,49,57,65,72,73,13,19,21,23,69,77,27,59,29,37,61,26,30,67,75,47,53,74,71,50,54,43,39,76,35,42,79,31,46,63,51,66,60,62,55,38,78,70,58,52,+34 MissingAxioms=0,3,7,8,16,24,32,40,44,48,56,64,68 TotalTime=6.8
Step=67 PrevRays= 17157 ResultRays= 16774 RayPairs=  23531070 NewAxiom=35 PrevAxioms=1,2,4,5,6,9,10,11,12,14,15,17,18,20,22,25,28,33,36,41,45,49,57,65,72,73,13,19,21,23,69,77,27,59,29,37,61,26,30,67,75,47,53,74,71,50,54,43,39,76,42,79,63,46,31,51,66,38,60,62,55,78,70,58,34,52,+35 MissingAxioms=0,3,7,8,16,24,32,40,44,48,56,64,68 TotalTime=6.5
Step=67 PrevRays= 16197 ResultRays= 16774 RayPairs=  30400520 NewAxiom=36 PrevAxioms=1,2,4,5,6,9,10,11,12,14,15,17,18,20,22,25,28,33,37,41,45,49,57,65,72,73,13,19,21,23,61,69,75,27,60,77,67,30,26,59,47,50,39,54,71,76,29,53,79,74,43,35,66,51,42,62,46,34,31,63,55,78,38,70,52,58,+36 MissingAxioms=0,3,7,8,16,24,32,40,44,48,56,64,68 TotalTime=8.5
Step=67 PrevRays= 17123 ResultRays= 16774 RayPairs=  22325755 NewAxiom=37 PrevAxioms=1,2,4,5,6,9,10,11,12,14,15,17,18,20,22,25,28,33,36,41,45,49,57,65,72,73,13,19,21,23,69,77,27,59,29,67,53,58,70,71,52,75,54,74,66,38,51,61,63,79,43,42,35,39,47,31,30,50,76,55,62,78,46,34,60,26,+37 MissingAxioms=0,3,7,8,16,24,32,40,44,48,56,64,68 TotalTime=7.2
Step=67 PrevRays= 16716 ResultRays= 16774 RayPairs=  23840560 NewAxiom=38 PrevAxioms=1,2,4,5,6,9,10,11,12,14,15,17,18,20,22,25,28,33,36,41,45,49,57,65,72,73,13,19,21,23,69,77,27,59,29,37,61,26,30,67,75,47,53,74,71,50,54,43,39,76,35,42,79,31,46,63,51,66,60,62,55,78,70,34,52,58,+38 MissingAxioms=0,3,7,8,16,24,32,40,44,48,56,64,68 TotalTime=6.7
Step=67 PrevRays= 16028 ResultRays= 16774 RayPairs=  25697730 NewAxiom=39 PrevAxioms=1,2,4,5,6,9,10,11,12,14,15,17,18,20,22,25,28,33,36,41,45,49,57,65,72,73,13,19,21,23,69,77,27,59,29,37,61,26,30,67,75,47,53,74,71,50,54,43,76,52,60,70,42,35,51,79,63,55,31,62,46,38,78,66,58,34,+39 MissingAxioms=0,3,7,8,16,24,32,40,44,48,56,64,68 TotalTime=5.0
Step=67 PrevRays= 16703 ResultRays= 16774 RayPairs=  35156136 NewAxiom=41 PrevAxioms=1,2,4,5,6,9,10,11,12,14,15,17,18,20,22,25,28,33,36,42,45,49,57,65,72,73,13,19,21,23,27,43,59,67,29,37,75,61,26,30,47,39,50,79,46,51,52,53,74,54,63,35,58,77,76,71,31,38,69,70,78,62,55,60,66,34,+41 MissingAxioms=0,3,7,8,16,24,32,40,44,48,56,64,68 TotalTime=6.8
Step=67 PrevRays= 16703 ResultRays= 16774 RayPairs=  35156136 NewAxiom=42 PrevAxioms=1,2,4,5,6,9,10,11,12,14,15,17,18,20,22,25,28,33,36,41,45,49,57,65,72,73,13,19,21,23,69,77,27,59,29,37,61,26,30,67,75,47,53,74,71,50,54,43,39,76,35,79,31,46,66,51,55,63,60,62,38,34,78,70,52,58,+42 MissingAxioms=0,3,7,8,16,24,32,40,44,48,56,64,68 TotalTime=7.4
Step=67 PrevRays= 17377 ResultRays= 16774 RayPairs=  22602894 NewAxiom=43 PrevAxioms=1,2,4,5,6,9,10,11,12,14,15,17,18,20,22,25,28,33,36,41,45,49,57,65,72,73,13,19,21,23,69,77,27,59,29,37,61,26,30,67,75,47,53,74,71,50,54,76,60,46,31,39,79,35,63,34,51,55,62,38,78,70,58,66,52,42,+43 MissingAxioms=0,3,7,8,16,24,32,40,44,48,56,64,68 TotalTime=6.6
Step=67 PrevRays= 16847 ResultRays= 16774 RayPairs=  24280446 NewAxiom=45 PrevAxioms=1,2,4,5,6,9,10,11,12,14,15,17,18,20,22,25,28,33,36,41,46,49,57,65,72,73,13,19,21,23,27,59,67,29,37,75,61,26,30,43,53,74,35,47,71,50,42,79,54,38,51,58,31,69,70,78,55,77,76,63,62,60,39,66,52,34,+45 MissingAxioms=0,3,7,8,16,24,32,40,44,48,56,64,68 TotalTime=6.8
Step=67 PrevRays= 16847 ResultRays= 16774 RayPairs=  24280446 NewAxiom=46 PrevAxioms=1,2,4,5,6,9,10,11,12,14,15,17,18,20,22,25,28,33,36,41,45,49,57,65,72,73,13,19,21,23,69,77,27,59,29,37,61,26,30,67,75,47,53,74,71,50,54,43,39,76,35,42,79,31,70,51,38,55,63,58,52,62,78,60,34,66,+46 MissingAxioms=0,3,7,8,16,24,32,40,44,48,56,64,68 TotalTime=7.1
Step=67 PrevRays= 15849 ResultRays= 16774 RayPairs=  22710330 NewAxiom=47 PrevAxioms=1,2,4,5,6,9,10,11,12,14,15,17,18,20,22,25,28,33,36,41,45,49,57,65,72,73,13,19,21,23,69,77,27,59,29,37,61,26,30,67,75,53,71,74,58,70,39,55,76,38,31,52,35,63,43,79,54,51,62,34,42,78,46,66,60,50,+47 MissingAxioms=0,3,7,8,16,24,32,40,44,48,56,64,68 TotalTime=7.6
Step=67 PrevRays= 16924 ResultRays= 16774 RayPairs=  37319317 NewAxiom=49 PrevAxioms=1,2,4,5,6,9,10,11,12,14,15,17,18,20,22,25,28,33,36,41,45,50,57,65,72,73,13,19,21,23,69,77,27,51,35,43,29,37,75,30,42,61,60,62,47,46,74,71,53,52,54,31,39,67,63,59,76,55,38,79,70,58,78,66,26,34,+49 MissingAxioms=0,3,7,8,16,24,32,40,44,48,56,64,68 TotalTime=6.5
Step=67 PrevRays= 17673 ResultRays= 16774 RayPairs=  40281984 NewAxiom=50 PrevAxioms=1,2,4,5,6,9,10,11,12,14,15,17,18,20,22,25,28,33,36,41,45,49,57,65,72,73,13,19,21,23,69,77,27,59,29,37,61,26,30,67,75,47,53,74,71,52,54,43,39,46,31,63,35,60,76,70,42,79,38,78,66,51,62,55,58,34,+50 MissingAxioms=0,3,7,8,16,24,32,40,44,48,56,64,68 TotalTime=6.4
Step=67 PrevRays= 17020 ResultRays= 16774 RayPairs=  20213550 NewAxiom=51 PrevAxioms=1,2,4,5,6,9,10,11,12,14,15,17,18,20,22,25,28,33,36,41,45,49,57,65,72,73,13,19,21,23,69,77,27,59,29,37,61,26,30,67,75,47,53,74,71,50,54,43,39,76,35,42,79,31,46,63,60,62,55,38,70,78,58,66,52,34,+51 MissingAxioms=0,3,7,8,16,24,32,40,44,48,56,64,68 TotalTime=6.5
Step=67 PrevRays= 16409 ResultRays= 16774 RayPairs=  31772660 NewAxiom=52 PrevAxioms=1,2,4,5,6,9,10,11,12,14,15,17,18,20,22,25,28,33,36,41,45,49,57,65,72,73,13,19,21,23,69,77,27,59,29,37,61,26,30,67,75,47,53,74,71,50,54,43,39,76,35,42,79,31,46,63,51,66,60,62,55,38,78,70,58,34,+52 MissingAxioms=0,3,7,8,16,24,32,40,44,48,56,64,68 TotalTime=6.7
Step=67 PrevRays= 17249 ResultRays= 16774 RayPairs=  22456100 NewAxiom=53 PrevAxioms=1,2,4,5,6,9,10,11,12,14,15,17,18,20,22,25,28,33,36,41,45,49,57,65,72,73,13,19,21,23,69,77,27,59,29,37,61,26,30,67,75,47,50,63,54,76,60,39,35,62,34,51,79,43,46,31,55,38,78,66,71,70,74,42,52,58,+53 MissingAxioms=0,3,7,8,16,24,32,40,44,48,56,64,68 TotalTime=6.9
Step=67 PrevRays= 16253 ResultRays= 16774 RayPairs=  16841598 NewAxiom=54 PrevAxioms=1,2,4,5,6,9,10,11,12,14,15,17,18,20,22,25,28,33,36,41,45,49,57,65,72,73,13,19,21,23,69,77,27,59,29,37,61,26,30,67,75,47,53,74,71,50,43,42,39,46,76,35,79,31,70,63,51,38,55,62,60,78,66,58,52,34,+54 MissingAxioms=0,3,7,8,16,24,32,40,44,48,56,64,68 TotalTime=5.6
Step=67 PrevRays= 15695 ResultRays= 16774 RayPairs=  24698528 NewAxiom=55 PrevAxioms=1,2,4,5,6,9,10,11,12,14,15,17,18,20,22,25,28,33,36,41,45,49,57,65,72,73,13,19,21,23,69,77,27,59,29,37,61,26,30,67,75,47,53,74,71,50,54,43,39,76,35,42,79,31,46,63,51,66,60,62,38,78,34,70,52,58,+55 MissingAxioms=0,3,7,8,16,24,32,40,44,48,56,64,68 TotalTime=6.7
Step=67 PrevRays= 16924 ResultRays= 16774 RayPairs=  37319317 NewAxiom=57 PrevAxioms=1,2,4,5,6,9,10,11,12,14,15,17,18,20,22,25,28,33,36,41,45,49,58,65,72,73,13,19,21,23,69,77,27,59,35,43,29,37,53,38,42,75,70,74,51,50,71,52,54,76,31,55,30,26,46,78,67,47,39,62,79,61,63,60,66,34,+57 MissingAxioms=0,3,7,8,16,24,32,40,44,48,56,64,68 TotalTime=5.6
Step=67 PrevRays= 17673 ResultRays= 16774 RayPairs=  40281984 NewAxiom=58 PrevAxioms=1,2,4,5,6,9,10,11,12,14,15,17,18,20,22,25,28,33,36,41,45,49,57,65,72,73,13,19,21,23,69,77,27,59,29,37,61,26,30,67,75,47,53,74,71,50,54,43,39,76,35,42,79,31,46,63,51,66,60,62,55,38,78,70,34,52,+58 MissingAxioms=0,3,7,8,16,24,32,40,44,48,56,64,68 TotalTime=6.9
Step=67 PrevRays= 17020 ResultRays= 16774 RayPairs=  20213550 NewAxiom=59 PrevAxioms=1,2,4,5,6,9,10,11,12,14,15,17,18,20,22,25,28,33,36,41,45,49,57,65,72,73,13,19,21,23,69,77,27,29,35,37,43,53,38,34,31,42,58,62,51,55,60,61,52,75,39,71,70,54,30,63,50,76,78,79,67,47,46,74,66,26,+59 MissingAxioms=0,3,7,8,16,24,32,40,44,48,56,64,68 TotalTime=5.8
Step=67 PrevRays= 16409 ResultRays= 16774 RayPairs=  31772660 NewAxiom=60 PrevAxioms=1,2,4,5,6,9,10,11,12,14,15,17,18,20,22,25,28,33,36,41,45,49,57,65,72,73,13,19,21,23,69,77,27,59,29,37,61,26,30,67,75,47,53,74,71,50,54,43,39,76,35,42,79,31,46,63,51,66,38,58,55,70,78,62,52,34,+60 MissingAxioms=0,3,7,8,16,24,32,40,44,48,56,64,68 TotalTime=5.6
Step=67 PrevRays= 17249 ResultRays= 16774 RayPairs=  22456100 NewAxiom=61 PrevAxioms=1,2,4,5,6,9,10,11,12,14,15,17,18,20,22,25,28,33,36,41,45,49,57,65,72,73,13,19,21,23,69,77,27,59,29,37,67,75,26,30,71,53,58,74,70,39,55,47,43,63,35,34,51,31,46,76,79,54,78,38,62,60,66,52,42,50,+61 MissingAxioms=0,3,7,8,16,24,32,40,44,48,56,64,68 TotalTime=7.4
Step=67 PrevRays= 16253 ResultRays= 16774 RayPairs=  16841598 NewAxiom=62 PrevAxioms=1,2,4,5,6,9,10,11,12,14,15,17,18,20,22,25,28,33,36,41,45,49,57,65,72,73,13,19,21,23,69,77,27,59,29,37,61,26,30,67,75,47,53,74,71,50,54,43,39,76,35,42,79,31,46,63,51,66,60,38,70,55,78,58,52,34,+62 MissingAxioms=0,3,7,8,16,24,32,40,44,48,56,64,68 TotalTime=6.0
Step=67 PrevRays= 15695 ResultRays= 16774 RayPairs=  24698528 NewAxiom=63 PrevAxioms=1,2,4,5,6,9,10,11,12,14,15,17,18,20,22,25,28,33,36,41,45,49,57,65,72,73,13,19,21,23,69,77,27,59,29,37,61,26,30,67,75,47,53,74,71,50,54,43,39,76,35,42,79,31,46,51,66,38,60,62,55,78,70,58,52,34,+63 MissingAxioms=0,3,7,8,16,24,32,40,44,48,56,64,68 TotalTime=6.5
Step=67 PrevRays= 16165 ResultRays= 16774 RayPairs=  31582760 NewAxiom=65 PrevAxioms=1,2,4,5,6,9,10,11,12,14,15,17,18,20,22,25,28,33,36,41,45,49,57,66,72,73,13,19,21,23,77,27,59,29,37,61,26,30,75,47,53,74,63,50,54,76,79,39,35,43,42,46,31,51,67,38,71,69,60,62,55,78,58,70,52,34,+65 MissingAxioms=0,3,7,8,16,24,32,40,44,48,56,64,68 TotalTime=6.9
Step=67 PrevRays= 16165 ResultRays= 16774 RayPairs=  31582760 NewAxiom=66 PrevAxioms=1,2,4,5,6,9,10,11,12,14,15,17,18,20,22,25,28,33,36,41,45,49,57,65,72,73,13,19,21,23,69,77,27,59,29,37,61,26,30,67,75,47,53,74,71,50,54,43,39,76,35,42,79,31,46,63,51,58,38,70,55,78,62,60,52,34,+66 MissingAxioms=0,3,7,8,16,24,32,40,44,48,56,64,68 TotalTime=6.1
Step=67 PrevRays= 17352 ResultRays= 16774 RayPairs=  22757378 NewAxiom=67 PrevAxioms=1,2,4,5,6,9,10,11,12,14,15,17,18,20,22,25,28,33,36,41,45,49,57,65,72,73,13,19,21,23,69,77,27,59,29,37,61,26,30,75,71,53,74,58,70,35,43,55,39,63,34,47,51,31,46,76,79,54,52,78,62,38,66,60,42,50,+67 MissingAxioms=0,3,7,8,16,24,32,40,44,48,56,64,68 TotalTime=8.0
Step=67 PrevRays= 16924 ResultRays= 16774 RayPairs=  24654222 NewAxiom=69 PrevAxioms=1,2,4,5,6,9,10,11,12,14,15,17,18,20,22,25,28,33,36,41,45,49,57,65,72,73,13,19,21,23,77,27,59,67,29,37,61,26,30,75,47,53,74,63,50,54,76,79,71,43,35,60,42,62,51,46,39,31,38,55,70,78,58,66,52,34,+69 MissingAxioms=0,3,7,8,16,24,32,40,44,48,56,64,68 TotalTime=7.2
Step=67 PrevRays= 16924 ResultRays= 16774 RayPairs=  24654222 NewAxiom=70 PrevAxioms=1,2,4,5,6,9,10,11,12,14,15,17,18,20,22,25,28,33,36,41,45,49,57,65,72,73,13,19,21,23,69,77,27,59,29,37,61,26,30,67,75,47,53,74,71,50,54,43,39,76,35,42,79,31,46,63,51,66,60,62,55,38,78,58,52,34,+70 MissingAxioms=0,3,7,8,16,24,32,40,44,48,56,64,68 TotalTime=6.5
Step=67 PrevRays= 15824 ResultRays= 16774 RayPairs=  21357450 NewAxiom=71 PrevAxioms=1,2,4,5,6,9,10,11,12,14,15,17,18,20,22,25,28,33,36,41,45,49,57,65,72,73,13,19,21,23,69,77,27,59,29,37,61,26,30,67,75,47,53,74,70,58,51,38,66,55,31,39,54,46,42,78,79,43,35,76,62,63,52,34,60,50,+71 MissingAxioms=0,3,7,8,16,24,32,40,44,48,56,64,68 TotalTime=5.9
! VaryAxiom=72 NoInitialAxiomSet
Step=67 PrevRays= 15690 ResultRays= 16774 RayPairs=  28155378 NewAxiom=73 PrevAxioms=1,2,4,5,6,9,10,11,12,14,15,17,18,20,22,25,28,33,36,41,45,49,57,65,72,74,13,19,21,23,69,27,59,29,37,61,26,30,67,47,53,75,63,50,54,43,35,39,52,46,31,60,71,79,77,76,42,51,66,55,62,38,70,78,58,34,+73 MissingAxioms=0,3,7,8,16,24,32,40,44,48,56,64,68 TotalTime=5.8
Step=67 PrevRays= 15690 ResultRays= 16774 RayPairs=  28155378 NewAxiom=74 PrevAxioms=1,2,4,5,6,9,10,11,12,14,15,17,18,20,22,25,28,33,36,41,45,49,57,65,72,73,13,19,21,23,69,77,27,59,29,37,61,26,30,67,75,47,53,63,50,76,79,71,60,43,35,42,54,62,51,46,66,39,55,31,38,78,58,70,52,34,+74 MissingAxioms=0,3,7,8,16,24,32,40,44,48,56,64,68 TotalTime=7.5
Step=67 PrevRays= 17038 ResultRays= 16774 RayPairs=  19720252 NewAxiom=75 PrevAxioms=1,2,4,5,6,9,10,11,12,14,15,17,18,20,22,25,28,33,36,41,45,49,57,65,72,73,13,19,21,23,69,77,27,59,29,37,61,26,30,67,47,53,63,76,60,50,54,39,35,79,43,71,42,62,51,66,46,74,55,31,38,78,70,58,52,34,+75 MissingAxioms=0,3,7,8,16,24,32,40,44,48,56,64,68 TotalTime=8.2
Step=67 PrevRays= 13066 ResultRays= 16774 RayPairs=   7970014 NewAxiom=76 PrevAxioms=1,2,4,5,6,9,10,11,12,14,15,17,18,20,22,25,28,33,36,41,45,49,57,65,72,73,13,19,21,23,69,77,27,59,29,37,61,26,30,67,75,47,53,74,71,50,54,43,39,46,31,42,63,35,51,58,38,79,70,55,78,52,62,34,60,66,+76 MissingAxioms=0,3,7,8,16,24,32,40,44,48,56,64,68 TotalTime=4.1
Step=67 PrevRays= 17695 ResultRays= 16774 RayPairs=  26689299 NewAxiom=77 PrevAxioms=1,2,4,5,6,9,10,11,12,14,15,17,18,20,22,25,28,33,36,41,45,49,57,65,72,73,13,19,21,23,69,27,59,29,37,75,61,26,30,67,47,53,74,71,50,54,43,35,79,34,39,76,31,46,51,58,38,55,70,78,62,52,63,66,60,42,+77 MissingAxioms=0,3,7,8,16,24,32,40,44,48,56,64,68 TotalTime=6.4
Step=67 PrevRays= 17695 ResultRays= 16774 RayPairs=  26689299 NewAxiom=78 PrevAxioms=1,2,4,5,6,9,10,11,12,14,15,17,18,20,22,25,28,33,36,41,45,49,57,65,72,73,13,19,21,23,69,77,27,59,29,37,61,26,30,67,75,47,53,74,71,50,54,43,39,76,35,42,79,31,46,63,51,66,60,62,55,38,70,58,52,34,+78 MissingAxioms=0,3,7,8,16,24,32,40,44,48,56,64,68 TotalTime=6.7
Step=67 PrevRays= 15959 ResultRays= 16774 RayPairs=  22805020 NewAxiom=79 PrevAxioms=1,2,4,5,6,9,10,11,12,14,15,17,18,20,22,25,28,33,36,41,45,49,57,65,72,73,13,19,21,23,69,77,27,59,29,37,61,26,30,67,75,47,53,74,71,50,54,43,39,76,35,42,63,46,31,60,62,51,38,55,70,78,66,58,52,34,+79 MissingAxioms=0,3,7,8,16,24,32,40,44,48,56,64,68 TotalTime=5.6

Ordered by number of ray pairs:
Step=67 ######........................ (min) Axiom76 34(2) - g1 f(2,3) + f(2,4) >= f(2) + f(2,3,4)
Step=67 ######........................ Axiom5 01(2,4) - g2 f(0,2,4) + f(1,2,4) >= f(0,1,2,3,4) + f(2,4)
Step=67 #############................. Axiom54 04(2,3) - g2 f(0,2,3) + f(2,3,4) >= f(2,3) + f(0,1,2,3,4)
Step=67 #############................. Axiom62 14(2,3) - g2 f(1,2,3) + f(2,3,4) >= f(2,3) + f(0,1,2,3,4)
Step=67 ##############................ Axiom6 01(3,4) - g2 f(0,3,4) + f(1,3,4) >= f(0,1,2,3,4) + f(3,4)
Step=67 ###############............... Axiom75 34(0,1) - g2 f(0,1,3) + f(0,1,4) >= f(0,1) + f(0,1,2,3,4)
Step=67 ###############............... Axiom51 04(1,2) - g2 f(0,1,2) + f(1,2,4) >= f(1,2) + f(0,1,2,3,4)
Step=67 ###############............... Axiom59 14(0,2) - g2 f(0,1,2) + f(0,2,4) >= f(0,2) + f(0,1,2,3,4)
Step=67 ###############............... Axiom13 02(1,4) - g2 f(0,1,4) + f(1,2,4) >= f(0,1,2,3,4) + f(1,4)
Step=67 ###############............... Axiom21 12(0,4) - g2 f(0,1,4) + f(0,2,4) >= f(0,1,2,3,4) + f(0,4)
Step=67 ################.............. Axiom71 24(0,1,3) - g3 f(0,1,2,3,4) >= f(0,1,3)
Step=67 #################............. Axiom29 03(1,4) - g2 f(0,1,4) + f(1,3,4) >= f(0,1,2,3,4) + f(1,4)
Step=67 #################............. Axiom37 13(0,4) - g2 f(0,1,4) + f(0,3,4) >= f(0,1,2,3,4) + f(0,4)
Step=67 #################............. Axiom53 04(1,3) - g2 f(0,1,3) + f(1,3,4) >= f(1,3) + f(0,1,2,3,4)
Step=67 #################............. Axiom61 14(0,3) - g2 f(0,1,3) + f(0,3,4) >= f(0,3) + f(0,1,2,3,4)
Step=67 #################............. Axiom43 23(0,1) - g2 f(0,1,2) + f(0,1,3) >= f(0,1) + f(0,1,2,3,4)
Step=67 #################............. Axiom47 23(0,1,4) - g3 f(0,1,2,3,4) >= f(0,1,4)
Step=67 #################............. Axiom67 24(0,1) - g2 f(0,1,2) + f(0,1,4) >= f(0,1) + f(0,1,2,3,4)
Step=67 #################............. Axiom79 34(0,1,2) - g3 f(0,1,2,3,4) >= f(0,1,2)
Step=67 ##################............ Axiom27 03(1,2) - g2 f(0,1,2) + f(1,2,3) >= f(1,2) + f(0,1,2,3,4)
Step=67 ##################............ Axiom35 13(0,2) - g2 f(0,1,2) + f(0,2,3) >= f(0,2) + f(0,1,2,3,4)
Step=67 ##################............ Axiom11 02(1,3) - g2 f(0,1,3) + f(1,2,3) >= f(1,3) + f(0,1,2,3,4)
Step=67 ##################............ Axiom19 12(0,3) - g2 f(0,1,3) + f(0,2,3) >= f(0,3) + f(0,1,2,3,4)
Step=67 ##################............ Axiom30 03(2,4) - g2 f(0,2,4) + f(2,3,4) >= f(0,1,2,3,4) + f(2,4)
Step=67 ##################............ Axiom38 13(2,4) - g2 f(1,2,4) + f(2,3,4) >= f(0,1,2,3,4) + f(2,4)
Step=67 ##################............ Axiom45 23(0,4) - g2 f(0,2,4) + f(0,3,4) >= f(0,1,2,3,4) + f(0,4)
Step=67 ##################............ Axiom46 23(1,4) - g2 f(1,2,4) + f(1,3,4) >= f(0,1,2,3,4) + f(1,4)
Step=67 ##################............ Axiom69 24(0,3) - g2 f(0,2,3) + f(0,3,4) >= f(0,3) + f(0,1,2,3,4)
Step=67 ##################............ Axiom70 24(1,3) - g2 f(1,2,3) + f(1,3,4) >= f(1,3) + f(0,1,2,3,4)
Step=67 ##################............ Axiom55 04(1,2,3) - g3 f(0,1,2,3,4) >= f(1,2,3)
Step=67 ##################............ Axiom63 14(0,2,3) - g3 f(0,1,2,3,4) >= f(0,2,3)
Step=67 ###################........... Axiom14 02(3,4) - g2 f(0,3,4) + f(2,3,4) >= f(0,1,2,3,4) + f(3,4)
Step=67 ###################........... Axiom22 12(3,4) - g2 f(1,3,4) + f(2,3,4) >= f(0,1,2,3,4) + f(3,4)
Step=67 ###################........... Axiom31 03(1,2,4) - g3 f(0,1,2,3,4) >= f(1,2,4)
Step=67 ###################........... Axiom39 13(0,2,4) - g3 f(0,1,2,3,4) >= f(0,2,4)
Step=67 ####################.......... Axiom77 34(0,2) - g2 f(0,2,3) + f(0,2,4) >= f(0,2) + f(0,1,2,3,4)
Step=67 ####################.......... Axiom78 34(1,2) - g2 f(1,2,3) + f(1,2,4) >= f(1,2) + f(0,1,2,3,4)
Step=67 ####################.......... Axiom15 02(1,3,4) - g3 f(0,1,2,3,4) >= f(1,3,4)
Step=67 ####################.......... Axiom23 12(0,3,4) - g3 f(0,1,2,3,4) >= f(0,3,4)
Step=67 #####################......... Axiom73 34(0) - g1 f(0,3) + f(0,4) >= f(0) + f(0,3,4)
Step=67 #####################......... Axiom74 34(1) - g1 f(1,3) + f(1,4) >= f(1) + f(1,3,4)
Step=67 #######################....... Axiom28 03(4) - g1 f(0,4) + f(3,4) >= f(4) + f(0,3,4)
Step=67 #######################....... Axiom36 13(4) - g1 f(1,4) + f(3,4) >= f(4) + f(1,3,4)
Step=67 #######################....... Axiom10 02(3) - g1 f(0,3) + f(2,3) >= f(3) + f(0,2,3)
Step=67 #######################....... Axiom18 12(3) - g1 f(1,3) + f(2,3) >= f(3) + f(1,2,3)
Step=67 #######################....... Axiom1 01(2) - g1 f(0,2) + f(1,2) >= f(2) + f(0,1,2)
Step=67 #######################....... Axiom2 01(3) - g1 f(0,3) + f(1,3) >= f(3) + f(0,1,3)
Step=67 ########################...... Axiom65 24(0) - g1 f(0,2) + f(0,4) >= f(0) + f(0,2,4)
Step=67 ########################...... Axiom66 24(1) - g1 f(1,2) + f(1,4) >= f(1) + f(1,2,4)
Step=67 ########################...... Axiom52 04(3) - g1 f(0,3) + f(3,4) >= f(3) + f(0,3,4)
Step=67 ########################...... Axiom60 14(3) - g1 f(1,3) + f(3,4) >= f(3) + f(1,3,4)
Step=67 #########################..... Axiom12 02(4) - g1 f(0,4) + f(2,4) >= f(4) + f(0,2,4)
Step=67 #########################..... Axiom20 12(4) - g1 f(1,4) + f(2,4) >= f(4) + f(1,2,4)
Step=67 ##########################.... Axiom41 23(0) - g1 f(0,2) + f(0,3) >= f(0) + f(0,2,3)
Step=67 ##########################.... Axiom42 23(1) - g1 f(1,2) + f(1,3) >= f(1) + f(1,2,3)
Step=67 ###########################... Axiom26 03(2) - g1 f(0,2) + f(2,3) >= f(2) + f(0,2,3)
Step=67 ###########################... Axiom34 13(2) - g1 f(1,2) + f(2,3) >= f(2) + f(1,2,3)
Step=67 ############################.. Axiom49 04(1) - g1 f(0,1) + f(1,4) >= f(1) + f(0,1,4)
Step=67 ############################.. Axiom57 14(0) - g1 f(0,1) + f(0,4) >= f(0) + f(0,1,4)
Step=67 ############################.. Axiom4 01(4) - g1 f(0,4) + f(1,4) >= f(4) + f(0,1,4)
Step=67 ############################.. Axiom9 02(1) - g1 f(0,1) + f(1,2) >= f(1) + f(0,1,2)
Step=67 ############################.. Axiom17 12(0) - g1 f(0,1) + f(0,2) >= f(0) + f(0,1,2)
Step=67 #############################. Axiom25 03(1) - g1 f(0,1) + f(1,3) >= f(1) + f(0,1,3)
Step=67 #############################. Axiom33 13(0) - g1 f(0,1) + f(0,3) >= f(0) + f(0,1,3)
Step=67 ############################## Axiom50 04(2) - g1 f(0,2) + f(2,4) >= f(2) + f(0,2,4)
Step=67 ############################## Axiom58 14(2) - g1 f(1,2) + f(2,4) >= f(2) + f(1,2,4)

Ordered by number of previous rays:
Step=67 $$$$$$$$$$$$$$$$$$$$$$........ (min) Axiom76 34(2) - g1 f(2,3) + f(2,4) >= f(2) + f(2,3,4)
Step=67 $$$$$$$$$$$$$$$$$$$$$$$$$..... Axiom5 01(2,4) - g2 f(0,2,4) + f(1,2,4) >= f(0,1,2,3,4) + f(2,4)
Step=67 $$$$$$$$$$$$$$$$$$$$$$$$$$$... Axiom73 34(0) - g1 f(0,3) + f(0,4) >= f(0) + f(0,3,4)
Step=67 $$$$$$$$$$$$$$$$$$$$$$$$$$$... Axiom74 34(1) - g1 f(1,3) + f(1,4) >= f(1) + f(1,3,4)
Step=67 $$$$$$$$$$$$$$$$$$$$$$$$$$$... Axiom55 04(1,2,3) - g3 f(0,1,2,3,4) >= f(1,2,3)
Step=67 $$$$$$$$$$$$$$$$$$$$$$$$$$$... Axiom63 14(0,2,3) - g3 f(0,1,2,3,4) >= f(0,2,3)
Step=67 $$$$$$$$$$$$$$$$$$$$$$$$$$$... Axiom10 02(3) - g1 f(0,3) + f(2,3) >= f(3) + f(0,2,3)
Step=67 $$$$$$$$$$$$$$$$$$$$$$$$$$$... Axiom18 12(3) - g1 f(1,3) + f(2,3) >= f(3) + f(1,2,3)
Step=67 $$$$$$$$$$$$$$$$$$$$$$$$$$$... Axiom71 24(0,1,3) - g3 f(0,1,2,3,4) >= f(0,1,3)
Step=67 $$$$$$$$$$$$$$$$$$$$$$$$$$$... Axiom47 23(0,1,4) - g3 f(0,1,2,3,4) >= f(0,1,4)
Step=67 $$$$$$$$$$$$$$$$$$$$$$$$$$$... Axiom1 01(2) - g1 f(0,2) + f(1,2) >= f(2) + f(0,1,2)
Step=67 $$$$$$$$$$$$$$$$$$$$$$$$$$$... Axiom79 34(0,1,2) - g3 f(0,1,2,3,4) >= f(0,1,2)
Step=67 $$$$$$$$$$$$$$$$$$$$$$$$$$$... Axiom2 01(3) - g1 f(0,3) + f(1,3) >= f(3) + f(0,1,3)
Step=67 $$$$$$$$$$$$$$$$$$$$$$$$$$$... Axiom31 03(1,2,4) - g3 f(0,1,2,3,4) >= f(1,2,4)
Step=67 $$$$$$$$$$$$$$$$$$$$$$$$$$$... Axiom39 13(0,2,4) - g3 f(0,1,2,3,4) >= f(0,2,4)
Step=67 $$$$$$$$$$$$$$$$$$$$$$$$$$$... Axiom6 01(3,4) - g2 f(0,3,4) + f(1,3,4) >= f(0,1,2,3,4) + f(3,4)
Step=67 $$$$$$$$$$$$$$$$$$$$$$$$$$$... Axiom65 24(0) - g1 f(0,2) + f(0,4) >= f(0) + f(0,2,4)
Step=67 $$$$$$$$$$$$$$$$$$$$$$$$$$$... Axiom66 24(1) - g1 f(1,2) + f(1,4) >= f(1) + f(1,2,4)
Step=67 $$$$$$$$$$$$$$$$$$$$$$$$$$$... Axiom28 03(4) - g1 f(0,4) + f(3,4) >= f(4) + f(0,3,4)
Step=67 $$$$$$$$$$$$$$$$$$$$$$$$$$$... Axiom36 13(4) - g1 f(1,4) + f(3,4) >= f(4) + f(1,3,4)
Step=67 $$$$$$$$$$$$$$$$$$$$$$$$$$$$.. Axiom14 02(3,4) - g2 f(0,3,4) + f(2,3,4) >= f(0,1,2,3,4) + f(3,4)
Step=67 $$$$$$$$$$$$$$$$$$$$$$$$$$$$.. Axiom22 12(3,4) - g2 f(1,3,4) + f(2,3,4) >= f(0,1,2,3,4) + f(3,4)
Step=67 $$$$$$$$$$$$$$$$$$$$$$$$$$$$.. Axiom54 04(2,3) - g2 f(0,2,3) + f(2,3,4) >= f(2,3) + f(0,1,2,3,4)
Step=67 $$$$$$$$$$$$$$$$$$$$$$$$$$$$.. Axiom62 14(2,3) - g2 f(1,2,3) + f(2,3,4) >= f(2,3) + f(0,1,2,3,4)
Step=67 $$$$$$$$$$$$$$$$$$$$$$$$$$$$.. Axiom15 02(1,3,4) - g3 f(0,1,2,3,4) >= f(1,3,4)
Step=67 $$$$$$$$$$$$$$$$$$$$$$$$$$$$.. Axiom23 12(0,3,4) - g3 f(0,1,2,3,4) >= f(0,3,4)
Step=67 $$$$$$$$$$$$$$$$$$$$$$$$$$$$.. Axiom52 04(3) - g1 f(0,3) + f(3,4) >= f(3) + f(0,3,4)
Step=67 $$$$$$$$$$$$$$$$$$$$$$$$$$$$.. Axiom60 14(3) - g1 f(1,3) + f(3,4) >= f(3) + f(1,3,4)
Step=67 $$$$$$$$$$$$$$$$$$$$$$$$$$$$.. Axiom12 02(4) - g1 f(0,4) + f(2,4) >= f(4) + f(0,2,4)
Step=67 $$$$$$$$$$$$$$$$$$$$$$$$$$$$.. Axiom20 12(4) - g1 f(1,4) + f(2,4) >= f(4) + f(1,2,4)
Step=67 $$$$$$$$$$$$$$$$$$$$$$$$$$$$.. Axiom41 23(0) - g1 f(0,2) + f(0,3) >= f(0) + f(0,2,3)
Step=67 $$$$$$$$$$$$$$$$$$$$$$$$$$$$.. Axiom42 23(1) - g1 f(1,2) + f(1,3) >= f(1) + f(1,2,3)
Step=67 $$$$$$$$$$$$$$$$$$$$$$$$$$$$.. Axiom30 03(2,4) - g2 f(0,2,4) + f(2,3,4) >= f(0,1,2,3,4) + f(2,4)
Step=67 $$$$$$$$$$$$$$$$$$$$$$$$$$$$.. Axiom38 13(2,4) - g2 f(1,2,4) + f(2,3,4) >= f(0,1,2,3,4) + f(2,4)
Step=67 $$$$$$$$$$$$$$$$$$$$$$$$$$$$$. Axiom45 23(0,4) - g2 f(0,2,4) + f(0,3,4) >= f(0,1,2,3,4) + f(0,4)
Step=67 $$$$$$$$$$$$$$$$$$$$$$$$$$$$$. Axiom46 23(1,4) - g2 f(1,2,4) + f(1,3,4) >= f(0,1,2,3,4) + f(1,4)
Step=67 $$$$$$$$$$$$$$$$$$$$$$$$$$$$$. Axiom26 03(2) - g1 f(0,2) + f(2,3) >= f(2) + f(0,2,3)
Step=67 $$$$$$$$$$$$$$$$$$$$$$$$$$$$$. Axiom34 13(2) - g1 f(1,2) + f(2,3) >= f(2) + f(1,2,3)
Step=67 $$$$$$$$$$$$$$$$$$$$$$$$$$$$$. Axiom49 04(1) - g1 f(0,1) + f(1,4) >= f(1) + f(0,1,4)
Step=67 $$$$$$$$$$$$$$$$$$$$$$$$$$$$$. Axiom57 14(0) - g1 f(0,1) + f(0,4) >= f(0) + f(0,1,4)
Step=67 $$$$$$$$$$$$$$$$$$$$$$$$$$$$$. Axiom69 24(0,3) - g2 f(0,2,3) + f(0,3,4) >= f(0,3) + f(0,1,2,3,4)
Step=67 $$$$$$$$$$$$$$$$$$$$$$$$$$$$$. Axiom70 24(1,3) - g2 f(1,2,3) + f(1,3,4) >= f(1,3) + f(0,1,2,3,4)
Step=67 $$$$$$$$$$$$$$$$$$$$$$$$$$$$$. Axiom51 04(1,2) - g2 f(0,1,2) + f(1,2,4) >= f(1,2) + f(0,1,2,3,4)
Step=67 $$$$$$$$$$$$$$$$$$$$$$$$$$$$$. Axiom59 14(0,2) - g2 f(0,1,2) + f(0,2,4) >= f(0,2) + f(0,1,2,3,4)
Step=67 $$$$$$$$$$$$$$$$$$$$$$$$$$$$$. Axiom75 34(0,1) - g2 f(0,1,3) + f(0,1,4) >= f(0,1) + f(0,1,2,3,4)
Step=67 $$$$$$$$$$$$$$$$$$$$$$$$$$$$$. Axiom13 02(1,4) - g2 f(0,1,4) + f(1,2,4) >= f(0,1,2,3,4) + f(1,4)
Step=67 $$$$$$$$$$$$$$$$$$$$$$$$$$$$$. Axiom21 12(0,4) - g2 f(0,1,4) + f(0,2,4) >= f(0,1,2,3,4) + f(0,4)
Step=67 $$$$$$$$$$$$$$$$$$$$$$$$$$$$$. Axiom29 03(1,4) - g2 f(0,1,4) + f(1,3,4) >= f(0,1,2,3,4) + f(1,4)
Step=67 $$$$$$$$$$$$$$$$$$$$$$$$$$$$$. Axiom37 13(0,4) - g2 f(0,1,4) + f(0,3,4) >= f(0,1,2,3,4) + f(0,4)
Step=67 $$$$$$$$$$$$$$$$$$$$$$$$$$$$$. Axiom27 03(1,2) - g2 f(0,1,2) + f(1,2,3) >= f(1,2) + f(0,1,2,3,4)
Step=67 $$$$$$$$$$$$$$$$$$$$$$$$$$$$$. Axiom35 13(0,2) - g2 f(0,1,2) + f(0,2,3) >= f(0,2) + f(0,1,2,3,4)
Step=67 $$$$$$$$$$$$$$$$$$$$$$$$$$$$$. Axiom4 01(4) - g1 f(0,4) + f(1,4) >= f(4) + f(0,1,4)
Step=67 $$$$$$$$$$$$$$$$$$$$$$$$$$$$$. Axiom53 04(1,3) - g2 f(0,1,3) + f(1,3,4) >= f(1,3) + f(0,1,2,3,4)
Step=67 $$$$$$$$$$$$$$$$$$$$$$$$$$$$$. Axiom61 14(0,3) - g2 f(0,1,3) + f(0,3,4) >= f(0,3) + f(0,1,2,3,4)
Step=67 $$$$$$$$$$$$$$$$$$$$$$$$$$$$$. Axiom9 02(1) - g1 f(0,1) + f(1,2) >= f(1) + f(0,1,2)
Step=67 $$$$$$$$$$$$$$$$$$$$$$$$$$$$$. Axiom17 12(0) - g1 f(0,1) + f(0,2) >= f(0) + f(0,1,2)
Step=67 $$$$$$$$$$$$$$$$$$$$$$$$$$$$$. Axiom11 02(1,3) - g2 f(0,1,3) + f(1,2,3) >= f(1,3) + f(0,1,2,3,4)
Step=67 $$$$$$$$$$$$$$$$$$$$$$$$$$$$$. Axiom19 12(0,3) - g2 f(0,1,3) + f(0,2,3) >= f(0,3) + f(0,1,2,3,4)
Step=67 $$$$$$$$$$$$$$$$$$$$$$$$$$$$$. Axiom25 03(1) - g1 f(0,1) + f(1,3) >= f(1) + f(0,1,3)
Step=67 $$$$$$$$$$$$$$$$$$$$$$$$$$$$$. Axiom33 13(0) - g1 f(0,1) + f(0,3) >= f(0) + f(0,1,3)
Step=67 $$$$$$$$$$$$$$$$$$$$$$$$$$$$$. Axiom67 24(0,1) - g2 f(0,1,2) + f(0,1,4) >= f(0,1) + f(0,1,2,3,4)
Step=67 $$$$$$$$$$$$$$$$$$$$$$$$$$$$$. Axiom43 23(0,1) - g2 f(0,1,2) + f(0,1,3) >= f(0,1) + f(0,1,2,3,4)
Step=67 $$$$$$$$$$$$$$$$$$$$$$$$$$$$$$ Axiom50 04(2) - g1 f(0,2) + f(2,4) >= f(2) + f(0,2,4)
Step=67 $$$$$$$$$$$$$$$$$$$$$$$$$$$$$$ Axiom58 14(2) - g1 f(1,2) + f(2,4) >= f(2) + f(1,2,4)
Step=67 $$$$$$$$$$$$$$$$$$$$$$$$$$$$$$ Axiom77 34(0,2) - g2 f(0,2,3) + f(0,2,4) >= f(0,2) + f(0,1,2,3,4)
Step=67 $$$$$$$$$$$$$$$$$$$$$$$$$$$$$$ Axiom78 34(1,2) - g2 f(1,2,3) + f(1,2,4) >= f(1,2) + f(0,1,2,3,4)
