! VaryAxiom=6 NoInitialAxiomSet
Step=37 PrevRays=    39 ResultRays=    39 RayPairs=         3 NewAxiom=9 PrevAxioms=6,13,17,18,19,20,21,22,25,27,29,33,34,36,37,43,49,51,54,57,58,63,66,72,73,78,35,38,53,62,59,67,60,61,75,74,+9 MissingAxioms=0,1,2,3,4,5,7,8,10,11,12,14,15,16,23,24,26,28,30,31,32,39,40,41,42,44,45,46,47,48,50,52,55,56,64,65,68,69,70,71,76,77,79
Step=37 PrevRays=    39 ResultRays=    39 RayPairs=         4 NewAxiom=13 PrevAxioms=6,9,17,18,19,20,21,22,25,27,29,33,34,36,37,43,49,51,54,57,58,63,66,72,73,78,35,38,53,62,59,67,60,61,75,74,+13 MissingAxioms=0,1,2,3,4,5,7,8,10,11,12,14,15,16,23,24,26,28,30,31,32,39,40,41,42,44,45,46,47,48,50,52,55,56,64,65,68,69,70,71,76,77,79
Step=37 PrevRays=    39 ResultRays=    39 RayPairs=         5 NewAxiom=17 PrevAxioms=6,9,13,18,19,20,21,22,25,27,29,33,34,35,36,37,43,49,54,57,58,63,66,72,73,78,38,51,61,67,75,53,62,74,59,60,+17 MissingAxioms=0,1,2,3,4,5,7,8,10,11,12,14,15,16,23,24,26,28,30,31,32,39,40,41,42,44,45,46,47,48,50,52,55,56,64,65,68,69,70,71,76,77,79
Step=37 PrevRays=    38 ResultRays=    39 RayPairs=         6 NewAxiom=18 PrevAxioms=6,9,13,17,19,20,21,22,25,27,29,33,34,36,37,43,49,54,57,58,60,63,66,72,73,78,35,38,51,67,53,62,59,61,75,74,+18 MissingAxioms=0,1,2,3,4,5,7,8,10,11,12,14,15,16,23,24,26,28,30,31,32,39,40,41,42,44,45,46,47,48,50,52,55,56,64,65,68,69,70,71,76,77,79
Step=37 PrevRays=    37 ResultRays=    39 RayPairs=         6 NewAxiom=19 PrevAxioms=6,9,13,17,18,20,21,22,25,27,29,33,34,35,36,37,43,49,54,57,58,63,66,72,73,78,38,51,59,67,75,53,61,62,74,60,+19 MissingAxioms=0,1,2,3,4,5,7,8,10,11,12,14,15,16,23,24,26,28,30,31,32,39,40,41,42,44,45,46,47,48,50,52,55,56,64,65,68,69,70,71,76,77,79
Step=37 PrevRays=    38 ResultRays=    39 RayPairs=         6 NewAxiom=20 PrevAxioms=6,9,13,17,18,19,21,22,25,27,29,33,34,36,37,38,43,49,54,57,58,63,66,72,73,78,35,51,62,67,53,60,59,61,75,74,+20 MissingAxioms=0,1,2,3,4,5,7,8,10,11,12,14,15,16,23,24,26,28,30,31,32,39,40,41,42,44,45,46,47,48,50,52,55,56,64,65,68,69,70,71,76,77,79
Step=37 PrevRays=    37 ResultRays=    39 RayPairs=         6 NewAxiom=21 PrevAxioms=6,9,13,17,18,19,20,22,25,27,29,33,34,36,37,43,49,54,57,58,59,63,66,72,73,78,35,38,51,67,53,62,61,75,74,60,+21 MissingAxioms=0,1,2,3,4,5,7,8,10,11,12,14,15,16,23,24,26,28,30,31,32,39,40,41,42,44,45,46,47,48,50,52,55,56,64,65,68,69,70,71,76,77,79
Step=37 PrevRays=    39 ResultRays=    39 RayPairs=         4 NewAxiom=22 PrevAxioms=6,9,13,17,18,19,20,21,25,27,29,33,34,36,37,38,43,49,54,57,58,63,66,72,73,78,35,51,62,67,53,59,60,61,75,74,+22 MissingAxioms=0,1,2,3,4,5,7,8,10,11,12,14,15,16,23,24,26,28,30,31,32,39,40,41,42,44,45,46,47,48,50,52,55,56,64,65,68,69,70,71,76,77,79
Step=37 PrevRays=    39 ResultRays=    39 RayPairs=         6 NewAxiom=25 PrevAxioms=6,9,13,17,18,19,20,21,22,27,29,33,34,36,37,43,49,53,54,57,58,63,66,72,73,78,35,38,51,67,62,59,60,61,75,74,+25 MissingAxioms=0,1,2,3,4,5,7,8,10,11,12,14,15,16,23,24,26,28,30,31,32,39,40,41,42,44,45,46,47,48,50,52,55,56,64,65,68,69,70,71,76,77,79
! VaryAxiom=27 NoInitialAxiomSet
Step=37 PrevRays=    39 ResultRays=    39 RayPairs=         6 NewAxiom=29 PrevAxioms=6,9,13,17,18,19,20,21,22,25,27,33,34,36,37,43,49,53,54,57,58,63,66,72,73,78,35,38,51,67,62,59,60,61,75,74,+29 MissingAxioms=0,1,2,3,4,5,7,8,10,11,12,14,15,16,23,24,26,28,30,31,32,39,40,41,42,44,45,46,47,48,50,52,55,56,64,65,68,69,70,71,76,77,79
Step=37 PrevRays=    41 ResultRays=    39 RayPairs=        10 NewAxiom=33 PrevAxioms=6,9,13,17,18,19,20,21,22,25,27,29,34,35,36,37,43,49,54,57,58,63,66,72,73,78,38,51,59,67,53,62,60,61,75,74,+33 MissingAxioms=0,1,2,3,4,5,7,8,10,11,12,14,15,16,23,24,26,28,30,31,32,39,40,41,42,44,45,46,47,48,50,52,55,56,64,65,68,69,70,71,76,77,79
Step=37 PrevRays=    38 ResultRays=    39 RayPairs=         6 NewAxiom=34 PrevAxioms=6,9,13,17,18,19,20,21,22,25,27,29,33,36,37,43,49,54,57,58,60,63,66,72,73,78,35,38,51,67,53,62,59,61,75,74,+34 MissingAxioms=0,1,2,3,4,5,7,8,10,11,12,14,15,16,23,24,26,28,30,31,32,39,40,41,42,44,45,46,47,48,50,52,55,56,64,65,68,69,70,71,76,77,79
Step=37 PrevRays=    37 ResultRays=    39 RayPairs=         6 NewAxiom=35 PrevAxioms=6,9,13,17,18,19,20,21,22,25,27,29,33,34,36,37,43,49,54,57,58,63,66,72,73,78,38,51,59,67,75,53,61,62,74,60,+35 MissingAxioms=0,1,2,3,4,5,7,8,10,11,12,14,15,16,23,24,26,28,30,31,32,39,40,41,42,44,45,46,47,48,50,52,55,56,64,65,68,69,70,71,76,77,79
Step=37 PrevRays=    38 ResultRays=    39 RayPairs=         6 NewAxiom=36 PrevAxioms=6,9,13,17,18,19,20,21,22,25,27,29,33,34,37,38,43,49,54,57,58,63,66,72,73,78,35,51,62,67,53,60,59,61,75,74,+36 MissingAxioms=0,1,2,3,4,5,7,8,10,11,12,14,15,16,23,24,26,28,30,31,32,39,40,41,42,44,45,46,47,48,50,52,55,56,64,65,68,69,70,71,76,77,79
Step=37 PrevRays=    40 ResultRays=    39 RayPairs=        10 NewAxiom=37 PrevAxioms=6,9,13,17,18,19,20,21,22,25,27,29,33,34,36,43,49,54,57,58,61,63,66,72,73,78,35,38,51,67,75,53,62,74,59,60,+37 MissingAxioms=0,1,2,3,4,5,7,8,10,11,12,14,15,16,23,24,26,28,30,31,32,39,40,41,42,44,45,46,47,48,50,52,55,56,64,65,68,69,70,71,76,77,79
Step=37 PrevRays=    39 ResultRays=    39 RayPairs=         4 NewAxiom=38 PrevAxioms=6,9,13,17,18,19,20,21,22,25,27,29,33,34,36,37,43,49,54,57,58,63,66,72,73,78,35,51,67,53,59,60,61,75,74,62,+38 MissingAxioms=0,1,2,3,4,5,7,8,10,11,12,14,15,16,23,24,26,28,30,31,32,39,40,41,42,44,45,46,47,48,50,52,55,56,64,65,68,69,70,71,76,77,79
! VaryAxiom=43 NoInitialAxiomSet
Step=37 PrevRays=    41 ResultRays=    39 RayPairs=         8 NewAxiom=49 PrevAxioms=6,9,13,17,18,19,20,21,22,25,27,29,33,34,36,37,43,51,54,57,58,63,66,72,73,78,35,38,67,62,59,53,60,61,75,74,+49 MissingAxioms=0,1,2,3,4,5,7,8,10,11,12,14,15,16,23,24,26,28,30,31,32,39,40,41,42,44,45,46,47,48,50,52,55,56,64,65,68,69,70,71,76,77,79
Step=37 PrevRays=    38 ResultRays=    39 RayPairs=         3 NewAxiom=51 PrevAxioms=6,9,13,17,18,19,20,21,22,25,27,29,33,34,36,37,43,49,54,57,58,63,66,72,73,78,35,38,53,67,62,59,60,61,75,74,+51 MissingAxioms=0,1,2,3,4,5,7,8,10,11,12,14,15,16,23,24,26,28,30,31,32,39,40,41,42,44,45,46,47,48,50,52,55,56,64,65,68,69,70,71,76,77,79
Step=37 PrevRays=    38 ResultRays=    39 RayPairs=         4 NewAxiom=53 PrevAxioms=6,9,13,17,18,19,20,21,22,25,27,29,33,34,36,37,43,49,54,57,58,63,66,72,73,78,35,38,51,67,62,59,60,61,75,74,+53 MissingAxioms=0,1,2,3,4,5,7,8,10,11,12,14,15,16,23,24,26,28,30,31,32,39,40,41,42,44,45,46,47,48,50,52,55,56,64,65,68,69,70,71,76,77,79
! VaryAxiom=54 NoInitialAxiomSet
Step=37 PrevRays=    41 ResultRays=    39 RayPairs=        10 NewAxiom=57 PrevAxioms=6,9,13,17,18,19,20,21,22,25,27,29,33,34,36,37,43,49,54,58,59,63,66,72,73,78,35,38,51,67,53,62,75,74,60,61,+57 MissingAxioms=0,1,2,3,4,5,7,8,10,11,12,14,15,16,23,24,26,28,30,31,32,39,40,41,42,44,45,46,47,48,50,52,55,56,64,65,68,69,70,71,76,77,79
Step=37 PrevRays=    38 ResultRays=    39 RayPairs=         6 NewAxiom=58 PrevAxioms=6,9,13,17,18,19,20,21,22,25,27,29,33,34,36,37,43,49,54,57,60,63,66,72,73,78,35,38,51,67,53,62,59,61,75,74,+58 MissingAxioms=0,1,2,3,4,5,7,8,10,11,12,14,15,16,23,24,26,28,30,31,32,39,40,41,42,44,45,46,47,48,50,52,55,56,64,65,68,69,70,71,76,77,79
Step=37 PrevRays=    37 ResultRays=    39 RayPairs=         6 NewAxiom=59 PrevAxioms=6,9,13,17,18,19,20,21,22,25,27,29,33,34,36,37,43,49,54,57,58,63,66,72,73,78,35,38,51,67,53,62,61,75,74,60,+59 MissingAxioms=0,1,2,3,4,5,7,8,10,11,12,14,15,16,23,24,26,28,30,31,32,39,40,41,42,44,45,46,47,48,50,52,55,56,64,65,68,69,70,71,76,77,79
Step=37 PrevRays=    38 ResultRays=    39 RayPairs=         6 NewAxiom=60 PrevAxioms=6,9,13,17,18,19,20,21,22,25,27,29,33,34,36,37,43,49,54,57,58,63,66,72,73,78,35,38,51,67,53,62,59,61,75,74,+60 MissingAxioms=0,1,2,3,4,5,7,8,10,11,12,14,15,16,23,24,26,28,30,31,32,39,40,41,42,44,45,46,47,48,50,52,55,56,64,65,68,69,70,71,76,77,79
Step=37 PrevRays=    40 ResultRays=    39 RayPairs=        10 NewAxiom=61 PrevAxioms=6,9,13,17,18,19,20,21,22,25,27,29,33,34,36,37,43,49,54,57,58,63,66,72,73,78,35,38,51,67,53,62,59,60,75,74,+61 MissingAxioms=0,1,2,3,4,5,7,8,10,11,12,14,15,16,23,24,26,28,30,31,32,39,40,41,42,44,45,46,47,48,50,52,55,56,64,65,68,69,70,71,76,77,79
Step=37 PrevRays=    39 ResultRays=    39 RayPairs=         4 NewAxiom=62 PrevAxioms=6,9,13,17,18,19,20,21,22,25,27,29,33,34,36,37,43,49,54,57,58,63,66,72,73,78,35,38,51,67,53,59,60,61,75,74,+62 MissingAxioms=0,1,2,3,4,5,7,8,10,11,12,14,15,16,23,24,26,28,30,31,32,39,40,41,42,44,45,46,47,48,50,52,55,56,64,65,68,69,70,71,76,77,79
! VaryAxiom=63 NoInitialAxiomSet
Step=37 PrevRays=    39 ResultRays=    39 RayPairs=         3 NewAxiom=66 PrevAxioms=6,9,13,17,18,19,20,21,22,25,27,29,33,34,36,37,43,49,54,57,58,63,67,72,73,78,35,38,51,53,62,59,60,61,75,74,+66 MissingAxioms=0,1,2,3,4,5,7,8,10,11,12,14,15,16,23,24,26,28,30,31,32,39,40,41,42,44,45,46,47,48,50,52,55,56,64,65,68,69,70,71,76,77,79
Step=37 PrevRays=    39 ResultRays=    39 RayPairs=         4 NewAxiom=67 PrevAxioms=6,9,13,17,18,19,20,21,22,25,27,29,33,34,36,37,43,49,54,57,58,63,66,72,73,78,35,38,51,53,62,59,60,61,75,74,+67 MissingAxioms=0,1,2,3,4,5,7,8,10,11,12,14,15,16,23,24,26,28,30,31,32,39,40,41,42,44,45,46,47,48,50,52,55,56,64,65,68,69,70,71,76,77,79
! VaryAxiom=72 NoInitialAxiomSet
Step=37 PrevRays=    37 ResultRays=    39 RayPairs=         4 NewAxiom=73 PrevAxioms=6,9,13,17,18,19,20,21,22,25,27,29,33,34,36,37,43,49,54,57,58,63,66,72,74,78,35,38,51,67,75,53,62,59,60,61,+73 MissingAxioms=0,1,2,3,4,5,7,8,10,11,12,14,15,16,23,24,26,28,30,31,32,39,40,41,42,44,45,46,47,48,50,52,55,56,64,65,68,69,70,71,76,77,79
Step=37 PrevRays=    38 ResultRays=    39 RayPairs=         4 NewAxiom=74 PrevAxioms=6,9,13,17,18,19,20,21,22,25,27,29,33,34,36,37,43,49,54,57,58,63,66,72,73,78,35,38,51,67,53,62,59,60,61,75,+74 MissingAxioms=0,1,2,3,4,5,7,8,10,11,12,14,15,16,23,24,26,28,30,31,32,39,40,41,42,44,45,46,47,48,50,52,55,56,64,65,68,69,70,71,76,77,79
Step=37 PrevRays=    43 ResultRays=    39 RayPairs=        16 NewAxiom=75 PrevAxioms=6,9,13,17,18,19,20,21,22,25,27,29,33,34,36,37,43,49,54,57,58,63,66,72,73,78,35,38,51,67,53,62,59,60,61,74,+75 MissingAxioms=0,1,2,3,4,5,7,8,10,11,12,14,15,16,23,24,26,28,30,31,32,39,40,41,42,44,45,46,47,48,50,52,55,56,64,65,68,69,70,71,76,77,79
! VaryAxiom=78 NoInitialAxiomSet

Ordered by number of ray pairs:
Step=37 ######........................ (min) Axiom9 02(1) - g1 f(0,1) + f(1,2) >= f(1) + f(0,1,2)
Step=37 ######........................ (min) Axiom51 04(1,2) - g2 f(0,1,2) + f(1,2,4) >= f(1,2) + f(0,1,2,3,4)
Step=37 ######........................ (min) Axiom66 24(1) - g1 f(1,2) + f(1,4) >= f(1) + f(1,2,4)
Step=37 ########...................... Axiom13 02(1,4) - g2 f(0,1,4) + f(1,2,4) >= f(0,1,2,3,4) + f(1,4)
Step=37 ########...................... Axiom22 12(3,4) - g2 f(1,3,4) + f(2,3,4) >= f(0,1,2,3,4) + f(3,4)
Step=37 ########...................... Axiom38 13(2,4) - g2 f(1,2,4) + f(2,3,4) >= f(0,1,2,3,4) + f(2,4)
Step=37 ########...................... Axiom53 04(1,3) - g2 f(0,1,3) + f(1,3,4) >= f(1,3) + f(0,1,2,3,4)
Step=37 ########...................... Axiom62 14(2,3) - g2 f(1,2,3) + f(2,3,4) >= f(2,3) + f(0,1,2,3,4)
Step=37 ########...................... Axiom67 24(0,1) - g2 f(0,1,2) + f(0,1,4) >= f(0,1) + f(0,1,2,3,4)
Step=37 ########...................... Axiom73 34(0) - g1 f(0,3) + f(0,4) >= f(0) + f(0,3,4)
Step=37 ########...................... Axiom74 34(1) - g1 f(1,3) + f(1,4) >= f(1) + f(1,3,4)
Step=37 #########..................... Axiom17 12(0) - g1 f(0,1) + f(0,2) >= f(0) + f(0,1,2)
Step=37 ###########................... Axiom18 12(3) - g1 f(1,3) + f(2,3) >= f(3) + f(1,2,3)
Step=37 ###########................... Axiom19 12(0,3) - g2 f(0,1,3) + f(0,2,3) >= f(0,3) + f(0,1,2,3,4)
Step=37 ###########................... Axiom20 12(4) - g1 f(1,4) + f(2,4) >= f(4) + f(1,2,4)
Step=37 ###########................... Axiom21 12(0,4) - g2 f(0,1,4) + f(0,2,4) >= f(0,1,2,3,4) + f(0,4)
Step=37 ###########................... Axiom25 03(1) - g1 f(0,1) + f(1,3) >= f(1) + f(0,1,3)
Step=37 ###########................... Axiom29 03(1,4) - g2 f(0,1,4) + f(1,3,4) >= f(0,1,2,3,4) + f(1,4)
Step=37 ###########................... Axiom34 13(2) - g1 f(1,2) + f(2,3) >= f(2) + f(1,2,3)
Step=37 ###########................... Axiom35 13(0,2) - g2 f(0,1,2) + f(0,2,3) >= f(0,2) + f(0,1,2,3,4)
Step=37 ###########................... Axiom36 13(4) - g1 f(1,4) + f(3,4) >= f(4) + f(1,3,4)
Step=37 ###########................... Axiom58 14(2) - g1 f(1,2) + f(2,4) >= f(2) + f(1,2,4)
Step=37 ###########................... Axiom59 14(0,2) - g2 f(0,1,2) + f(0,2,4) >= f(0,2) + f(0,1,2,3,4)
Step=37 ###########................... Axiom60 14(3) - g1 f(1,3) + f(3,4) >= f(3) + f(1,3,4)
Step=37 ###############............... Axiom49 04(1) - g1 f(0,1) + f(1,4) >= f(1) + f(0,1,4)
Step=37 ###################........... Axiom33 13(0) - g1 f(0,1) + f(0,3) >= f(0) + f(0,1,3)
Step=37 ###################........... Axiom37 13(0,4) - g2 f(0,1,4) + f(0,3,4) >= f(0,1,2,3,4) + f(0,4)
Step=37 ###################........... Axiom57 14(0) - g1 f(0,1) + f(0,4) >= f(0) + f(0,1,4)
Step=37 ###################........... Axiom61 14(0,3) - g2 f(0,1,3) + f(0,3,4) >= f(0,3) + f(0,1,2,3,4)
Step=37 ############################## Axiom75 34(0,1) - g2 f(0,1,3) + f(0,1,4) >= f(0,1) + f(0,1,2,3,4)

Ordered by number of previous rays:
Step=37 $$$$$$$$$$$$$$$$$$$$$$$$$$.... (min) Axiom19 12(0,3) - g2 f(0,1,3) + f(0,2,3) >= f(0,3) + f(0,1,2,3,4)
Step=37 $$$$$$$$$$$$$$$$$$$$$$$$$$.... (min) Axiom21 12(0,4) - g2 f(0,1,4) + f(0,2,4) >= f(0,1,2,3,4) + f(0,4)
Step=37 $$$$$$$$$$$$$$$$$$$$$$$$$$.... (min) Axiom35 13(0,2) - g2 f(0,1,2) + f(0,2,3) >= f(0,2) + f(0,1,2,3,4)
Step=37 $$$$$$$$$$$$$$$$$$$$$$$$$$.... (min) Axiom59 14(0,2) - g2 f(0,1,2) + f(0,2,4) >= f(0,2) + f(0,1,2,3,4)
Step=37 $$$$$$$$$$$$$$$$$$$$$$$$$$.... (min) Axiom73 34(0) - g1 f(0,3) + f(0,4) >= f(0) + f(0,3,4)
Step=37 $$$$$$$$$$$$$$$$$$$$$$$$$$$... Axiom18 12(3) - g1 f(1,3) + f(2,3) >= f(3) + f(1,2,3)
Step=37 $$$$$$$$$$$$$$$$$$$$$$$$$$$... Axiom20 12(4) - g1 f(1,4) + f(2,4) >= f(4) + f(1,2,4)
Step=37 $$$$$$$$$$$$$$$$$$$$$$$$$$$... Axiom34 13(2) - g1 f(1,2) + f(2,3) >= f(2) + f(1,2,3)
Step=37 $$$$$$$$$$$$$$$$$$$$$$$$$$$... Axiom36 13(4) - g1 f(1,4) + f(3,4) >= f(4) + f(1,3,4)
Step=37 $$$$$$$$$$$$$$$$$$$$$$$$$$$... Axiom51 04(1,2) - g2 f(0,1,2) + f(1,2,4) >= f(1,2) + f(0,1,2,3,4)
Step=37 $$$$$$$$$$$$$$$$$$$$$$$$$$$... Axiom53 04(1,3) - g2 f(0,1,3) + f(1,3,4) >= f(1,3) + f(0,1,2,3,4)
Step=37 $$$$$$$$$$$$$$$$$$$$$$$$$$$... Axiom58 14(2) - g1 f(1,2) + f(2,4) >= f(2) + f(1,2,4)
Step=37 $$$$$$$$$$$$$$$$$$$$$$$$$$$... Axiom60 14(3) - g1 f(1,3) + f(3,4) >= f(3) + f(1,3,4)
Step=37 $$$$$$$$$$$$$$$$$$$$$$$$$$$... Axiom74 34(1) - g1 f(1,3) + f(1,4) >= f(1) + f(1,3,4)
Step=37 $$$$$$$$$$$$$$$$$$$$$$$$$$$... Axiom9 02(1) - g1 f(0,1) + f(1,2) >= f(1) + f(0,1,2)
Step=37 $$$$$$$$$$$$$$$$$$$$$$$$$$$... Axiom13 02(1,4) - g2 f(0,1,4) + f(1,2,4) >= f(0,1,2,3,4) + f(1,4)
Step=37 $$$$$$$$$$$$$$$$$$$$$$$$$$$... Axiom17 12(0) - g1 f(0,1) + f(0,2) >= f(0) + f(0,1,2)
Step=37 $$$$$$$$$$$$$$$$$$$$$$$$$$$... Axiom22 12(3,4) - g2 f(1,3,4) + f(2,3,4) >= f(0,1,2,3,4) + f(3,4)
Step=37 $$$$$$$$$$$$$$$$$$$$$$$$$$$... Axiom25 03(1) - g1 f(0,1) + f(1,3) >= f(1) + f(0,1,3)
Step=37 $$$$$$$$$$$$$$$$$$$$$$$$$$$... Axiom29 03(1,4) - g2 f(0,1,4) + f(1,3,4) >= f(0,1,2,3,4) + f(1,4)
Step=37 $$$$$$$$$$$$$$$$$$$$$$$$$$$... Axiom38 13(2,4) - g2 f(1,2,4) + f(2,3,4) >= f(0,1,2,3,4) + f(2,4)
Step=37 $$$$$$$$$$$$$$$$$$$$$$$$$$$... Axiom62 14(2,3) - g2 f(1,2,3) + f(2,3,4) >= f(2,3) + f(0,1,2,3,4)
Step=37 $$$$$$$$$$$$$$$$$$$$$$$$$$$... Axiom66 24(1) - g1 f(1,2) + f(1,4) >= f(1) + f(1,2,4)
Step=37 $$$$$$$$$$$$$$$$$$$$$$$$$$$... Axiom67 24(0,1) - g2 f(0,1,2) + f(0,1,4) >= f(0,1) + f(0,1,2,3,4)
Step=37 $$$$$$$$$$$$$$$$$$$$$$$$$$$$.. Axiom37 13(0,4) - g2 f(0,1,4) + f(0,3,4) >= f(0,1,2,3,4) + f(0,4)
Step=37 $$$$$$$$$$$$$$$$$$$$$$$$$$$$.. Axiom61 14(0,3) - g2 f(0,1,3) + f(0,3,4) >= f(0,3) + f(0,1,2,3,4)
Step=37 $$$$$$$$$$$$$$$$$$$$$$$$$$$$$. Axiom33 13(0) - g1 f(0,1) + f(0,3) >= f(0) + f(0,1,3)
Step=37 $$$$$$$$$$$$$$$$$$$$$$$$$$$$$. Axiom49 04(1) - g1 f(0,1) + f(1,4) >= f(1) + f(0,1,4)
Step=37 $$$$$$$$$$$$$$$$$$$$$$$$$$$$$. Axiom57 14(0) - g1 f(0,1) + f(0,4) >= f(0) + f(0,1,4)
Step=37 $$$$$$$$$$$$$$$$$$$$$$$$$$$$$$ Axiom75 34(0,1) - g2 f(0,1,3) + f(0,1,4) >= f(0,1) + f(0,1,2,3,4)
