! VaryAxiom=6 NoInitialAxiomSet
Step=56 PrevRays=  2077 ResultRays=  2153 RayPairs=    275418 NewAxiom=9 PrevAxioms=6,10,11,12,13,14,17,18,20,22,25,26,27,28,29,33,36,39,41,45,49,50,57,65,72,73,19,21,37,69,77,35,53,34,38,43,42,59,30,67,63,54,52,78,61,60,75,62,55,74,58,46,51,66,70,+9 MissingAxioms=0,1,2,3,4,5,7,8,15,16,23,24,31,32,40,44,47,48,56,64,68,71,76,79 TotalTime=0.4
Step=56 PrevRays=  2240 ResultRays=  2153 RayPairs=    488579 NewAxiom=10 PrevAxioms=6,9,11,12,13,14,17,18,19,20,22,25,26,28,29,33,36,39,41,45,49,50,57,65,72,73,21,27,35,37,43,42,30,54,59,67,77,53,63,69,38,51,66,61,75,74,46,58,78,55,62,60,70,52,34,+10 MissingAxioms=0,1,2,3,4,5,7,8,15,16,23,24,31,32,40,44,47,48,56,64,68,71,76,79 TotalTime=0.3
Step=56 PrevRays=  2128 ResultRays=  2153 RayPairs=    326400 NewAxiom=11 PrevAxioms=6,9,10,12,13,14,17,18,19,20,22,25,26,28,29,33,36,39,41,45,49,50,57,65,72,73,21,35,37,43,51,53,69,77,38,70,75,61,42,74,27,34,30,54,63,59,52,58,67,62,55,66,60,78,46,+11 MissingAxioms=0,1,2,3,4,5,7,8,15,16,23,24,31,32,40,44,47,48,56,64,68,71,76,79 TotalTime=0.4
Step=56 PrevRays=  2268 ResultRays=  2153 RayPairs=    499330 NewAxiom=12 PrevAxioms=6,9,10,11,13,14,17,18,20,21,22,25,26,28,29,33,36,39,41,45,49,50,57,65,72,73,19,37,51,59,67,77,38,66,53,69,61,27,75,70,74,58,43,42,35,63,78,55,62,34,60,54,30,52,46,+12 MissingAxioms=0,1,2,3,4,5,7,8,15,16,23,24,31,32,40,44,47,48,56,64,68,71,76,79 TotalTime=0.3
Step=56 PrevRays=  2069 ResultRays=  2153 RayPairs=    316680 NewAxiom=13 PrevAxioms=6,9,10,11,12,14,17,18,20,21,22,25,26,28,29,33,36,39,41,45,49,50,57,65,72,73,19,30,38,53,59,67,77,54,69,27,43,52,37,75,61,74,70,42,63,35,60,62,55,46,66,78,58,51,34,+13 MissingAxioms=0,1,2,3,4,5,7,8,15,16,23,24,31,32,40,44,47,48,56,64,68,71,76,79 TotalTime=0.3
Step=56 PrevRays=  1938 ResultRays=  2153 RayPairs=    195960 NewAxiom=14 PrevAxioms=6,9,10,11,12,13,17,18,20,22,25,26,28,29,30,33,36,39,41,45,49,50,57,65,72,73,19,21,37,54,69,77,27,59,61,53,67,38,75,74,51,66,46,58,42,55,70,78,43,52,35,63,62,60,34,+14 MissingAxioms=0,1,2,3,4,5,7,8,15,16,23,24,31,32,40,44,47,48,56,64,68,71,76,79 TotalTime=0.4
Step=56 PrevRays=  1848 ResultRays=  2153 RayPairs=    180340 NewAxiom=17 PrevAxioms=6,9,10,11,12,13,14,18,20,22,25,26,28,29,33,34,36,39,41,45,49,50,57,65,72,73,19,21,37,69,77,27,61,35,75,30,38,51,54,43,42,53,74,52,63,70,59,58,67,62,55,66,78,60,46,+17 MissingAxioms=0,1,2,3,4,5,7,8,15,16,23,24,31,32,40,44,47,48,56,64,68,71,76,79 TotalTime=0.3
Step=56 PrevRays=  2209 ResultRays=  2153 RayPairs=    489323 NewAxiom=18 PrevAxioms=6,9,10,11,12,13,14,17,19,20,22,25,26,28,29,33,36,39,41,45,49,50,57,65,72,73,21,27,35,37,43,42,30,54,59,67,77,52,53,63,69,38,51,66,61,75,74,46,60,78,34,70,62,55,58,+18 MissingAxioms=0,1,2,3,4,5,7,8,15,16,23,24,31,32,40,44,47,48,56,64,68,71,76,79 TotalTime=0.2
Step=56 PrevRays=  2152 ResultRays=  2153 RayPairs=    338824 NewAxiom=19 PrevAxioms=6,9,10,11,12,13,14,17,18,20,22,25,26,28,29,33,36,39,41,45,49,50,57,65,72,73,21,27,37,69,77,59,61,30,54,67,75,51,52,70,53,74,38,58,55,62,34,35,66,43,42,63,60,78,46,+19 MissingAxioms=0,1,2,3,4,5,7,8,15,16,23,24,31,32,40,44,47,48,56,64,68,71,76,79 TotalTime=0.5
Step=56 PrevRays=  2132 ResultRays=  2153 RayPairs=    412596 NewAxiom=20 PrevAxioms=6,9,10,11,12,13,14,17,18,21,22,25,26,28,29,33,36,39,41,45,49,50,57,65,72,73,19,30,51,59,67,77,53,54,69,66,27,37,61,75,52,43,58,74,70,42,35,63,55,62,60,78,46,38,34,+20 MissingAxioms=0,1,2,3,4,5,7,8,15,16,23,24,31,32,40,44,47,48,56,64,68,71,76,79 TotalTime=0.3
Step=56 PrevRays=  2084 ResultRays=  2153 RayPairs=    279614 NewAxiom=21 PrevAxioms=6,9,10,11,12,13,14,17,18,20,22,25,26,28,29,33,36,39,41,45,49,50,57,65,72,73,19,30,38,51,69,77,35,53,54,43,52,37,75,61,27,70,74,42,60,62,63,59,55,58,67,66,78,46,34,+21 MissingAxioms=0,1,2,3,4,5,7,8,15,16,23,24,31,32,40,44,47,48,56,64,68,71,76,79 TotalTime=0.3
Step=56 PrevRays=  1903 ResultRays=  2153 RayPairs=    193338 NewAxiom=22 PrevAxioms=6,9,10,11,12,13,14,17,18,20,25,26,28,29,33,36,38,39,41,45,49,50,57,65,72,73,19,21,37,69,77,27,59,61,30,54,67,75,53,43,52,74,42,46,51,58,63,35,78,55,62,66,60,34,70,+22 MissingAxioms=0,1,2,3,4,5,7,8,15,16,23,24,31,32,40,44,47,48,56,64,68,71,76,79 TotalTime=0.4
Step=56 PrevRays=  2132 ResultRays=  2153 RayPairs=    294220 NewAxiom=25 PrevAxioms=6,9,10,11,12,13,14,17,18,20,22,26,27,28,29,33,36,39,41,45,49,50,57,65,72,73,19,21,37,69,77,35,51,34,38,43,42,61,75,30,54,52,78,59,58,63,67,62,60,55,66,53,74,46,70,+25 MissingAxioms=0,1,2,3,4,5,7,8,15,16,23,24,31,32,40,44,47,48,56,64,68,71,76,79 TotalTime=0.3
Step=56 PrevRays=  2149 ResultRays=  2153 RayPairs=    447174 NewAxiom=26 PrevAxioms=6,9,10,11,12,13,14,17,18,20,22,25,28,29,33,34,36,39,41,45,49,50,57,65,72,73,19,21,37,69,77,27,59,61,30,67,75,53,43,74,70,38,42,51,58,62,60,55,35,66,78,63,54,46,52,+26 MissingAxioms=0,1,2,3,4,5,7,8,15,16,23,24,31,32,40,44,47,48,56,64,68,71,76,79 TotalTime=0.4
Step=56 PrevRays=  2080 ResultRays=  2153 RayPairs=    255584 NewAxiom=27 PrevAxioms=6,9,10,11,12,13,14,17,18,20,22,25,26,28,29,33,36,39,41,45,49,50,57,65,72,73,19,21,37,69,77,35,51,43,53,38,42,61,75,70,74,30,54,52,63,59,58,67,55,62,66,78,60,46,34,+27 MissingAxioms=0,1,2,3,4,5,7,8,15,16,23,24,31,32,40,44,47,48,56,64,68,71,76,79 TotalTime=0.3
Step=56 PrevRays=  2168 ResultRays=  2153 RayPairs=    408564 NewAxiom=28 PrevAxioms=6,9,10,11,12,13,14,17,18,20,22,25,26,29,30,33,36,39,41,45,49,50,57,65,72,73,19,21,53,54,69,77,35,38,43,51,52,27,42,70,34,59,63,67,66,78,74,75,61,60,62,55,58,37,46,+28 MissingAxioms=0,1,2,3,4,5,7,8,15,16,23,24,31,32,40,44,47,48,56,64,68,71,76,79 TotalTime=0.3
Step=56 PrevRays=  2068 ResultRays=  2153 RayPairs=    301620 NewAxiom=29 PrevAxioms=6,9,10,11,12,13,14,17,18,20,22,25,26,28,33,36,37,39,41,45,49,50,57,65,72,73,19,21,61,69,75,27,77,30,54,59,38,67,51,66,46,58,63,52,35,34,43,62,55,60,53,74,78,42,70,+29 MissingAxioms=0,1,2,3,4,5,7,8,15,16,23,24,31,32,40,44,47,48,56,64,68,71,76,79 TotalTime=0.3
Step=56 PrevRays=  2032 ResultRays=  2153 RayPairs=    242526 NewAxiom=30 PrevAxioms=6,9,10,11,12,13,14,17,18,20,22,25,26,28,29,33,36,39,41,45,49,50,57,65,72,73,19,21,37,69,77,27,59,61,53,67,38,70,51,66,75,74,58,43,42,54,52,35,63,78,55,62,34,60,46,+30 MissingAxioms=0,1,2,3,4,5,7,8,15,16,23,24,31,32,40,44,47,48,56,64,68,71,76,79 TotalTime=0.3
Step=56 PrevRays=  2052 ResultRays=  2153 RayPairs=    251343 NewAxiom=33 PrevAxioms=6,9,10,11,12,13,14,17,18,20,22,25,26,28,29,34,36,39,41,45,49,50,57,65,72,73,19,21,37,69,77,27,59,35,67,30,53,43,63,70,38,51,54,66,52,78,74,75,58,62,55,42,60,61,46,+33 MissingAxioms=0,1,2,3,4,5,7,8,15,16,23,24,31,32,40,44,47,48,56,64,68,71,76,79 TotalTime=0.4
Step=56 PrevRays=  2062 ResultRays=  2153 RayPairs=    429028 NewAxiom=34 PrevAxioms=6,9,10,11,12,13,14,17,18,20,22,25,26,28,29,33,36,39,41,45,49,50,57,65,72,73,19,21,37,69,77,27,59,61,30,54,67,75,53,43,52,74,70,42,38,51,58,63,35,55,62,66,78,60,46,+34 MissingAxioms=0,1,2,3,4,5,7,8,15,16,23,24,31,32,40,44,47,48,56,64,68,71,76,79 TotalTime=0.4
Step=56 PrevRays=  2434 ResultRays=  2153 RayPairs=    528919 NewAxiom=35 PrevAxioms=6,9,10,11,12,13,14,17,18,20,22,25,26,28,29,33,36,39,41,45,49,50,57,65,72,73,19,21,37,69,77,27,59,61,30,54,67,75,53,43,52,74,70,42,38,51,58,63,55,62,66,78,34,60,46,+35 MissingAxioms=0,1,2,3,4,5,7,8,15,16,23,24,31,32,40,44,47,48,56,64,68,71,76,79 TotalTime=0.4
Step=56 PrevRays=  2098 ResultRays=  2153 RayPairs=    379080 NewAxiom=36 PrevAxioms=6,9,10,11,12,13,14,17,18,20,22,25,26,28,29,33,37,39,41,45,49,50,57,65,72,73,19,21,53,61,69,75,74,27,30,54,59,77,67,52,60,46,35,63,66,62,34,51,43,55,58,38,42,78,70,+36 MissingAxioms=0,1,2,3,4,5,7,8,15,16,23,24,31,32,40,44,47,48,56,64,68,71,76,79 TotalTime=0.4
Step=56 PrevRays=  2266 ResultRays=  2153 RayPairs=    428032 NewAxiom=37 PrevAxioms=6,9,10,11,12,13,14,17,18,20,22,25,26,28,29,33,36,39,41,45,49,50,57,65,72,73,19,21,53,69,77,35,30,54,43,27,38,42,51,46,59,63,52,58,67,55,62,78,74,75,60,61,66,34,70,+37 MissingAxioms=0,1,2,3,4,5,7,8,15,16,23,24,31,32,40,44,47,48,56,64,68,71,76,79 TotalTime=0.4
Step=56 PrevRays=  2063 ResultRays=  2153 RayPairs=    285033 NewAxiom=38 PrevAxioms=6,9,10,11,12,13,14,17,18,20,22,25,26,28,29,33,36,39,41,45,49,50,57,65,72,73,19,21,37,69,77,27,59,61,30,54,67,75,53,43,52,74,70,42,63,35,55,62,51,66,78,60,58,46,34,+38 MissingAxioms=0,1,2,3,4,5,7,8,15,16,23,24,31,32,40,44,47,48,56,64,68,71,76,79 TotalTime=0.2
Step=56 PrevRays=  1297 ResultRays=  2153 RayPairs=     87975 NewAxiom=39 PrevAxioms=6,9,10,11,12,13,14,17,18,20,22,25,26,28,29,33,36,41,45,49,50,55,57,65,72,73,19,21,37,69,77,27,59,61,30,54,67,75,53,43,52,74,70,42,38,51,58,35,63,62,66,34,46,60,78,+39 MissingAxioms=0,1,2,3,4,5,7,8,15,16,23,24,31,32,40,44,47,48,56,64,68,71,76,79 TotalTime=0.2
Step=56 PrevRays=  2156 ResultRays=  2153 RayPairs=    375088 NewAxiom=41 PrevAxioms=6,9,10,11,12,13,14,17,18,20,22,25,26,28,29,33,36,39,42,45,49,50,57,65,72,73,19,21,37,27,43,59,67,75,61,30,54,53,69,77,52,74,70,38,51,58,63,35,55,62,66,78,34,60,46,+41 MissingAxioms=0,1,2,3,4,5,7,8,15,16,23,24,31,32,40,44,47,48,56,64,68,71,76,79 TotalTime=0.4
Step=56 PrevRays=  2184 ResultRays=  2153 RayPairs=    413996 NewAxiom=42 PrevAxioms=6,9,10,11,12,13,14,17,18,20,22,25,26,28,29,33,36,39,41,45,49,50,57,65,72,73,19,21,37,69,77,27,59,61,30,54,67,75,53,43,52,74,70,38,51,58,55,66,78,62,34,60,35,63,46,+42 MissingAxioms=0,1,2,3,4,5,7,8,15,16,23,24,31,32,40,44,47,48,56,64,68,71,76,79 TotalTime=0.4
Step=56 PrevRays=  2218 ResultRays=  2153 RayPairs=    316484 NewAxiom=43 PrevAxioms=6,9,10,11,12,13,14,17,18,20,22,25,26,28,29,33,36,39,41,45,49,50,57,65,72,73,19,21,37,69,77,27,59,61,30,54,67,75,53,52,35,63,74,70,60,55,62,38,66,51,78,58,34,42,46,+43 MissingAxioms=0,1,2,3,4,5,7,8,15,16,23,24,31,32,40,44,47,48,56,64,68,71,76,79 TotalTime=0.3
Step=56 PrevRays=  2117 ResultRays=  2153 RayPairs=    400775 NewAxiom=45 PrevAxioms=6,9,10,11,12,13,14,17,18,20,22,25,26,28,29,33,36,39,41,46,49,50,57,65,72,73,19,21,37,27,59,67,75,61,30,54,53,43,52,74,35,63,42,78,60,62,55,66,70,34,58,51,38,77,69,+45 MissingAxioms=0,1,2,3,4,5,7,8,15,16,23,24,31,32,40,44,47,48,56,64,68,71,76,79 TotalTime=0.3
Step=56 PrevRays=  2050 ResultRays=  2153 RayPairs=    401760 NewAxiom=46 PrevAxioms=6,9,10,11,12,13,14,17,18,20,22,25,26,28,29,33,36,39,41,45,49,50,57,65,72,73,19,21,37,69,77,27,59,61,30,54,67,75,53,43,52,74,70,42,38,51,58,63,35,55,62,66,78,34,60,+46 MissingAxioms=0,1,2,3,4,5,7,8,15,16,23,24,31,32,40,44,47,48,56,64,68,71,76,79 TotalTime=0.3
Step=56 PrevRays=  2070 ResultRays=  2153 RayPairs=    259904 NewAxiom=49 PrevAxioms=6,9,10,11,12,13,14,17,18,20,22,25,26,28,29,33,36,39,41,45,50,51,57,65,72,73,19,21,37,69,77,27,59,58,75,30,54,67,61,52,43,74,70,42,38,53,60,55,62,35,63,66,78,46,34,+49 MissingAxioms=0,1,2,3,4,5,7,8,15,16,23,24,31,32,40,44,47,48,56,64,68,71,76,79 TotalTime=0.4
Step=56 PrevRays=  2142 ResultRays=  2153 RayPairs=    462753 NewAxiom=50 PrevAxioms=6,9,10,11,12,13,14,17,18,20,22,25,26,28,29,33,36,39,41,45,49,52,57,65,72,73,19,21,37,69,77,27,59,61,30,67,75,53,54,43,74,38,42,51,66,58,63,35,70,78,60,62,55,34,46,+50 MissingAxioms=0,1,2,3,4,5,7,8,15,16,23,24,31,32,40,44,47,48,56,64,68,71,76,79 TotalTime=0.4
Step=56 PrevRays=  2248 ResultRays=  2153 RayPairs=    439830 NewAxiom=51 PrevAxioms=6,9,10,11,12,13,14,17,18,20,22,25,26,28,29,33,36,39,41,45,49,50,57,65,72,73,19,21,37,69,77,27,59,61,30,54,67,75,53,43,52,74,70,42,38,58,63,35,55,62,66,78,34,60,46,+51 MissingAxioms=0,1,2,3,4,5,7,8,15,16,23,24,31,32,40,44,47,48,56,64,68,71,76,79 TotalTime=0.4
Step=56 PrevRays=  2088 ResultRays=  2153 RayPairs=    397375 NewAxiom=52 PrevAxioms=6,9,10,11,12,13,14,17,18,20,22,25,26,28,29,33,36,39,41,45,49,50,57,65,72,73,19,21,37,69,77,27,59,61,30,54,67,75,53,43,74,70,38,42,51,58,35,63,55,62,60,66,78,46,34,+52 MissingAxioms=0,1,2,3,4,5,7,8,15,16,23,24,31,32,40,44,47,48,56,64,68,71,76,79 TotalTime=0.4
Step=56 PrevRays=  2242 ResultRays=  2153 RayPairs=    442640 NewAxiom=53 PrevAxioms=6,9,10,11,12,13,14,17,18,20,22,25,26,28,29,33,36,39,41,45,49,50,57,65,72,73,19,21,37,69,77,27,59,61,30,54,67,75,51,38,66,52,74,58,43,42,70,55,35,63,62,78,34,60,46,+53 MissingAxioms=0,1,2,3,4,5,7,8,15,16,23,24,31,32,40,44,47,48,56,64,68,71,76,79 TotalTime=0.4
Step=56 PrevRays=  2253 ResultRays=  2153 RayPairs=    332928 NewAxiom=54 PrevAxioms=6,9,10,11,12,13,14,17,18,20,22,25,26,28,29,33,36,39,41,45,49,50,57,65,72,73,19,21,37,69,77,27,59,61,30,67,75,53,43,52,74,70,42,38,51,58,63,35,55,62,66,78,34,60,46,+54 MissingAxioms=0,1,2,3,4,5,7,8,15,16,23,24,31,32,40,44,47,48,56,64,68,71,76,79 TotalTime=0.4
Step=56 PrevRays=  1630 ResultRays=  2153 RayPairs=    180905 NewAxiom=55 PrevAxioms=6,9,10,11,12,13,14,17,18,20,22,25,26,28,29,33,36,39,41,45,49,50,57,65,72,73,19,21,37,69,77,27,59,61,30,54,67,75,53,43,52,74,70,42,38,51,58,63,35,66,78,62,34,60,46,+55 MissingAxioms=0,1,2,3,4,5,7,8,15,16,23,24,31,32,40,44,47,48,56,64,68,71,76,79 TotalTime=0.3
Step=56 PrevRays=  1999 ResultRays=  2153 RayPairs=    221984 NewAxiom=57 PrevAxioms=6,9,10,11,12,13,14,17,18,20,22,25,26,28,29,33,36,39,41,45,49,50,58,65,72,73,19,21,37,69,77,27,35,43,30,54,75,42,53,52,70,74,38,51,59,63,67,61,55,62,66,78,46,60,34,+57 MissingAxioms=0,1,2,3,4,5,7,8,15,16,23,24,31,32,40,44,47,48,56,64,68,71,76,79 TotalTime=0.3
Step=56 PrevRays=  1916 ResultRays=  2153 RayPairs=    289533 NewAxiom=58 PrevAxioms=6,9,10,11,12,13,14,17,18,20,22,25,26,28,29,33,36,39,41,45,49,50,57,65,72,73,19,21,37,69,77,27,59,61,30,54,67,75,53,43,52,74,70,42,38,51,66,63,35,78,60,62,55,34,46,+58 MissingAxioms=0,1,2,3,4,5,7,8,15,16,23,24,31,32,40,44,47,48,56,64,68,71,76,79 TotalTime=0.2
Step=56 PrevRays=  2331 ResultRays=  2153 RayPairs=    357066 NewAxiom=59 PrevAxioms=6,9,10,11,12,13,14,17,18,20,22,25,26,28,29,33,36,39,41,45,49,50,57,65,72,73,19,21,37,69,77,27,61,67,75,30,54,53,43,52,35,60,62,42,63,55,38,66,51,74,70,78,34,58,46,+59 MissingAxioms=0,1,2,3,4,5,7,8,15,16,23,24,31,32,40,44,47,48,56,64,68,71,76,79 TotalTime=0.3
Step=56 PrevRays=  2007 ResultRays=  2153 RayPairs=    333739 NewAxiom=60 PrevAxioms=6,9,10,11,12,13,14,17,18,20,22,25,26,28,29,33,36,39,41,45,49,50,57,65,72,73,19,21,37,69,77,27,59,61,30,54,67,75,53,43,52,74,70,42,38,51,58,63,35,55,62,66,78,34,46,+60 MissingAxioms=0,1,2,3,4,5,7,8,15,16,23,24,31,32,40,44,47,48,56,64,68,71,76,79 TotalTime=0.3
Step=56 PrevRays=  2272 ResultRays=  2153 RayPairs=    451530 NewAxiom=61 PrevAxioms=6,9,10,11,12,13,14,17,18,20,22,25,26,28,29,33,36,39,41,45,49,50,57,65,72,73,19,21,37,69,77,27,59,67,75,30,54,53,43,52,74,70,42,35,63,38,51,58,55,62,66,34,60,78,46,+61 MissingAxioms=0,1,2,3,4,5,7,8,15,16,23,24,31,32,40,44,47,48,56,64,68,71,76,79 TotalTime=0.4
Step=56 PrevRays=  2246 ResultRays=  2153 RayPairs=    296121 NewAxiom=62 PrevAxioms=6,9,10,11,12,13,14,17,18,20,22,25,26,28,29,33,36,39,41,45,49,50,57,65,72,73,19,21,37,69,77,27,59,61,30,54,67,75,53,43,52,74,70,42,38,51,58,63,35,55,66,78,60,46,34,+62 MissingAxioms=0,1,2,3,4,5,7,8,15,16,23,24,31,32,40,44,47,48,56,64,68,71,76,79 TotalTime=0.4
Step=56 PrevRays=  2097 ResultRays=  2153 RayPairs=    360580 NewAxiom=63 PrevAxioms=6,9,10,11,12,13,14,17,18,20,22,25,26,28,29,33,36,39,41,45,49,50,57,65,72,73,19,21,37,69,77,27,59,61,30,54,67,75,53,43,52,74,70,42,38,51,58,35,55,66,78,62,34,60,46,+63 MissingAxioms=0,1,2,3,4,5,7,8,15,16,23,24,31,32,40,44,47,48,56,64,68,71,76,79 TotalTime=0.4
Step=56 PrevRays=  2098 ResultRays=  2153 RayPairs=    379356 NewAxiom=65 PrevAxioms=6,9,10,11,12,13,14,17,18,20,22,25,26,28,29,33,36,39,41,45,49,50,57,66,72,73,19,21,37,77,27,59,61,30,54,75,53,43,52,74,38,42,51,58,67,63,35,46,70,78,55,62,60,34,69,+65 MissingAxioms=0,1,2,3,4,5,7,8,15,16,23,24,31,32,40,44,47,48,56,64,68,71,76,79 TotalTime=0.4
Step=56 PrevRays=  1997 ResultRays=  2153 RayPairs=    247725 NewAxiom=66 PrevAxioms=6,9,10,11,12,13,14,17,18,20,22,25,26,28,29,33,36,39,41,45,49,50,57,65,72,73,19,21,37,69,77,27,59,61,30,54,67,75,53,43,52,74,70,42,38,51,58,63,35,55,62,34,60,78,46,+66 MissingAxioms=0,1,2,3,4,5,7,8,15,16,23,24,31,32,40,44,47,48,56,64,68,71,76,79 TotalTime=0.3
Step=56 PrevRays=  2180 ResultRays=  2153 RayPairs=    292670 NewAxiom=67 PrevAxioms=6,9,10,11,12,13,14,17,18,20,22,25,26,28,29,33,36,39,41,45,49,50,57,65,72,73,19,21,37,69,77,27,59,61,30,54,75,53,43,52,74,70,42,38,51,58,35,63,55,62,78,66,46,34,60,+67 MissingAxioms=0,1,2,3,4,5,7,8,15,16,23,24,31,32,40,44,47,48,56,64,68,71,76,79 TotalTime=0.4
Step=56 PrevRays=  2210 ResultRays=  2153 RayPairs=    521703 NewAxiom=69 PrevAxioms=6,9,10,11,12,13,14,17,18,20,22,25,26,28,29,33,36,39,41,45,49,50,57,65,72,73,19,21,37,77,27,59,67,61,30,54,75,53,43,52,74,38,42,51,58,66,35,63,46,70,78,55,62,60,34,+69 MissingAxioms=0,1,2,3,4,5,7,8,15,16,23,24,31,32,40,44,47,48,56,64,68,71,76,79 TotalTime=0.3
Step=56 PrevRays=  2167 ResultRays=  2153 RayPairs=    497123 NewAxiom=70 PrevAxioms=6,9,10,11,12,13,14,17,18,20,22,25,26,28,29,33,36,39,41,45,49,50,57,65,72,73,19,21,37,69,77,27,59,61,30,54,67,75,53,43,52,74,38,42,51,58,63,35,55,62,60,78,66,46,34,+70 MissingAxioms=0,1,2,3,4,5,7,8,15,16,23,24,31,32,40,44,47,48,56,64,68,71,76,79 TotalTime=0.3
! VaryAxiom=72 NoInitialAxiomSet
Step=56 PrevRays=  1993 ResultRays=  2153 RayPairs=    215860 NewAxiom=73 PrevAxioms=6,9,10,11,12,13,14,17,18,20,22,25,26,28,29,33,36,39,41,45,49,50,57,65,72,74,19,21,37,69,27,59,61,30,54,67,53,75,43,52,35,63,70,60,62,55,42,38,66,51,58,78,34,46,77,+73 MissingAxioms=0,1,2,3,4,5,7,8,15,16,23,24,31,32,40,44,47,48,56,64,68,71,76,79 TotalTime=0.3
Step=56 PrevRays=  2023 ResultRays=  2153 RayPairs=    228762 NewAxiom=74 PrevAxioms=6,9,10,11,12,13,14,17,18,20,22,25,26,28,29,33,36,39,41,45,49,50,57,65,72,73,19,21,37,69,77,27,59,61,30,54,67,75,53,43,52,35,63,70,60,62,55,42,38,66,51,58,78,46,34,+74 MissingAxioms=0,1,2,3,4,5,7,8,15,16,23,24,31,32,40,44,47,48,56,64,68,71,76,79 TotalTime=0.3
Step=56 PrevRays=  2126 ResultRays=  2153 RayPairs=    257232 NewAxiom=75 PrevAxioms=6,9,10,11,12,13,14,17,18,20,22,25,26,28,29,33,36,39,41,45,49,50,57,65,72,73,19,21,37,69,77,27,59,61,30,54,67,53,43,52,35,63,70,60,62,55,42,38,66,51,58,78,74,46,34,+75 MissingAxioms=0,1,2,3,4,5,7,8,15,16,23,24,31,32,40,44,47,48,56,64,68,71,76,79 TotalTime=0.3
Step=56 PrevRays=  2200 ResultRays=  2153 RayPairs=    461480 NewAxiom=77 PrevAxioms=6,9,10,11,12,13,14,17,18,20,22,25,26,28,29,33,36,39,41,45,49,50,57,65,72,73,19,21,37,69,27,59,75,61,30,54,67,53,43,52,74,35,63,70,60,62,55,42,38,66,51,58,78,34,46,+77 MissingAxioms=0,1,2,3,4,5,7,8,15,16,23,24,31,32,40,44,47,48,56,64,68,71,76,79 TotalTime=0.3
Step=56 PrevRays=  2112 ResultRays=  2153 RayPairs=    435200 NewAxiom=78 PrevAxioms=6,9,10,11,12,13,14,17,18,20,22,25,26,28,29,33,36,39,41,45,49,50,57,65,72,73,19,21,37,69,77,27,59,61,30,54,67,75,53,43,52,74,70,42,38,51,58,63,35,55,62,66,34,60,46,+78 MissingAxioms=0,1,2,3,4,5,7,8,15,16,23,24,31,32,40,44,47,48,56,64,68,71,76,79 TotalTime=0.4

Ordered by number of ray pairs:
Step=56 #####......................... (min) Axiom39 31(0,2,4) - g3 f(0,1,2,3,4) >= f(0,2,4)
Step=56 ##########.................... Axiom17 21(0) - g1 f(0,1) + f(0,2) >= f(0) + f(0,1,2)
Step=56 ##########.................... Axiom55 40(1,2,3) - g3 f(0,1,2,3,4) >= f(1,2,3)
Step=56 ###########................... Axiom22 21(3,4) - g2 f(1,3,4) + f(2,3,4) >= f(0,1,2,3,4) + f(3,4)
Step=56 ###########................... Axiom14 20(3,4) - g2 f(0,3,4) + f(2,3,4) >= f(0,1,2,3,4) + f(3,4)
Step=56 ############.................. Axiom73 43(0) - g1 f(0,3) + f(0,4) >= f(0) + f(0,3,4)
Step=56 #############................. Axiom57 41(0) - g1 f(0,1) + f(0,4) >= f(0) + f(0,1,4)
Step=56 #############................. Axiom74 43(1) - g1 f(1,3) + f(1,4) >= f(1) + f(1,3,4)
Step=56 ##############................ Axiom30 30(2,4) - g2 f(0,2,4) + f(2,3,4) >= f(0,1,2,3,4) + f(2,4)
Step=56 ##############................ Axiom66 42(1) - g1 f(1,2) + f(1,4) >= f(1) + f(1,2,4)
Step=56 ##############................ Axiom33 31(0) - g1 f(0,1) + f(0,3) >= f(0) + f(0,1,3)
Step=56 ##############................ Axiom27 30(1,2) - g2 f(0,1,2) + f(1,2,3) >= f(1,2) + f(0,1,2,3,4)
Step=56 ###############............... Axiom75 43(0,1) - g2 f(0,1,3) + f(0,1,4) >= f(0,1) + f(0,1,2,3,4)
Step=56 ###############............... Axiom49 40(1) - g1 f(0,1) + f(1,4) >= f(1) + f(0,1,4)
Step=56 ################.............. Axiom9 20(1) - g1 f(0,1) + f(1,2) >= f(1) + f(0,1,2)
Step=56 ################.............. Axiom21 21(0,4) - g2 f(0,1,4) + f(0,2,4) >= f(0,1,2,3,4) + f(0,4)
Step=56 ################.............. Axiom38 31(2,4) - g2 f(1,2,4) + f(2,3,4) >= f(0,1,2,3,4) + f(2,4)
Step=56 ################.............. Axiom58 41(2) - g1 f(1,2) + f(2,4) >= f(2) + f(1,2,4)
Step=56 #################............. Axiom67 42(0,1) - g2 f(0,1,2) + f(0,1,4) >= f(0,1) + f(0,1,2,3,4)
Step=56 #################............. Axiom25 30(1) - g1 f(0,1) + f(1,3) >= f(1) + f(0,1,3)
Step=56 #################............. Axiom62 41(2,3) - g2 f(1,2,3) + f(2,3,4) >= f(2,3) + f(0,1,2,3,4)
Step=56 #################............. Axiom29 30(1,4) - g2 f(0,1,4) + f(1,3,4) >= f(0,1,2,3,4) + f(1,4)
Step=56 ##################............ Axiom43 32(0,1) - g2 f(0,1,2) + f(0,1,3) >= f(0,1) + f(0,1,2,3,4)
Step=56 ##################............ Axiom13 20(1,4) - g2 f(0,1,4) + f(1,2,4) >= f(0,1,2,3,4) + f(1,4)
Step=56 ###################........... Axiom11 20(1,3) - g2 f(0,1,3) + f(1,2,3) >= f(1,3) + f(0,1,2,3,4)
Step=56 ###################........... Axiom54 40(2,3) - g2 f(0,2,3) + f(2,3,4) >= f(2,3) + f(0,1,2,3,4)
Step=56 ###################........... Axiom60 41(3) - g1 f(1,3) + f(3,4) >= f(3) + f(1,3,4)
Step=56 ###################........... Axiom19 21(0,3) - g2 f(0,1,3) + f(0,2,3) >= f(0,3) + f(0,1,2,3,4)
Step=56 ####################.......... Axiom59 41(0,2) - g2 f(0,1,2) + f(0,2,4) >= f(0,2) + f(0,1,2,3,4)
Step=56 ####################.......... Axiom63 41(0,2,3) - g3 f(0,1,2,3,4) >= f(0,2,3)
Step=56 #####################......... Axiom41 32(0) - g1 f(0,2) + f(0,3) >= f(0) + f(0,2,3)
Step=56 ######################........ Axiom36 31(4) - g1 f(1,4) + f(3,4) >= f(4) + f(1,3,4)
Step=56 ######################........ Axiom65 42(0) - g1 f(0,2) + f(0,4) >= f(0) + f(0,2,4)
Step=56 #######################....... Axiom52 40(3) - g1 f(0,3) + f(3,4) >= f(3) + f(0,3,4)
Step=56 #######################....... Axiom45 32(0,4) - g2 f(0,2,4) + f(0,3,4) >= f(0,1,2,3,4) + f(0,4)
Step=56 #######################....... Axiom46 32(1,4) - g2 f(1,2,4) + f(1,3,4) >= f(0,1,2,3,4) + f(1,4)
Step=56 #######################....... Axiom28 30(4) - g1 f(0,4) + f(3,4) >= f(4) + f(0,3,4)
Step=56 #######################....... Axiom20 21(4) - g1 f(1,4) + f(2,4) >= f(4) + f(1,2,4)
Step=56 #######################....... Axiom42 32(1) - g1 f(1,2) + f(1,3) >= f(1) + f(1,2,3)
Step=56 ########################...... Axiom37 31(0,4) - g2 f(0,1,4) + f(0,3,4) >= f(0,1,2,3,4) + f(0,4)
Step=56 ########################...... Axiom34 31(2) - g1 f(1,2) + f(2,3) >= f(2) + f(1,2,3)
Step=56 #########################..... Axiom78 43(1,2) - g2 f(1,2,3) + f(1,2,4) >= f(1,2) + f(0,1,2,3,4)
Step=56 #########################..... Axiom51 40(1,2) - g2 f(0,1,2) + f(1,2,4) >= f(1,2) + f(0,1,2,3,4)
Step=56 #########################..... Axiom53 40(1,3) - g2 f(0,1,3) + f(1,3,4) >= f(1,3) + f(0,1,2,3,4)
Step=56 #########################..... Axiom26 30(2) - g1 f(0,2) + f(2,3) >= f(2) + f(0,2,3)
Step=56 ##########################.... Axiom61 41(0,3) - g2 f(0,1,3) + f(0,3,4) >= f(0,3) + f(0,1,2,3,4)
Step=56 ##########################.... Axiom77 43(0,2) - g2 f(0,2,3) + f(0,2,4) >= f(0,2) + f(0,1,2,3,4)
Step=56 ##########################.... Axiom50 40(2) - g1 f(0,2) + f(2,4) >= f(2) + f(0,2,4)
Step=56 ############################.. Axiom10 20(3) - g1 f(0,3) + f(2,3) >= f(3) + f(0,2,3)
Step=56 ############################.. Axiom18 21(3) - g1 f(1,3) + f(2,3) >= f(3) + f(1,2,3)
Step=56 ############################.. Axiom70 42(1,3) - g2 f(1,2,3) + f(1,3,4) >= f(1,3) + f(0,1,2,3,4)
Step=56 ############################.. Axiom12 20(4) - g1 f(0,4) + f(2,4) >= f(4) + f(0,2,4)
Step=56 ############################## Axiom69 42(0,3) - g2 f(0,2,3) + f(0,3,4) >= f(0,3) + f(0,1,2,3,4)
Step=56 ############################## Axiom35 31(0,2) - g2 f(0,1,2) + f(0,2,3) >= f(0,2) + f(0,1,2,3,4)

Ordered by number of previous rays:
Step=56 $$$$$$$$$$$$$$$$.............. (min) Axiom39 31(0,2,4) - g3 f(0,1,2,3,4) >= f(0,2,4)
Step=56 $$$$$$$$$$$$$$$$$$$$.......... Axiom55 40(1,2,3) - g3 f(0,1,2,3,4) >= f(1,2,3)
Step=56 $$$$$$$$$$$$$$$$$$$$$$$....... Axiom17 21(0) - g1 f(0,1) + f(0,2) >= f(0) + f(0,1,2)
Step=56 $$$$$$$$$$$$$$$$$$$$$$$....... Axiom22 21(3,4) - g2 f(1,3,4) + f(2,3,4) >= f(0,1,2,3,4) + f(3,4)
Step=56 $$$$$$$$$$$$$$$$$$$$$$$$...... Axiom58 41(2) - g1 f(1,2) + f(2,4) >= f(2) + f(1,2,4)
Step=56 $$$$$$$$$$$$$$$$$$$$$$$$...... Axiom14 20(3,4) - g2 f(0,3,4) + f(2,3,4) >= f(0,1,2,3,4) + f(3,4)
Step=56 $$$$$$$$$$$$$$$$$$$$$$$$$..... Axiom73 43(0) - g1 f(0,3) + f(0,4) >= f(0) + f(0,3,4)
Step=56 $$$$$$$$$$$$$$$$$$$$$$$$$..... Axiom66 42(1) - g1 f(1,2) + f(1,4) >= f(1) + f(1,2,4)
Step=56 $$$$$$$$$$$$$$$$$$$$$$$$$..... Axiom57 41(0) - g1 f(0,1) + f(0,4) >= f(0) + f(0,1,4)
Step=56 $$$$$$$$$$$$$$$$$$$$$$$$$..... Axiom60 41(3) - g1 f(1,3) + f(3,4) >= f(3) + f(1,3,4)
Step=56 $$$$$$$$$$$$$$$$$$$$$$$$$..... Axiom74 43(1) - g1 f(1,3) + f(1,4) >= f(1) + f(1,3,4)
Step=56 $$$$$$$$$$$$$$$$$$$$$$$$$..... Axiom30 30(2,4) - g2 f(0,2,4) + f(2,3,4) >= f(0,1,2,3,4) + f(2,4)
Step=56 $$$$$$$$$$$$$$$$$$$$$$$$$..... Axiom46 32(1,4) - g2 f(1,2,4) + f(1,3,4) >= f(0,1,2,3,4) + f(1,4)
Step=56 $$$$$$$$$$$$$$$$$$$$$$$$$..... Axiom33 31(0) - g1 f(0,1) + f(0,3) >= f(0) + f(0,1,3)
Step=56 $$$$$$$$$$$$$$$$$$$$$$$$$..... Axiom34 31(2) - g1 f(1,2) + f(2,3) >= f(2) + f(1,2,3)
Step=56 $$$$$$$$$$$$$$$$$$$$$$$$$..... Axiom38 31(2,4) - g2 f(1,2,4) + f(2,3,4) >= f(0,1,2,3,4) + f(2,4)
Step=56 $$$$$$$$$$$$$$$$$$$$$$$$$..... Axiom29 30(1,4) - g2 f(0,1,4) + f(1,3,4) >= f(0,1,2,3,4) + f(1,4)
Step=56 $$$$$$$$$$$$$$$$$$$$$$$$$$.... Axiom13 20(1,4) - g2 f(0,1,4) + f(1,2,4) >= f(0,1,2,3,4) + f(1,4)
Step=56 $$$$$$$$$$$$$$$$$$$$$$$$$$.... Axiom49 40(1) - g1 f(0,1) + f(1,4) >= f(1) + f(0,1,4)
Step=56 $$$$$$$$$$$$$$$$$$$$$$$$$$.... Axiom9 20(1) - g1 f(0,1) + f(1,2) >= f(1) + f(0,1,2)
Step=56 $$$$$$$$$$$$$$$$$$$$$$$$$$.... Axiom27 30(1,2) - g2 f(0,1,2) + f(1,2,3) >= f(1,2) + f(0,1,2,3,4)
Step=56 $$$$$$$$$$$$$$$$$$$$$$$$$$.... Axiom21 21(0,4) - g2 f(0,1,4) + f(0,2,4) >= f(0,1,2,3,4) + f(0,4)
Step=56 $$$$$$$$$$$$$$$$$$$$$$$$$$.... Axiom52 40(3) - g1 f(0,3) + f(3,4) >= f(3) + f(0,3,4)
Step=56 $$$$$$$$$$$$$$$$$$$$$$$$$$.... Axiom63 41(0,2,3) - g3 f(0,1,2,3,4) >= f(0,2,3)
Step=56 $$$$$$$$$$$$$$$$$$$$$$$$$$.... Axiom36 31(4) - g1 f(1,4) + f(3,4) >= f(4) + f(1,3,4)
Step=56 $$$$$$$$$$$$$$$$$$$$$$$$$$.... Axiom65 42(0) - g1 f(0,2) + f(0,4) >= f(0) + f(0,2,4)
Step=56 $$$$$$$$$$$$$$$$$$$$$$$$$$.... Axiom78 43(1,2) - g2 f(1,2,3) + f(1,2,4) >= f(1,2) + f(0,1,2,3,4)
Step=56 $$$$$$$$$$$$$$$$$$$$$$$$$$.... Axiom45 32(0,4) - g2 f(0,2,4) + f(0,3,4) >= f(0,1,2,3,4) + f(0,4)
Step=56 $$$$$$$$$$$$$$$$$$$$$$$$$$.... Axiom75 43(0,1) - g2 f(0,1,3) + f(0,1,4) >= f(0,1) + f(0,1,2,3,4)
Step=56 $$$$$$$$$$$$$$$$$$$$$$$$$$.... Axiom11 20(1,3) - g2 f(0,1,3) + f(1,2,3) >= f(1,3) + f(0,1,2,3,4)
Step=56 $$$$$$$$$$$$$$$$$$$$$$$$$$.... Axiom20 21(4) - g1 f(1,4) + f(2,4) >= f(4) + f(1,2,4)
Step=56 $$$$$$$$$$$$$$$$$$$$$$$$$$.... Axiom25 30(1) - g1 f(0,1) + f(1,3) >= f(1) + f(0,1,3)
Step=56 $$$$$$$$$$$$$$$$$$$$$$$$$$.... Axiom50 40(2) - g1 f(0,2) + f(2,4) >= f(2) + f(0,2,4)
Step=56 $$$$$$$$$$$$$$$$$$$$$$$$$$.... Axiom26 30(2) - g1 f(0,2) + f(2,3) >= f(2) + f(0,2,3)
Step=56 $$$$$$$$$$$$$$$$$$$$$$$$$$$... Axiom19 21(0,3) - g2 f(0,1,3) + f(0,2,3) >= f(0,3) + f(0,1,2,3,4)
Step=56 $$$$$$$$$$$$$$$$$$$$$$$$$$$... Axiom41 32(0) - g1 f(0,2) + f(0,3) >= f(0) + f(0,2,3)
Step=56 $$$$$$$$$$$$$$$$$$$$$$$$$$$... Axiom70 42(1,3) - g2 f(1,2,3) + f(1,3,4) >= f(1,3) + f(0,1,2,3,4)
Step=56 $$$$$$$$$$$$$$$$$$$$$$$$$$$... Axiom28 30(4) - g1 f(0,4) + f(3,4) >= f(4) + f(0,3,4)
Step=56 $$$$$$$$$$$$$$$$$$$$$$$$$$$... Axiom67 42(0,1) - g2 f(0,1,2) + f(0,1,4) >= f(0,1) + f(0,1,2,3,4)
Step=56 $$$$$$$$$$$$$$$$$$$$$$$$$$$... Axiom42 32(1) - g1 f(1,2) + f(1,3) >= f(1) + f(1,2,3)
Step=56 $$$$$$$$$$$$$$$$$$$$$$$$$$$... Axiom77 43(0,2) - g2 f(0,2,3) + f(0,2,4) >= f(0,2) + f(0,1,2,3,4)
Step=56 $$$$$$$$$$$$$$$$$$$$$$$$$$$... Axiom18 21(3) - g1 f(1,3) + f(2,3) >= f(3) + f(1,2,3)
Step=56 $$$$$$$$$$$$$$$$$$$$$$$$$$$... Axiom69 42(0,3) - g2 f(0,2,3) + f(0,3,4) >= f(0,3) + f(0,1,2,3,4)
Step=56 $$$$$$$$$$$$$$$$$$$$$$$$$$$... Axiom43 32(0,1) - g2 f(0,1,2) + f(0,1,3) >= f(0,1) + f(0,1,2,3,4)
Step=56 $$$$$$$$$$$$$$$$$$$$$$$$$$$$.. Axiom10 20(3) - g1 f(0,3) + f(2,3) >= f(3) + f(0,2,3)
Step=56 $$$$$$$$$$$$$$$$$$$$$$$$$$$$.. Axiom53 40(1,3) - g2 f(0,1,3) + f(1,3,4) >= f(1,3) + f(0,1,2,3,4)
Step=56 $$$$$$$$$$$$$$$$$$$$$$$$$$$$.. Axiom62 41(2,3) - g2 f(1,2,3) + f(2,3,4) >= f(2,3) + f(0,1,2,3,4)
Step=56 $$$$$$$$$$$$$$$$$$$$$$$$$$$$.. Axiom51 40(1,2) - g2 f(0,1,2) + f(1,2,4) >= f(1,2) + f(0,1,2,3,4)
Step=56 $$$$$$$$$$$$$$$$$$$$$$$$$$$$.. Axiom54 40(2,3) - g2 f(0,2,3) + f(2,3,4) >= f(2,3) + f(0,1,2,3,4)
Step=56 $$$$$$$$$$$$$$$$$$$$$$$$$$$$.. Axiom37 31(0,4) - g2 f(0,1,4) + f(0,3,4) >= f(0,1,2,3,4) + f(0,4)
Step=56 $$$$$$$$$$$$$$$$$$$$$$$$$$$$.. Axiom12 20(4) - g1 f(0,4) + f(2,4) >= f(4) + f(0,2,4)
Step=56 $$$$$$$$$$$$$$$$$$$$$$$$$$$$.. Axiom61 41(0,3) - g2 f(0,1,3) + f(0,3,4) >= f(0,3) + f(0,1,2,3,4)
Step=56 $$$$$$$$$$$$$$$$$$$$$$$$$$$$$. Axiom59 41(0,2) - g2 f(0,1,2) + f(0,2,4) >= f(0,2) + f(0,1,2,3,4)
Step=56 $$$$$$$$$$$$$$$$$$$$$$$$$$$$$$ Axiom35 31(0,2) - g2 f(0,1,2) + f(0,2,3) >= f(0,2) + f(0,1,2,3,4)
