! VaryAxiom=6 NoInitialAxiomSet
Step=31 PrevRays=    29 ResultRays=    30 RayPairs=         2 NewAxiom=9 PrevAxioms=6,13,21,22,25,27,29,33,35,36,37,38,43,49,54,57,58,59,60,62,63,66,67,72,73,78,53,61,75,74,+9 MissingAxioms=0,1,2,3,4,5,7,8,10,11,12,14,15,16,17,18,19,20,23,24,26,28,30,31,32,34,39,40,41,42,44,45,46,47,48,50,51,52,55,56,64,65,68,69,70,71,76,77,79
Step=31 PrevRays=    29 ResultRays=    30 RayPairs=         2 NewAxiom=13 PrevAxioms=6,9,21,22,25,27,29,33,35,36,37,38,43,49,54,57,58,59,60,62,63,66,67,72,73,78,53,61,75,74,+13 MissingAxioms=0,1,2,3,4,5,7,8,10,11,12,14,15,16,17,18,19,20,23,24,26,28,30,31,32,34,39,40,41,42,44,45,46,47,48,50,51,52,55,56,64,65,68,69,70,71,76,77,79
! VaryAxiom=21 NoInitialAxiomSet
! VaryAxiom=22 NoInitialAxiomSet
Step=31 PrevRays=    30 ResultRays=    30 RayPairs=         4 NewAxiom=25 PrevAxioms=6,9,13,21,22,27,29,33,35,36,37,38,43,49,53,54,57,58,59,60,62,63,66,72,73,78,61,67,75,74,+25 MissingAxioms=0,1,2,3,4,5,7,8,10,11,12,14,15,16,17,18,19,20,23,24,26,28,30,31,32,34,39,40,41,42,44,45,46,47,48,50,51,52,55,56,64,65,68,69,70,71,76,77,79
! VaryAxiom=27 NoInitialAxiomSet
Step=31 PrevRays=    30 ResultRays=    30 RayPairs=         3 NewAxiom=29 PrevAxioms=6,9,13,21,22,25,27,33,35,36,37,38,43,49,53,54,57,58,59,60,62,63,66,72,73,78,61,67,75,74,+29 MissingAxioms=0,1,2,3,4,5,7,8,10,11,12,14,15,16,17,18,19,20,23,24,26,28,30,31,32,34,39,40,41,42,44,45,46,47,48,50,51,52,55,56,64,65,68,69,70,71,76,77,79
Step=31 PrevRays=    30 ResultRays=    30 RayPairs=         4 NewAxiom=33 PrevAxioms=6,9,13,21,22,25,27,29,35,36,37,38,43,49,54,57,58,59,60,61,62,63,66,72,73,78,53,67,75,74,+33 MissingAxioms=0,1,2,3,4,5,7,8,10,11,12,14,15,16,17,18,19,20,23,24,26,28,30,31,32,34,39,40,41,42,44,45,46,47,48,50,51,52,55,56,64,65,68,69,70,71,76,77,79
! VaryAxiom=35 NoInitialAxiomSet
! VaryAxiom=36 NoInitialAxiomSet
Step=31 PrevRays=    30 ResultRays=    30 RayPairs=         3 NewAxiom=37 PrevAxioms=6,9,13,21,22,25,27,29,33,35,36,38,43,49,54,57,58,59,60,61,62,63,66,72,73,78,53,67,75,74,+37 MissingAxioms=0,1,2,3,4,5,7,8,10,11,12,14,15,16,17,18,19,20,23,24,26,28,30,31,32,34,39,40,41,42,44,45,46,47,48,50,51,52,55,56,64,65,68,69,70,71,76,77,79
! VaryAxiom=38 NoInitialAxiomSet
! VaryAxiom=43 NoInitialAxiomSet
Step=31 PrevRays=    30 ResultRays=    30 RayPairs=         4 NewAxiom=49 PrevAxioms=6,9,13,21,22,25,27,29,33,35,36,37,38,43,53,54,57,58,59,60,62,63,66,72,73,78,61,67,75,74,+49 MissingAxioms=0,1,2,3,4,5,7,8,10,11,12,14,15,16,17,18,19,20,23,24,26,28,30,31,32,34,39,40,41,42,44,45,46,47,48,50,51,52,55,56,64,65,68,69,70,71,76,77,79
Step=31 PrevRays=    30 ResultRays=    30 RayPairs=         3 NewAxiom=53 PrevAxioms=6,9,13,21,22,25,27,29,33,35,36,37,38,43,49,54,57,58,59,60,62,63,66,72,73,78,61,67,75,74,+53 MissingAxioms=0,1,2,3,4,5,7,8,10,11,12,14,15,16,17,18,19,20,23,24,26,28,30,31,32,34,39,40,41,42,44,45,46,47,48,50,51,52,55,56,64,65,68,69,70,71,76,77,79
! VaryAxiom=54 NoInitialAxiomSet
Step=31 PrevRays=    30 ResultRays=    30 RayPairs=         4 NewAxiom=57 PrevAxioms=6,9,13,21,22,25,27,29,33,35,36,37,38,43,49,54,58,59,60,61,62,63,66,72,73,78,53,67,75,74,+57 MissingAxioms=0,1,2,3,4,5,7,8,10,11,12,14,15,16,17,18,19,20,23,24,26,28,30,31,32,34,39,40,41,42,44,45,46,47,48,50,51,52,55,56,64,65,68,69,70,71,76,77,79
! VaryAxiom=58 NoInitialAxiomSet
! VaryAxiom=59 NoInitialAxiomSet
! VaryAxiom=60 NoInitialAxiomSet
Step=31 PrevRays=    30 ResultRays=    30 RayPairs=         3 NewAxiom=61 PrevAxioms=6,9,13,21,22,25,27,29,33,35,36,37,38,43,49,54,57,58,59,60,62,63,66,72,73,78,53,67,75,74,+61 MissingAxioms=0,1,2,3,4,5,7,8,10,11,12,14,15,16,17,18,19,20,23,24,26,28,30,31,32,34,39,40,41,42,44,45,46,47,48,50,51,52,55,56,64,65,68,69,70,71,76,77,79
! VaryAxiom=62 NoInitialAxiomSet
! VaryAxiom=63 NoInitialAxiomSet
Step=31 PrevRays=    29 ResultRays=    30 RayPairs=         2 NewAxiom=66 PrevAxioms=6,9,13,21,22,25,27,29,33,35,36,37,38,43,49,54,57,58,59,60,62,63,67,72,73,78,53,61,75,74,+66 MissingAxioms=0,1,2,3,4,5,7,8,10,11,12,14,15,16,17,18,19,20,23,24,26,28,30,31,32,34,39,40,41,42,44,45,46,47,48,50,51,52,55,56,64,65,68,69,70,71,76,77,79
Step=31 PrevRays=    29 ResultRays=    30 RayPairs=         2 NewAxiom=67 PrevAxioms=6,9,13,21,22,25,27,29,33,35,36,37,38,43,49,54,57,58,59,60,62,63,66,72,73,78,53,61,75,74,+67 MissingAxioms=0,1,2,3,4,5,7,8,10,11,12,14,15,16,17,18,19,20,23,24,26,28,30,31,32,34,39,40,41,42,44,45,46,47,48,50,51,52,55,56,64,65,68,69,70,71,76,77,79
! VaryAxiom=72 NoInitialAxiomSet
Step=31 PrevRays=    29 ResultRays=    30 RayPairs=         3 NewAxiom=73 PrevAxioms=6,9,13,21,22,25,27,29,33,35,36,37,38,43,49,54,57,58,59,60,62,63,66,72,74,78,53,61,67,75,+73 MissingAxioms=0,1,2,3,4,5,7,8,10,11,12,14,15,16,17,18,19,20,23,24,26,28,30,31,32,34,39,40,41,42,44,45,46,47,48,50,51,52,55,56,64,65,68,69,70,71,76,77,79
Step=31 PrevRays=    29 ResultRays=    30 RayPairs=         3 NewAxiom=74 PrevAxioms=6,9,13,21,22,25,27,29,33,35,36,37,38,43,49,54,57,58,59,60,62,63,66,72,73,78,53,61,67,75,+74 MissingAxioms=0,1,2,3,4,5,7,8,10,11,12,14,15,16,17,18,19,20,23,24,26,28,30,31,32,34,39,40,41,42,44,45,46,47,48,50,51,52,55,56,64,65,68,69,70,71,76,77,79
Step=31 PrevRays=    31 ResultRays=    30 RayPairs=         4 NewAxiom=75 PrevAxioms=6,9,13,21,22,25,27,29,33,35,36,37,38,43,49,54,57,58,59,60,62,63,66,72,73,78,53,61,67,74,+75 MissingAxioms=0,1,2,3,4,5,7,8,10,11,12,14,15,16,17,18,19,20,23,24,26,28,30,31,32,34,39,40,41,42,44,45,46,47,48,50,51,52,55,56,64,65,68,69,70,71,76,77,79
! VaryAxiom=78 NoInitialAxiomSet

Ordered by number of ray pairs:
Step=31 ###############............... (min) Axiom9 20(1) - g1 f(0,1) + f(1,2) >= f(1) + f(0,1,2)
Step=31 ###############............... (min) Axiom13 20(1,4) - g2 f(0,1,4) + f(1,2,4) >= f(0,1,2,3,4) + f(1,4)
Step=31 ###############............... (min) Axiom66 42(1) - g1 f(1,2) + f(1,4) >= f(1) + f(1,2,4)
Step=31 ###############............... (min) Axiom67 42(0,1) - g2 f(0,1,2) + f(0,1,4) >= f(0,1) + f(0,1,2,3,4)
Step=31 #######################....... Axiom29 30(1,4) - g2 f(0,1,4) + f(1,3,4) >= f(0,1,2,3,4) + f(1,4)
Step=31 #######################....... Axiom37 31(0,4) - g2 f(0,1,4) + f(0,3,4) >= f(0,1,2,3,4) + f(0,4)
Step=31 #######################....... Axiom53 40(1,3) - g2 f(0,1,3) + f(1,3,4) >= f(1,3) + f(0,1,2,3,4)
Step=31 #######################....... Axiom61 41(0,3) - g2 f(0,1,3) + f(0,3,4) >= f(0,3) + f(0,1,2,3,4)
Step=31 #######################....... Axiom73 43(0) - g1 f(0,3) + f(0,4) >= f(0) + f(0,3,4)
Step=31 #######################....... Axiom74 43(1) - g1 f(1,3) + f(1,4) >= f(1) + f(1,3,4)
Step=31 ############################## Axiom25 30(1) - g1 f(0,1) + f(1,3) >= f(1) + f(0,1,3)
Step=31 ############################## Axiom33 31(0) - g1 f(0,1) + f(0,3) >= f(0) + f(0,1,3)
Step=31 ############################## Axiom49 40(1) - g1 f(0,1) + f(1,4) >= f(1) + f(0,1,4)
Step=31 ############################## Axiom57 41(0) - g1 f(0,1) + f(0,4) >= f(0) + f(0,1,4)
Step=31 ############################## Axiom75 43(0,1) - g2 f(0,1,3) + f(0,1,4) >= f(0,1) + f(0,1,2,3,4)

Ordered by number of previous rays:
Step=31 $$$$$$$$$$$$$$$$$$$$$$$$$$$$.. (min) Axiom9 20(1) - g1 f(0,1) + f(1,2) >= f(1) + f(0,1,2)
Step=31 $$$$$$$$$$$$$$$$$$$$$$$$$$$$.. (min) Axiom13 20(1,4) - g2 f(0,1,4) + f(1,2,4) >= f(0,1,2,3,4) + f(1,4)
Step=31 $$$$$$$$$$$$$$$$$$$$$$$$$$$$.. (min) Axiom66 42(1) - g1 f(1,2) + f(1,4) >= f(1) + f(1,2,4)
Step=31 $$$$$$$$$$$$$$$$$$$$$$$$$$$$.. (min) Axiom67 42(0,1) - g2 f(0,1,2) + f(0,1,4) >= f(0,1) + f(0,1,2,3,4)
Step=31 $$$$$$$$$$$$$$$$$$$$$$$$$$$$.. (min) Axiom73 43(0) - g1 f(0,3) + f(0,4) >= f(0) + f(0,3,4)
Step=31 $$$$$$$$$$$$$$$$$$$$$$$$$$$$.. (min) Axiom74 43(1) - g1 f(1,3) + f(1,4) >= f(1) + f(1,3,4)
Step=31 $$$$$$$$$$$$$$$$$$$$$$$$$$$$$. Axiom25 30(1) - g1 f(0,1) + f(1,3) >= f(1) + f(0,1,3)
Step=31 $$$$$$$$$$$$$$$$$$$$$$$$$$$$$. Axiom29 30(1,4) - g2 f(0,1,4) + f(1,3,4) >= f(0,1,2,3,4) + f(1,4)
Step=31 $$$$$$$$$$$$$$$$$$$$$$$$$$$$$. Axiom33 31(0) - g1 f(0,1) + f(0,3) >= f(0) + f(0,1,3)
Step=31 $$$$$$$$$$$$$$$$$$$$$$$$$$$$$. Axiom37 31(0,4) - g2 f(0,1,4) + f(0,3,4) >= f(0,1,2,3,4) + f(0,4)
Step=31 $$$$$$$$$$$$$$$$$$$$$$$$$$$$$. Axiom49 40(1) - g1 f(0,1) + f(1,4) >= f(1) + f(0,1,4)
Step=31 $$$$$$$$$$$$$$$$$$$$$$$$$$$$$. Axiom53 40(1,3) - g2 f(0,1,3) + f(1,3,4) >= f(1,3) + f(0,1,2,3,4)
Step=31 $$$$$$$$$$$$$$$$$$$$$$$$$$$$$. Axiom57 41(0) - g1 f(0,1) + f(0,4) >= f(0) + f(0,1,4)
Step=31 $$$$$$$$$$$$$$$$$$$$$$$$$$$$$. Axiom61 41(0,3) - g2 f(0,1,3) + f(0,3,4) >= f(0,3) + f(0,1,2,3,4)
Step=31 $$$$$$$$$$$$$$$$$$$$$$$$$$$$$$ Axiom75 43(0,1) - g2 f(0,1,3) + f(0,1,4) >= f(0,1) + f(0,1,2,3,4)
