! VaryAxiom=6 NoInitialAxiomSet
Step=60 PrevRays=  4833 ResultRays=  4967 RayPairs=   2364390 NewAxiom=9 PrevAxioms=6,10,11,12,13,14,15,17,18,20,22,25,26,27,28,29,33,36,41,45,49,50,57,65,72,73,19,21,23,37,69,77,35,53,34,43,38,31,42,70,55,75,61,46,63,52,67,54,62,30,59,79,78,58,51,66,74,39,60,+9 MissingAxioms=0,1,2,3,4,5,7,8,16,24,32,40,44,47,48,56,64,68,71,76 TotalTime=1.1
Step=60 PrevRays=  4882 ResultRays=  4967 RayPairs=   2742876 NewAxiom=10 PrevAxioms=6,9,11,12,13,14,15,17,18,19,20,22,25,26,28,29,33,36,41,45,49,50,57,65,72,73,21,23,27,35,37,43,42,34,46,30,39,54,51,59,67,63,77,69,79,66,53,38,31,78,75,74,61,58,62,60,70,55,52,+10 MissingAxioms=0,1,2,3,4,5,7,8,16,24,32,40,44,47,48,56,64,68,71,76 TotalTime=0.7
Step=60 PrevRays=  5101 ResultRays=  4967 RayPairs=   2213070 NewAxiom=11 PrevAxioms=6,9,10,12,13,14,15,17,18,19,20,22,25,26,28,29,33,36,41,45,49,50,57,65,72,73,21,23,35,37,43,51,53,69,77,38,70,75,61,63,74,31,46,52,60,62,67,66,42,78,54,30,55,79,27,34,59,39,58,+11 MissingAxioms=0,1,2,3,4,5,7,8,16,24,32,40,44,47,48,56,64,68,71,76 TotalTime=1.1
Step=60 PrevRays=  4882 ResultRays=  4967 RayPairs=   2742876 NewAxiom=12 PrevAxioms=6,9,10,11,13,14,15,17,18,20,21,22,25,26,28,29,33,36,41,45,49,50,57,65,72,73,19,23,37,51,59,67,77,66,38,53,69,61,27,75,70,74,58,39,55,35,43,42,79,78,63,31,54,52,62,30,34,46,60,+12 MissingAxioms=0,1,2,3,4,5,7,8,16,24,32,40,44,47,48,56,64,68,71,76 TotalTime=0.9
Step=60 PrevRays=  5101 ResultRays=  4967 RayPairs=   2213070 NewAxiom=13 PrevAxioms=6,9,10,11,12,14,15,17,18,20,21,22,25,26,28,29,33,36,41,45,49,50,57,65,72,73,19,23,37,59,67,77,27,69,30,54,61,38,53,43,42,75,74,70,39,52,63,79,46,31,60,35,62,78,55,66,51,58,34,+13 MissingAxioms=0,1,2,3,4,5,7,8,16,24,32,40,44,47,48,56,64,68,71,76 TotalTime=0.6
Step=60 PrevRays=  4765 ResultRays=  4967 RayPairs=   1587248 NewAxiom=14 PrevAxioms=6,9,10,11,12,13,15,17,18,20,22,23,25,26,28,29,33,36,41,45,49,50,57,65,72,73,19,21,37,69,77,27,59,61,53,67,38,70,51,66,75,74,63,79,52,43,42,58,35,39,54,30,31,55,62,34,78,46,60,+14 MissingAxioms=0,1,2,3,4,5,7,8,16,24,32,40,44,47,48,56,64,68,71,76 TotalTime=1.0
Step=60 PrevRays=  4648 ResultRays=  4967 RayPairs=   2245632 NewAxiom=15 PrevAxioms=6,9,10,11,12,13,14,17,18,20,22,23,25,26,28,29,33,36,41,45,49,50,57,65,72,73,19,21,37,69,77,27,59,61,30,54,67,75,53,43,52,74,70,39,42,38,51,58,31,55,35,79,63,62,78,34,60,66,46,+15 MissingAxioms=0,1,2,3,4,5,7,8,16,24,32,40,44,47,48,56,64,68,71,76 TotalTime=1.0
Step=60 PrevRays=  4833 ResultRays=  4967 RayPairs=   2364390 NewAxiom=17 PrevAxioms=6,9,10,11,12,13,14,15,18,20,22,25,26,28,29,33,34,36,41,45,49,50,57,65,72,73,19,21,23,37,69,77,27,61,35,75,30,39,54,51,79,38,43,70,63,52,53,74,31,59,67,60,62,55,78,42,58,66,46,+17 MissingAxioms=0,1,2,3,4,5,7,8,16,24,32,40,44,47,48,56,64,68,71,76 TotalTime=1.0
Step=60 PrevRays=  4882 ResultRays=  4967 RayPairs=   2742876 NewAxiom=18 PrevAxioms=6,9,10,11,12,13,14,15,17,19,20,22,25,26,28,29,33,36,41,45,49,50,57,65,72,73,21,23,27,35,37,43,42,34,46,30,39,54,51,59,67,52,63,77,69,79,66,53,61,60,75,31,38,78,55,62,58,70,74,+18 MissingAxioms=0,1,2,3,4,5,7,8,16,24,32,40,44,47,48,56,64,68,71,76 TotalTime=0.9
Step=60 PrevRays=  5101 ResultRays=  4967 RayPairs=   2213070 NewAxiom=19 PrevAxioms=6,9,10,11,12,13,14,15,17,18,20,22,25,26,28,29,33,36,41,45,49,50,57,65,72,73,21,23,27,37,69,77,59,61,30,54,67,75,51,52,39,70,74,53,55,31,58,38,62,34,35,79,63,43,42,78,66,46,60,+19 MissingAxioms=0,1,2,3,4,5,7,8,16,24,32,40,44,47,48,56,64,68,71,76 TotalTime=1.1
Step=60 PrevRays=  4882 ResultRays=  4967 RayPairs=   2742876 NewAxiom=20 PrevAxioms=6,9,10,11,12,13,14,15,17,18,21,22,25,26,28,29,33,36,41,45,49,50,57,65,72,73,19,23,37,51,59,67,77,66,30,61,54,69,27,75,53,43,52,58,74,63,79,70,35,42,39,55,78,62,31,38,34,46,60,+20 MissingAxioms=0,1,2,3,4,5,7,8,16,24,32,40,44,47,48,56,64,68,71,76 TotalTime=0.8
Step=60 PrevRays=  5101 ResultRays=  4967 RayPairs=   2213070 NewAxiom=21 PrevAxioms=6,9,10,11,12,13,14,15,17,18,20,22,25,26,28,29,33,36,41,45,49,50,57,65,72,73,19,23,37,51,69,77,35,30,43,53,38,54,42,61,75,27,70,63,52,74,31,55,62,46,66,78,67,79,59,58,34,39,60,+21 MissingAxioms=0,1,2,3,4,5,7,8,16,24,32,40,44,47,48,56,64,68,71,76 TotalTime=0.9
Step=60 PrevRays=  4765 ResultRays=  4967 RayPairs=   1587248 NewAxiom=22 PrevAxioms=6,9,10,11,12,13,14,15,17,18,20,23,25,26,28,29,33,36,41,45,49,50,57,65,72,73,19,21,37,69,77,27,59,61,30,54,67,75,53,70,52,74,39,63,35,60,43,31,79,55,51,38,66,58,42,78,62,34,46,+22 MissingAxioms=0,1,2,3,4,5,7,8,16,24,32,40,44,47,48,56,64,68,71,76 TotalTime=0.9
Step=60 PrevRays=  4648 ResultRays=  4967 RayPairs=   2245632 NewAxiom=23 PrevAxioms=6,9,10,11,12,13,14,15,17,18,20,22,25,26,28,29,33,36,41,45,49,50,57,65,72,73,19,21,37,69,77,27,59,61,30,54,67,75,53,43,52,74,70,42,38,51,58,31,39,55,35,79,63,62,34,78,66,46,60,+23 MissingAxioms=0,1,2,3,4,5,7,8,16,24,32,40,44,47,48,56,64,68,71,76 TotalTime=1.1
Step=60 PrevRays=  4617 ResultRays=  4967 RayPairs=   1677540 NewAxiom=25 PrevAxioms=6,9,10,11,12,13,14,15,17,18,20,22,26,27,28,29,33,36,41,45,49,50,57,65,72,73,19,21,23,37,69,77,35,51,34,43,38,42,61,75,70,31,63,39,55,67,52,54,62,30,79,78,58,59,60,53,74,66,46,+25 MissingAxioms=0,1,2,3,4,5,7,8,16,24,32,40,44,47,48,56,64,68,71,76 TotalTime=1.2
Step=60 PrevRays=  4668 ResultRays=  4967 RayPairs=   2235030 NewAxiom=26 PrevAxioms=6,9,10,11,12,13,14,15,17,18,20,22,25,28,29,33,34,36,41,45,49,50,57,65,72,73,19,21,23,37,69,77,27,59,61,30,67,75,53,43,74,70,38,42,51,58,62,60,55,31,35,39,79,78,63,54,66,46,52,+26 MissingAxioms=0,1,2,3,4,5,7,8,16,24,32,40,44,47,48,56,64,68,71,76 TotalTime=0.9
Step=60 PrevRays=  5253 ResultRays=  4967 RayPairs=   2040546 NewAxiom=27 PrevAxioms=6,9,10,11,12,13,14,15,17,18,20,22,25,26,28,29,33,36,41,45,49,50,57,65,72,73,19,21,23,37,69,77,35,51,43,53,38,42,61,75,70,74,63,30,54,52,39,59,58,67,31,79,60,55,62,78,66,46,34,+27 MissingAxioms=0,1,2,3,4,5,7,8,16,24,32,40,44,47,48,56,64,68,71,76 TotalTime=0.9
Step=60 PrevRays=  4820 ResultRays=  4967 RayPairs=   2685593 NewAxiom=28 PrevAxioms=6,9,10,11,12,13,14,15,17,18,20,22,25,26,29,30,33,36,41,45,49,50,57,65,72,73,19,21,23,53,54,69,77,35,43,51,38,42,27,31,39,79,67,59,63,78,66,55,62,60,34,52,61,75,37,58,74,70,46,+28 MissingAxioms=0,1,2,3,4,5,7,8,16,24,32,40,44,47,48,56,64,68,71,76 TotalTime=1.2
Step=60 PrevRays=  5157 ResultRays=  4967 RayPairs=   2260860 NewAxiom=29 PrevAxioms=6,9,10,11,12,13,14,15,17,18,20,22,25,26,28,31,33,36,41,45,49,50,57,65,72,73,19,21,23,69,77,27,59,67,30,54,43,42,35,52,60,62,34,51,55,53,79,78,38,63,61,39,75,58,66,37,70,46,74,+29 MissingAxioms=0,1,2,3,4,5,7,8,16,24,32,40,44,47,48,56,64,68,71,76 TotalTime=1.2
Step=60 PrevRays=  4754 ResultRays=  4967 RayPairs=   1435320 NewAxiom=30 PrevAxioms=6,9,10,11,12,13,14,15,17,18,20,22,25,26,28,29,33,36,41,45,49,50,57,65,72,73,19,21,23,37,69,77,27,59,61,53,67,46,75,74,38,51,66,63,58,54,52,43,79,42,35,39,31,78,55,62,34,70,60,+30 MissingAxioms=0,1,2,3,4,5,7,8,16,24,32,40,44,47,48,56,64,68,71,76 TotalTime=0.9
Step=60 PrevRays=  4713 ResultRays=  4967 RayPairs=   2173640 NewAxiom=31 PrevAxioms=6,9,10,11,12,13,14,15,17,18,20,22,25,26,28,29,33,36,41,45,49,50,57,65,72,73,19,21,23,37,69,77,27,59,61,30,54,67,75,53,43,52,74,70,39,42,63,51,66,38,58,35,79,55,62,34,78,46,60,+31 MissingAxioms=0,1,2,3,4,5,7,8,16,24,32,40,44,47,48,56,64,68,71,76 TotalTime=0.9
Step=60 PrevRays=  4617 ResultRays=  4967 RayPairs=   1677540 NewAxiom=33 PrevAxioms=6,9,10,11,12,13,14,15,17,18,20,22,25,26,28,29,34,36,41,45,49,50,57,65,72,73,19,21,23,37,69,77,27,59,35,67,30,53,43,70,39,54,63,51,79,52,38,42,31,66,62,78,55,75,58,61,74,46,60,+33 MissingAxioms=0,1,2,3,4,5,7,8,16,24,32,40,44,47,48,56,64,68,71,76 TotalTime=1.1
Step=60 PrevRays=  4668 ResultRays=  4967 RayPairs=   2235030 NewAxiom=34 PrevAxioms=6,9,10,11,12,13,14,15,17,18,20,22,25,26,28,29,33,36,41,45,49,50,57,65,72,73,19,21,23,37,69,77,27,59,61,30,54,67,75,53,43,52,74,70,39,42,63,51,66,38,58,35,79,31,55,62,78,46,60,+34 MissingAxioms=0,1,2,3,4,5,7,8,16,24,32,40,44,47,48,56,64,68,71,76 TotalTime=0.8
Step=60 PrevRays=  5253 ResultRays=  4967 RayPairs=   2040546 NewAxiom=35 PrevAxioms=6,9,10,11,12,13,14,15,17,18,20,22,25,26,28,29,33,36,41,45,49,50,57,65,72,73,19,21,23,37,69,77,27,59,61,30,54,67,75,53,43,52,74,70,39,42,63,51,66,38,58,79,31,55,62,78,34,46,60,+35 MissingAxioms=0,1,2,3,4,5,7,8,16,24,32,40,44,47,48,56,64,68,71,76 TotalTime=0.9
Step=60 PrevRays=  4820 ResultRays=  4967 RayPairs=   2685593 NewAxiom=36 PrevAxioms=6,9,10,11,12,13,14,15,17,18,20,22,25,26,28,29,33,37,41,45,49,50,57,65,72,73,19,21,23,53,61,69,75,74,27,59,77,30,54,67,39,52,60,63,46,35,43,34,51,66,62,55,79,31,38,58,78,42,70,+36 MissingAxioms=0,1,2,3,4,5,7,8,16,24,32,40,44,47,48,56,64,68,71,76 TotalTime=0.9
Step=60 PrevRays=  5157 ResultRays=  4967 RayPairs=   2260860 NewAxiom=37 PrevAxioms=6,9,10,11,12,13,14,15,17,18,20,22,25,26,28,29,33,36,41,45,49,50,57,65,72,73,19,21,23,53,69,77,35,43,51,38,42,30,54,27,31,39,79,67,59,63,66,78,55,75,52,62,58,34,70,74,61,46,60,+37 MissingAxioms=0,1,2,3,4,5,7,8,16,24,32,40,44,47,48,56,64,68,71,76 TotalTime=1.1
Step=60 PrevRays=  4754 ResultRays=  4967 RayPairs=   1435320 NewAxiom=38 PrevAxioms=6,9,10,11,12,13,14,15,17,18,20,22,25,26,28,29,33,36,41,45,49,50,57,65,72,73,19,21,23,37,69,77,27,59,61,30,54,67,75,53,43,52,74,70,39,42,63,51,66,58,79,35,55,78,62,31,46,34,60,+38 MissingAxioms=0,1,2,3,4,5,7,8,16,24,32,40,44,47,48,56,64,68,71,76 TotalTime=0.8
Step=60 PrevRays=  4713 ResultRays=  4967 RayPairs=   2173640 NewAxiom=39 PrevAxioms=6,9,10,11,12,13,14,15,17,18,20,22,25,26,28,29,33,36,41,45,49,50,57,65,72,73,19,21,23,37,69,77,27,59,61,30,54,67,75,53,43,52,74,70,42,63,79,35,38,51,58,66,31,78,55,62,34,46,60,+39 MissingAxioms=0,1,2,3,4,5,7,8,16,24,32,40,44,47,48,56,64,68,71,76 TotalTime=0.9
Step=60 PrevRays=  4745 ResultRays=  4967 RayPairs=   2244502 NewAxiom=41 PrevAxioms=6,9,10,11,12,13,14,15,17,18,20,22,25,26,28,29,33,36,42,45,49,50,57,65,72,73,19,21,23,37,27,43,59,67,75,61,30,54,53,69,77,74,70,63,79,52,39,31,60,62,55,51,38,66,78,58,35,34,46,+41 MissingAxioms=0,1,2,3,4,5,7,8,16,24,32,40,44,47,48,56,64,68,71,76 TotalTime=0.8
Step=60 PrevRays=  4745 ResultRays=  4967 RayPairs=   2244502 NewAxiom=42 PrevAxioms=6,9,10,11,12,13,14,15,17,18,20,22,25,26,28,29,33,36,41,45,49,50,57,65,72,73,19,21,23,37,69,77,27,59,61,30,54,67,75,53,43,52,74,70,39,79,60,62,55,31,51,38,66,78,58,34,35,63,46,+42 MissingAxioms=0,1,2,3,4,5,7,8,16,24,32,40,44,47,48,56,64,68,71,76 TotalTime=0.8
Step=60 PrevRays=  4723 ResultRays=  4967 RayPairs=    929632 NewAxiom=43 PrevAxioms=6,9,10,11,12,13,14,15,17,18,20,22,25,26,28,29,33,36,41,45,49,50,57,65,72,73,19,21,23,37,69,77,27,59,61,30,54,67,75,53,63,52,79,35,74,70,60,38,31,51,55,66,62,78,34,58,39,42,46,+43 MissingAxioms=0,1,2,3,4,5,7,8,16,24,32,40,44,47,48,56,64,68,71,76 TotalTime=0.7
Step=60 PrevRays=  4925 ResultRays=  4967 RayPairs=   2546670 NewAxiom=45 PrevAxioms=6,9,10,11,12,13,14,15,17,18,20,22,25,26,28,29,33,36,41,46,49,50,57,65,72,73,19,21,23,37,27,59,67,75,61,30,54,53,43,74,35,52,60,39,42,78,63,38,66,70,62,34,31,55,51,79,77,58,69,+45 MissingAxioms=0,1,2,3,4,5,7,8,16,24,32,40,44,47,48,56,64,68,71,76 TotalTime=0.8
Step=60 PrevRays=  4925 ResultRays=  4967 RayPairs=   2546670 NewAxiom=46 PrevAxioms=6,9,10,11,12,13,14,15,17,18,20,22,25,26,28,29,33,36,41,45,49,50,57,65,72,73,19,21,23,37,69,77,27,59,61,30,54,67,75,53,43,52,74,70,39,42,63,51,66,38,58,35,79,31,55,62,78,34,60,+46 MissingAxioms=0,1,2,3,4,5,7,8,16,24,32,40,44,47,48,56,64,68,71,76 TotalTime=0.8
Step=60 PrevRays=  4617 ResultRays=  4967 RayPairs=   1677540 NewAxiom=49 PrevAxioms=6,9,10,11,12,13,14,15,17,18,20,22,25,26,28,29,33,36,41,45,50,51,57,65,72,73,19,21,23,37,69,77,27,59,58,75,67,30,54,61,63,52,74,39,70,35,34,31,79,43,38,62,42,55,78,53,60,66,46,+49 MissingAxioms=0,1,2,3,4,5,7,8,16,24,32,40,44,47,48,56,64,68,71,76 TotalTime=0.9
Step=60 PrevRays=  4668 ResultRays=  4967 RayPairs=   2235030 NewAxiom=50 PrevAxioms=6,9,10,11,12,13,14,15,17,18,20,22,25,26,28,29,33,36,41,45,49,52,57,65,72,73,19,21,23,37,69,77,27,59,61,30,67,75,53,54,43,74,63,79,60,35,62,34,51,66,39,46,55,58,38,31,78,42,70,+50 MissingAxioms=0,1,2,3,4,5,7,8,16,24,32,40,44,47,48,56,64,68,71,76 TotalTime=0.9
Step=60 PrevRays=  5253 ResultRays=  4967 RayPairs=   2040546 NewAxiom=51 PrevAxioms=6,9,10,11,12,13,14,15,17,18,20,22,25,26,28,29,33,36,41,45,49,50,57,65,72,73,19,21,23,37,69,77,27,59,61,30,54,67,75,53,43,52,74,70,39,42,63,38,66,79,58,35,55,62,34,78,31,46,60,+51 MissingAxioms=0,1,2,3,4,5,7,8,16,24,32,40,44,47,48,56,64,68,71,76 TotalTime=1.0
Step=60 PrevRays=  4820 ResultRays=  4967 RayPairs=   2685593 NewAxiom=52 PrevAxioms=6,9,10,11,12,13,14,15,17,18,20,22,25,26,28,29,33,36,41,45,49,50,57,65,72,73,19,21,23,37,69,77,27,59,61,30,54,67,75,53,43,74,70,39,42,55,38,31,51,58,35,79,63,62,60,78,34,66,46,+52 MissingAxioms=0,1,2,3,4,5,7,8,16,24,32,40,44,47,48,56,64,68,71,76 TotalTime=1.0
Step=60 PrevRays=  5157 ResultRays=  4967 RayPairs=   2260860 NewAxiom=53 PrevAxioms=6,9,10,11,12,13,14,15,17,18,20,22,25,26,28,29,33,36,41,45,49,50,57,65,72,73,19,21,23,37,69,77,27,59,61,30,54,67,75,51,66,63,38,52,79,58,43,74,42,35,39,34,70,62,55,78,46,31,60,+53 MissingAxioms=0,1,2,3,4,5,7,8,16,24,32,40,44,47,48,56,64,68,71,76 TotalTime=1.0
Step=60 PrevRays=  4754 ResultRays=  4967 RayPairs=   1435320 NewAxiom=54 PrevAxioms=6,9,10,11,12,13,14,15,17,18,20,22,25,26,28,29,33,36,41,45,49,50,57,65,72,73,19,21,23,37,69,77,27,59,61,30,67,75,53,43,52,74,70,39,42,63,38,51,66,58,35,79,31,55,78,62,34,46,60,+54 MissingAxioms=0,1,2,3,4,5,7,8,16,24,32,40,44,47,48,56,64,68,71,76 TotalTime=0.8
Step=60 PrevRays=  4713 ResultRays=  4967 RayPairs=   2173640 NewAxiom=55 PrevAxioms=6,9,10,11,12,13,14,15,17,18,20,22,25,26,28,29,33,36,41,45,49,50,57,65,72,73,19,21,23,37,69,77,27,59,61,30,54,67,75,53,43,52,74,70,39,42,63,51,66,38,58,35,79,31,34,62,78,46,60,+55 MissingAxioms=0,1,2,3,4,5,7,8,16,24,32,40,44,47,48,56,64,68,71,76 TotalTime=0.9
Step=60 PrevRays=  4617 ResultRays=  4967 RayPairs=   1677540 NewAxiom=57 PrevAxioms=6,9,10,11,12,13,14,15,17,18,20,22,25,26,28,29,33,36,41,45,49,50,58,65,72,73,19,21,23,37,69,77,27,35,43,53,38,42,31,75,70,74,55,51,59,62,60,67,30,54,78,79,63,34,61,46,39,66,52,+57 MissingAxioms=0,1,2,3,4,5,7,8,16,24,32,40,44,47,48,56,64,68,71,76 TotalTime=1.0
Step=60 PrevRays=  4668 ResultRays=  4967 RayPairs=   2235030 NewAxiom=58 PrevAxioms=6,9,10,11,12,13,14,15,17,18,20,22,25,26,28,29,33,36,41,45,49,50,57,65,72,73,19,21,23,37,69,77,27,59,61,30,54,67,75,53,43,52,74,70,39,42,63,51,66,38,79,35,31,60,62,55,78,34,46,+58 MissingAxioms=0,1,2,3,4,5,7,8,16,24,32,40,44,47,48,56,64,68,71,76 TotalTime=0.7
Step=60 PrevRays=  5253 ResultRays=  4967 RayPairs=   2040546 NewAxiom=59 PrevAxioms=6,9,10,11,12,13,14,15,17,18,20,22,25,26,28,29,33,36,41,45,49,50,57,65,72,73,19,21,23,37,69,77,27,61,67,75,30,54,53,43,35,52,60,63,46,62,42,31,55,38,51,66,34,58,39,79,78,74,70,+59 MissingAxioms=0,1,2,3,4,5,7,8,16,24,32,40,44,47,48,56,64,68,71,76 TotalTime=0.9
Step=60 PrevRays=  4820 ResultRays=  4967 RayPairs=   2685593 NewAxiom=60 PrevAxioms=6,9,10,11,12,13,14,15,17,18,20,22,25,26,28,29,33,36,41,45,49,50,57,65,72,73,19,21,23,37,69,77,27,59,61,30,54,67,75,53,43,52,74,70,39,42,63,51,66,38,58,35,79,31,55,62,78,34,46,+60 MissingAxioms=0,1,2,3,4,5,7,8,16,24,32,40,44,47,48,56,64,68,71,76 TotalTime=0.9
Step=60 PrevRays=  5157 ResultRays=  4967 RayPairs=   2260860 NewAxiom=61 PrevAxioms=6,9,10,11,12,13,14,15,17,18,20,22,25,26,28,29,33,36,41,45,49,50,57,65,72,73,19,21,23,37,69,77,27,59,67,75,30,54,53,43,42,74,70,39,52,51,58,38,63,31,35,79,55,62,34,78,66,46,60,+61 MissingAxioms=0,1,2,3,4,5,7,8,16,24,32,40,44,47,48,56,64,68,71,76 TotalTime=1.1
Step=60 PrevRays=  4754 ResultRays=  4967 RayPairs=   1435320 NewAxiom=62 PrevAxioms=6,9,10,11,12,13,14,15,17,18,20,22,25,26,28,29,33,36,41,45,49,50,57,65,72,73,19,21,23,37,69,77,27,59,61,30,54,67,75,53,43,52,74,70,39,42,63,51,66,38,58,35,79,31,55,78,34,46,60,+62 MissingAxioms=0,1,2,3,4,5,7,8,16,24,32,40,44,47,48,56,64,68,71,76 TotalTime=0.8
Step=60 PrevRays=  4713 ResultRays=  4967 RayPairs=   2173640 NewAxiom=63 PrevAxioms=6,9,10,11,12,13,14,15,17,18,20,22,25,26,28,29,33,36,41,45,49,50,57,65,72,73,19,21,23,37,69,77,27,59,61,30,54,67,75,53,43,52,74,70,39,42,51,58,38,31,55,35,79,78,62,34,66,46,60,+63 MissingAxioms=0,1,2,3,4,5,7,8,16,24,32,40,44,47,48,56,64,68,71,76 TotalTime=0.9
Step=60 PrevRays=  4745 ResultRays=  4967 RayPairs=   2244502 NewAxiom=65 PrevAxioms=6,9,10,11,12,13,14,15,17,18,20,22,25,26,28,29,33,36,41,45,49,50,57,66,72,73,19,21,23,37,77,27,59,61,30,54,75,53,43,52,74,63,79,39,42,51,67,38,58,35,69,31,78,55,62,34,70,46,60,+65 MissingAxioms=0,1,2,3,4,5,7,8,16,24,32,40,44,47,48,56,64,68,71,76 TotalTime=0.9
Step=60 PrevRays=  4745 ResultRays=  4967 RayPairs=   2244502 NewAxiom=66 PrevAxioms=6,9,10,11,12,13,14,15,17,18,20,22,25,26,28,29,33,36,41,45,49,50,57,65,72,73,19,21,23,37,69,77,27,59,61,30,54,67,75,53,43,52,74,70,39,42,63,51,58,38,31,35,79,55,62,34,78,46,60,+66 MissingAxioms=0,1,2,3,4,5,7,8,16,24,32,40,44,47,48,56,64,68,71,76 TotalTime=1.0
Step=60 PrevRays=  4723 ResultRays=  4967 RayPairs=    929632 NewAxiom=67 PrevAxioms=6,9,10,11,12,13,14,15,17,18,20,22,25,26,28,29,33,36,41,45,49,50,57,65,72,73,19,21,23,37,69,77,27,59,61,30,54,75,53,43,70,74,52,63,79,35,42,39,60,62,55,51,31,38,78,66,58,34,46,+67 MissingAxioms=0,1,2,3,4,5,7,8,16,24,32,40,44,47,48,56,64,68,71,76 TotalTime=0.6
Step=60 PrevRays=  4925 ResultRays=  4967 RayPairs=   2546670 NewAxiom=69 PrevAxioms=6,9,10,11,12,13,14,15,17,18,20,22,25,26,28,29,33,36,41,45,49,50,57,65,72,73,19,21,23,37,77,27,59,67,61,30,54,75,53,43,52,74,63,79,35,60,62,42,51,66,39,34,46,31,38,70,55,58,78,+69 MissingAxioms=0,1,2,3,4,5,7,8,16,24,32,40,44,47,48,56,64,68,71,76 TotalTime=0.8
Step=60 PrevRays=  4925 ResultRays=  4967 RayPairs=   2546670 NewAxiom=70 PrevAxioms=6,9,10,11,12,13,14,15,17,18,20,22,25,26,28,29,33,36,41,45,49,50,57,65,72,73,19,21,23,37,69,77,27,59,61,30,54,67,75,53,43,52,74,63,79,60,38,31,42,62,55,51,78,35,66,39,34,58,46,+70 MissingAxioms=0,1,2,3,4,5,7,8,16,24,32,40,44,47,48,56,64,68,71,76 TotalTime=0.8
! VaryAxiom=72 NoInitialAxiomSet
Step=60 PrevRays=  4773 ResultRays=  4967 RayPairs=   2300032 NewAxiom=73 PrevAxioms=6,9,10,11,12,13,14,15,17,18,20,22,25,26,28,29,33,36,41,45,49,50,57,65,72,74,19,21,23,37,69,27,59,61,30,54,67,53,75,43,52,35,63,39,60,46,31,62,42,51,78,38,55,79,77,66,58,70,34,+73 MissingAxioms=0,1,2,3,4,5,7,8,16,24,32,40,44,47,48,56,64,68,71,76 TotalTime=0.8
Step=60 PrevRays=  4773 ResultRays=  4967 RayPairs=   2300032 NewAxiom=74 PrevAxioms=6,9,10,11,12,13,14,15,17,18,20,22,25,26,28,29,33,36,41,45,49,50,57,65,72,73,19,21,23,37,69,77,27,59,61,30,54,67,75,53,43,52,35,63,79,60,39,62,42,51,66,34,38,78,31,55,58,46,70,+74 MissingAxioms=0,1,2,3,4,5,7,8,16,24,32,40,44,47,48,56,64,68,71,76 TotalTime=0.8
Step=60 PrevRays=  4979 ResultRays=  4967 RayPairs=   1477845 NewAxiom=75 PrevAxioms=6,9,10,11,12,13,14,15,17,18,20,22,25,26,28,29,33,36,41,45,49,50,57,65,72,73,19,21,23,37,69,77,27,59,61,30,54,67,53,43,52,35,63,79,60,39,62,42,55,51,78,31,38,66,34,58,74,46,70,+75 MissingAxioms=0,1,2,3,4,5,7,8,16,24,32,40,44,47,48,56,64,68,71,76 TotalTime=0.8
Step=60 PrevRays=  5392 ResultRays=  4967 RayPairs=   2932488 NewAxiom=77 PrevAxioms=6,9,10,11,12,13,14,15,17,18,20,22,25,26,28,29,33,36,41,45,49,50,57,65,72,73,19,21,23,37,69,27,59,75,61,30,54,67,53,43,74,52,35,63,39,60,46,62,42,51,66,34,79,55,38,31,78,58,70,+77 MissingAxioms=0,1,2,3,4,5,7,8,16,24,32,40,44,47,48,56,64,68,71,76 TotalTime=0.9
Step=60 PrevRays=  5392 ResultRays=  4967 RayPairs=   2932488 NewAxiom=78 PrevAxioms=6,9,10,11,12,13,14,15,17,18,20,22,25,26,28,29,33,36,41,45,49,50,57,65,72,73,19,21,23,37,69,77,27,59,61,30,54,67,75,53,43,52,74,70,39,42,63,51,66,38,58,35,79,31,55,62,34,46,60,+78 MissingAxioms=0,1,2,3,4,5,7,8,16,24,32,40,44,47,48,56,64,68,71,76 TotalTime=0.9
Step=60 PrevRays=  3951 ResultRays=  4967 RayPairs=    626958 NewAxiom=79 PrevAxioms=6,9,10,11,12,13,14,15,17,18,20,22,25,26,28,29,33,36,41,45,49,50,57,65,72,73,19,21,23,37,69,77,27,59,61,30,54,67,75,53,43,52,74,70,39,42,63,51,66,38,58,35,31,55,62,78,34,46,60,+79 MissingAxioms=0,1,2,3,4,5,7,8,16,24,32,40,44,47,48,56,64,68,71,76 TotalTime=0.7

Ordered by number of ray pairs:
Step=60 ######........................ (min) Axiom79 43(0,1,2) - g3 f(0,1,2,3,4) >= f(0,1,2)
Step=60 ##########.................... Axiom43 32(0,1) - g2 f(0,1,2) + f(0,1,3) >= f(0,1) + f(0,1,2,3,4)
Step=60 ##########.................... Axiom67 42(0,1) - g2 f(0,1,2) + f(0,1,4) >= f(0,1) + f(0,1,2,3,4)
Step=60 ###############............... Axiom30 30(2,4) - g2 f(0,2,4) + f(2,3,4) >= f(0,1,2,3,4) + f(2,4)
Step=60 ###############............... Axiom38 31(2,4) - g2 f(1,2,4) + f(2,3,4) >= f(0,1,2,3,4) + f(2,4)
Step=60 ###############............... Axiom54 40(2,3) - g2 f(0,2,3) + f(2,3,4) >= f(2,3) + f(0,1,2,3,4)
Step=60 ###############............... Axiom62 41(2,3) - g2 f(1,2,3) + f(2,3,4) >= f(2,3) + f(0,1,2,3,4)
Step=60 ###############............... Axiom75 43(0,1) - g2 f(0,1,3) + f(0,1,4) >= f(0,1) + f(0,1,2,3,4)
Step=60 ################.............. Axiom14 20(3,4) - g2 f(0,3,4) + f(2,3,4) >= f(0,1,2,3,4) + f(3,4)
Step=60 ################.............. Axiom22 21(3,4) - g2 f(1,3,4) + f(2,3,4) >= f(0,1,2,3,4) + f(3,4)
Step=60 #################............. Axiom25 30(1) - g1 f(0,1) + f(1,3) >= f(1) + f(0,1,3)
Step=60 #################............. Axiom33 31(0) - g1 f(0,1) + f(0,3) >= f(0) + f(0,1,3)
Step=60 #################............. Axiom49 40(1) - g1 f(0,1) + f(1,4) >= f(1) + f(0,1,4)
Step=60 #################............. Axiom57 41(0) - g1 f(0,1) + f(0,4) >= f(0) + f(0,1,4)
Step=60 #####################......... Axiom27 30(1,2) - g2 f(0,1,2) + f(1,2,3) >= f(1,2) + f(0,1,2,3,4)
Step=60 #####################......... Axiom35 31(0,2) - g2 f(0,1,2) + f(0,2,3) >= f(0,2) + f(0,1,2,3,4)
Step=60 #####################......... Axiom51 40(1,2) - g2 f(0,1,2) + f(1,2,4) >= f(1,2) + f(0,1,2,3,4)
Step=60 #####################......... Axiom59 41(0,2) - g2 f(0,1,2) + f(0,2,4) >= f(0,2) + f(0,1,2,3,4)
Step=60 ######################........ Axiom31 30(1,2,4) - g3 f(0,1,2,3,4) >= f(1,2,4)
Step=60 ######################........ Axiom39 31(0,2,4) - g3 f(0,1,2,3,4) >= f(0,2,4)
Step=60 ######################........ Axiom55 40(1,2,3) - g3 f(0,1,2,3,4) >= f(1,2,3)
Step=60 ######################........ Axiom63 41(0,2,3) - g3 f(0,1,2,3,4) >= f(0,2,3)
Step=60 #######################....... Axiom11 20(1,3) - g2 f(0,1,3) + f(1,2,3) >= f(1,3) + f(0,1,2,3,4)
Step=60 #######################....... Axiom13 20(1,4) - g2 f(0,1,4) + f(1,2,4) >= f(0,1,2,3,4) + f(1,4)
Step=60 #######################....... Axiom19 21(0,3) - g2 f(0,1,3) + f(0,2,3) >= f(0,3) + f(0,1,2,3,4)
Step=60 #######################....... Axiom21 21(0,4) - g2 f(0,1,4) + f(0,2,4) >= f(0,1,2,3,4) + f(0,4)
Step=60 #######################....... Axiom26 30(2) - g1 f(0,2) + f(2,3) >= f(2) + f(0,2,3)
Step=60 #######################....... Axiom34 31(2) - g1 f(1,2) + f(2,3) >= f(2) + f(1,2,3)
Step=60 #######################....... Axiom50 40(2) - g1 f(0,2) + f(2,4) >= f(2) + f(0,2,4)
Step=60 #######################....... Axiom58 41(2) - g1 f(1,2) + f(2,4) >= f(2) + f(1,2,4)
Step=60 #######################....... Axiom41 32(0) - g1 f(0,2) + f(0,3) >= f(0) + f(0,2,3)
Step=60 #######################....... Axiom42 32(1) - g1 f(1,2) + f(1,3) >= f(1) + f(1,2,3)
Step=60 #######################....... Axiom65 42(0) - g1 f(0,2) + f(0,4) >= f(0) + f(0,2,4)
Step=60 #######################....... Axiom66 42(1) - g1 f(1,2) + f(1,4) >= f(1) + f(1,2,4)
Step=60 #######################....... Axiom15 20(1,3,4) - g3 f(0,1,2,3,4) >= f(1,3,4)
Step=60 #######################....... Axiom23 21(0,3,4) - g3 f(0,1,2,3,4) >= f(0,3,4)
Step=60 #######################....... Axiom29 30(1,4) - g2 f(0,1,4) + f(1,3,4) >= f(0,1,2,3,4) + f(1,4)
Step=60 #######################....... Axiom37 31(0,4) - g2 f(0,1,4) + f(0,3,4) >= f(0,1,2,3,4) + f(0,4)
Step=60 #######################....... Axiom53 40(1,3) - g2 f(0,1,3) + f(1,3,4) >= f(1,3) + f(0,1,2,3,4)
Step=60 #######################....... Axiom61 41(0,3) - g2 f(0,1,3) + f(0,3,4) >= f(0,3) + f(0,1,2,3,4)
Step=60 ########################...... Axiom73 43(0) - g1 f(0,3) + f(0,4) >= f(0) + f(0,3,4)
Step=60 ########################...... Axiom74 43(1) - g1 f(1,3) + f(1,4) >= f(1) + f(1,3,4)
Step=60 ########################...... Axiom9 20(1) - g1 f(0,1) + f(1,2) >= f(1) + f(0,1,2)
Step=60 ########################...... Axiom17 21(0) - g1 f(0,1) + f(0,2) >= f(0) + f(0,1,2)
Step=60 ##########################.... Axiom45 32(0,4) - g2 f(0,2,4) + f(0,3,4) >= f(0,1,2,3,4) + f(0,4)
Step=60 ##########################.... Axiom46 32(1,4) - g2 f(1,2,4) + f(1,3,4) >= f(0,1,2,3,4) + f(1,4)
Step=60 ##########################.... Axiom69 42(0,3) - g2 f(0,2,3) + f(0,3,4) >= f(0,3) + f(0,1,2,3,4)
Step=60 ##########################.... Axiom70 42(1,3) - g2 f(1,2,3) + f(1,3,4) >= f(1,3) + f(0,1,2,3,4)
Step=60 ###########################... Axiom28 30(4) - g1 f(0,4) + f(3,4) >= f(4) + f(0,3,4)
Step=60 ###########################... Axiom36 31(4) - g1 f(1,4) + f(3,4) >= f(4) + f(1,3,4)
Step=60 ###########################... Axiom52 40(3) - g1 f(0,3) + f(3,4) >= f(3) + f(0,3,4)
Step=60 ###########################... Axiom60 41(3) - g1 f(1,3) + f(3,4) >= f(3) + f(1,3,4)
Step=60 ############################.. Axiom10 20(3) - g1 f(0,3) + f(2,3) >= f(3) + f(0,2,3)
Step=60 ############################.. Axiom12 20(4) - g1 f(0,4) + f(2,4) >= f(4) + f(0,2,4)
Step=60 ############################.. Axiom18 21(3) - g1 f(1,3) + f(2,3) >= f(3) + f(1,2,3)
Step=60 ############################.. Axiom20 21(4) - g1 f(1,4) + f(2,4) >= f(4) + f(1,2,4)
Step=60 ############################## Axiom77 43(0,2) - g2 f(0,2,3) + f(0,2,4) >= f(0,2) + f(0,1,2,3,4)
Step=60 ############################## Axiom78 43(1,2) - g2 f(1,2,3) + f(1,2,4) >= f(1,2) + f(0,1,2,3,4)

Ordered by number of previous rays:
Step=60 $$$$$$$$$$$$$$$$$$$$$$........ (min) Axiom79 43(0,1,2) - g3 f(0,1,2,3,4) >= f(0,1,2)
Step=60 $$$$$$$$$$$$$$$$$$$$$$$$$$.... Axiom25 30(1) - g1 f(0,1) + f(1,3) >= f(1) + f(0,1,3)
Step=60 $$$$$$$$$$$$$$$$$$$$$$$$$$.... Axiom33 31(0) - g1 f(0,1) + f(0,3) >= f(0) + f(0,1,3)
Step=60 $$$$$$$$$$$$$$$$$$$$$$$$$$.... Axiom49 40(1) - g1 f(0,1) + f(1,4) >= f(1) + f(0,1,4)
Step=60 $$$$$$$$$$$$$$$$$$$$$$$$$$.... Axiom57 41(0) - g1 f(0,1) + f(0,4) >= f(0) + f(0,1,4)
Step=60 $$$$$$$$$$$$$$$$$$$$$$$$$$.... Axiom15 20(1,3,4) - g3 f(0,1,2,3,4) >= f(1,3,4)
Step=60 $$$$$$$$$$$$$$$$$$$$$$$$$$.... Axiom23 21(0,3,4) - g3 f(0,1,2,3,4) >= f(0,3,4)
Step=60 $$$$$$$$$$$$$$$$$$$$$$$$$$.... Axiom26 30(2) - g1 f(0,2) + f(2,3) >= f(2) + f(0,2,3)
Step=60 $$$$$$$$$$$$$$$$$$$$$$$$$$.... Axiom34 31(2) - g1 f(1,2) + f(2,3) >= f(2) + f(1,2,3)
Step=60 $$$$$$$$$$$$$$$$$$$$$$$$$$.... Axiom50 40(2) - g1 f(0,2) + f(2,4) >= f(2) + f(0,2,4)
Step=60 $$$$$$$$$$$$$$$$$$$$$$$$$$.... Axiom58 41(2) - g1 f(1,2) + f(2,4) >= f(2) + f(1,2,4)
Step=60 $$$$$$$$$$$$$$$$$$$$$$$$$$.... Axiom31 30(1,2,4) - g3 f(0,1,2,3,4) >= f(1,2,4)
Step=60 $$$$$$$$$$$$$$$$$$$$$$$$$$.... Axiom39 31(0,2,4) - g3 f(0,1,2,3,4) >= f(0,2,4)
Step=60 $$$$$$$$$$$$$$$$$$$$$$$$$$.... Axiom55 40(1,2,3) - g3 f(0,1,2,3,4) >= f(1,2,3)
Step=60 $$$$$$$$$$$$$$$$$$$$$$$$$$.... Axiom63 41(0,2,3) - g3 f(0,1,2,3,4) >= f(0,2,3)
Step=60 $$$$$$$$$$$$$$$$$$$$$$$$$$.... Axiom43 32(0,1) - g2 f(0,1,2) + f(0,1,3) >= f(0,1) + f(0,1,2,3,4)
Step=60 $$$$$$$$$$$$$$$$$$$$$$$$$$.... Axiom67 42(0,1) - g2 f(0,1,2) + f(0,1,4) >= f(0,1) + f(0,1,2,3,4)
Step=60 $$$$$$$$$$$$$$$$$$$$$$$$$$.... Axiom41 32(0) - g1 f(0,2) + f(0,3) >= f(0) + f(0,2,3)
Step=60 $$$$$$$$$$$$$$$$$$$$$$$$$$.... Axiom42 32(1) - g1 f(1,2) + f(1,3) >= f(1) + f(1,2,3)
Step=60 $$$$$$$$$$$$$$$$$$$$$$$$$$.... Axiom65 42(0) - g1 f(0,2) + f(0,4) >= f(0) + f(0,2,4)
Step=60 $$$$$$$$$$$$$$$$$$$$$$$$$$.... Axiom66 42(1) - g1 f(1,2) + f(1,4) >= f(1) + f(1,2,4)
Step=60 $$$$$$$$$$$$$$$$$$$$$$$$$$.... Axiom30 30(2,4) - g2 f(0,2,4) + f(2,3,4) >= f(0,1,2,3,4) + f(2,4)
Step=60 $$$$$$$$$$$$$$$$$$$$$$$$$$.... Axiom38 31(2,4) - g2 f(1,2,4) + f(2,3,4) >= f(0,1,2,3,4) + f(2,4)
Step=60 $$$$$$$$$$$$$$$$$$$$$$$$$$.... Axiom54 40(2,3) - g2 f(0,2,3) + f(2,3,4) >= f(2,3) + f(0,1,2,3,4)
Step=60 $$$$$$$$$$$$$$$$$$$$$$$$$$.... Axiom62 41(2,3) - g2 f(1,2,3) + f(2,3,4) >= f(2,3) + f(0,1,2,3,4)
Step=60 $$$$$$$$$$$$$$$$$$$$$$$$$$$... Axiom14 20(3,4) - g2 f(0,3,4) + f(2,3,4) >= f(0,1,2,3,4) + f(3,4)
Step=60 $$$$$$$$$$$$$$$$$$$$$$$$$$$... Axiom22 21(3,4) - g2 f(1,3,4) + f(2,3,4) >= f(0,1,2,3,4) + f(3,4)
Step=60 $$$$$$$$$$$$$$$$$$$$$$$$$$$... Axiom73 43(0) - g1 f(0,3) + f(0,4) >= f(0) + f(0,3,4)
Step=60 $$$$$$$$$$$$$$$$$$$$$$$$$$$... Axiom74 43(1) - g1 f(1,3) + f(1,4) >= f(1) + f(1,3,4)
Step=60 $$$$$$$$$$$$$$$$$$$$$$$$$$$... Axiom28 30(4) - g1 f(0,4) + f(3,4) >= f(4) + f(0,3,4)
Step=60 $$$$$$$$$$$$$$$$$$$$$$$$$$$... Axiom36 31(4) - g1 f(1,4) + f(3,4) >= f(4) + f(1,3,4)
Step=60 $$$$$$$$$$$$$$$$$$$$$$$$$$$... Axiom52 40(3) - g1 f(0,3) + f(3,4) >= f(3) + f(0,3,4)
Step=60 $$$$$$$$$$$$$$$$$$$$$$$$$$$... Axiom60 41(3) - g1 f(1,3) + f(3,4) >= f(3) + f(1,3,4)
Step=60 $$$$$$$$$$$$$$$$$$$$$$$$$$$... Axiom9 20(1) - g1 f(0,1) + f(1,2) >= f(1) + f(0,1,2)
Step=60 $$$$$$$$$$$$$$$$$$$$$$$$$$$... Axiom17 21(0) - g1 f(0,1) + f(0,2) >= f(0) + f(0,1,2)
Step=60 $$$$$$$$$$$$$$$$$$$$$$$$$$$... Axiom10 20(3) - g1 f(0,3) + f(2,3) >= f(3) + f(0,2,3)
Step=60 $$$$$$$$$$$$$$$$$$$$$$$$$$$... Axiom12 20(4) - g1 f(0,4) + f(2,4) >= f(4) + f(0,2,4)
Step=60 $$$$$$$$$$$$$$$$$$$$$$$$$$$... Axiom18 21(3) - g1 f(1,3) + f(2,3) >= f(3) + f(1,2,3)
Step=60 $$$$$$$$$$$$$$$$$$$$$$$$$$$... Axiom20 21(4) - g1 f(1,4) + f(2,4) >= f(4) + f(1,2,4)
Step=60 $$$$$$$$$$$$$$$$$$$$$$$$$$$... Axiom45 32(0,4) - g2 f(0,2,4) + f(0,3,4) >= f(0,1,2,3,4) + f(0,4)
Step=60 $$$$$$$$$$$$$$$$$$$$$$$$$$$... Axiom46 32(1,4) - g2 f(1,2,4) + f(1,3,4) >= f(0,1,2,3,4) + f(1,4)
Step=60 $$$$$$$$$$$$$$$$$$$$$$$$$$$... Axiom69 42(0,3) - g2 f(0,2,3) + f(0,3,4) >= f(0,3) + f(0,1,2,3,4)
Step=60 $$$$$$$$$$$$$$$$$$$$$$$$$$$... Axiom70 42(1,3) - g2 f(1,2,3) + f(1,3,4) >= f(1,3) + f(0,1,2,3,4)
Step=60 $$$$$$$$$$$$$$$$$$$$$$$$$$$$.. Axiom75 43(0,1) - g2 f(0,1,3) + f(0,1,4) >= f(0,1) + f(0,1,2,3,4)
Step=60 $$$$$$$$$$$$$$$$$$$$$$$$$$$$.. Axiom11 20(1,3) - g2 f(0,1,3) + f(1,2,3) >= f(1,3) + f(0,1,2,3,4)
Step=60 $$$$$$$$$$$$$$$$$$$$$$$$$$$$.. Axiom13 20(1,4) - g2 f(0,1,4) + f(1,2,4) >= f(0,1,2,3,4) + f(1,4)
Step=60 $$$$$$$$$$$$$$$$$$$$$$$$$$$$.. Axiom19 21(0,3) - g2 f(0,1,3) + f(0,2,3) >= f(0,3) + f(0,1,2,3,4)
Step=60 $$$$$$$$$$$$$$$$$$$$$$$$$$$$.. Axiom21 21(0,4) - g2 f(0,1,4) + f(0,2,4) >= f(0,1,2,3,4) + f(0,4)
Step=60 $$$$$$$$$$$$$$$$$$$$$$$$$$$$$. Axiom29 30(1,4) - g2 f(0,1,4) + f(1,3,4) >= f(0,1,2,3,4) + f(1,4)
Step=60 $$$$$$$$$$$$$$$$$$$$$$$$$$$$$. Axiom37 31(0,4) - g2 f(0,1,4) + f(0,3,4) >= f(0,1,2,3,4) + f(0,4)
Step=60 $$$$$$$$$$$$$$$$$$$$$$$$$$$$$. Axiom53 40(1,3) - g2 f(0,1,3) + f(1,3,4) >= f(1,3) + f(0,1,2,3,4)
Step=60 $$$$$$$$$$$$$$$$$$$$$$$$$$$$$. Axiom61 41(0,3) - g2 f(0,1,3) + f(0,3,4) >= f(0,3) + f(0,1,2,3,4)
Step=60 $$$$$$$$$$$$$$$$$$$$$$$$$$$$$. Axiom27 30(1,2) - g2 f(0,1,2) + f(1,2,3) >= f(1,2) + f(0,1,2,3,4)
Step=60 $$$$$$$$$$$$$$$$$$$$$$$$$$$$$. Axiom35 31(0,2) - g2 f(0,1,2) + f(0,2,3) >= f(0,2) + f(0,1,2,3,4)
Step=60 $$$$$$$$$$$$$$$$$$$$$$$$$$$$$. Axiom51 40(1,2) - g2 f(0,1,2) + f(1,2,4) >= f(1,2) + f(0,1,2,3,4)
Step=60 $$$$$$$$$$$$$$$$$$$$$$$$$$$$$. Axiom59 41(0,2) - g2 f(0,1,2) + f(0,2,4) >= f(0,2) + f(0,1,2,3,4)
Step=60 $$$$$$$$$$$$$$$$$$$$$$$$$$$$$$ Axiom77 43(0,2) - g2 f(0,2,3) + f(0,2,4) >= f(0,2) + f(0,1,2,3,4)
Step=60 $$$$$$$$$$$$$$$$$$$$$$$$$$$$$$ Axiom78 43(1,2) - g2 f(1,2,3) + f(1,2,4) >= f(1,2) + f(0,1,2,3,4)
