! VaryAxiom=6 NoInitialAxiomSet
Step=61 PrevRays=  5674 ResultRays=  5760 RayPairs=   3388608 NewAxiom=9 PrevAxioms=6,10,11,12,13,14,15,17,18,20,22,25,26,27,28,29,33,36,41,45,49,50,57,65,72,73,19,21,23,37,69,77,35,53,34,43,38,31,42,70,71,75,61,74,63,52,60,62,67,55,46,54,30,59,66,51,79,58,78,39,+9 MissingAxioms=0,1,2,3,4,5,7,8,16,24,32,40,44,47,48,56,64,68,76 TotalTime=1.2
Step=61 PrevRays=  5500 ResultRays=  5760 RayPairs=   3209733 NewAxiom=10 PrevAxioms=6,9,11,12,13,14,15,17,18,19,20,22,25,26,28,29,33,36,41,45,49,50,57,65,72,73,21,23,27,35,37,43,42,34,46,30,39,54,51,59,67,63,77,69,79,66,53,71,38,75,74,61,31,58,62,60,70,55,52,78,+10 MissingAxioms=0,1,2,3,4,5,7,8,16,24,32,40,44,47,48,56,64,68,76 TotalTime=0.9
Step=61 PrevRays=  5998 ResultRays=  5760 RayPairs=   2776100 NewAxiom=11 PrevAxioms=6,9,10,12,13,14,15,17,18,19,20,22,25,26,28,29,33,36,41,45,49,50,57,65,72,73,21,23,35,37,43,51,53,69,77,38,70,75,61,63,74,31,71,52,55,27,46,54,62,30,34,60,67,79,59,58,78,39,66,42,+11 MissingAxioms=0,1,2,3,4,5,7,8,16,24,32,40,44,47,48,56,64,68,76 TotalTime=1.6
Step=61 PrevRays=  5713 ResultRays=  5760 RayPairs=   3809718 NewAxiom=12 PrevAxioms=6,9,10,11,13,14,15,17,18,20,21,22,25,26,28,29,33,36,41,45,49,50,57,65,72,73,19,23,37,51,59,67,77,66,38,53,69,61,27,75,70,74,71,58,39,35,63,43,42,79,55,78,31,54,52,62,30,34,60,46,+12 MissingAxioms=0,1,2,3,4,5,7,8,16,24,32,40,44,47,48,56,64,68,76 TotalTime=1.1
Step=61 PrevRays=  5867 ResultRays=  5760 RayPairs=   2912355 NewAxiom=13 PrevAxioms=6,9,10,11,12,14,15,17,18,20,21,22,25,26,28,29,33,36,41,45,49,50,57,65,72,73,19,23,37,59,67,77,27,69,30,54,61,38,53,43,42,71,75,74,52,63,39,70,35,60,31,62,79,55,51,78,66,58,46,34,+13 MissingAxioms=0,1,2,3,4,5,7,8,16,24,32,40,44,47,48,56,64,68,76 TotalTime=0.9
Step=61 PrevRays=  5531 ResultRays=  5760 RayPairs=   2112160 NewAxiom=14 PrevAxioms=6,9,10,11,12,13,15,17,18,20,22,23,25,26,28,29,33,36,41,45,49,50,57,65,72,73,19,21,37,69,77,27,59,61,53,67,38,70,71,66,75,74,51,58,39,52,55,63,35,43,79,34,62,54,30,42,60,78,46,31,+14 MissingAxioms=0,1,2,3,4,5,7,8,16,24,32,40,44,47,48,56,64,68,76 TotalTime=1.4
Step=61 PrevRays=  5595 ResultRays=  5760 RayPairs=   3253500 NewAxiom=15 PrevAxioms=6,9,10,11,12,13,14,17,18,20,22,23,25,26,28,29,33,36,41,45,49,50,57,65,72,73,19,21,37,69,77,27,59,61,30,54,67,75,53,71,52,74,39,70,55,38,31,63,62,35,43,42,79,51,60,66,78,34,58,46,+15 MissingAxioms=0,1,2,3,4,5,7,8,16,24,32,40,44,47,48,56,64,68,76 TotalTime=1.0
Step=61 PrevRays=  5674 ResultRays=  5760 RayPairs=   3388608 NewAxiom=17 PrevAxioms=6,9,10,11,12,13,14,15,18,20,22,25,26,28,29,33,34,36,41,45,49,50,57,65,72,73,19,21,23,37,69,77,27,61,35,75,30,39,54,51,79,38,43,70,63,52,71,53,31,67,74,55,62,59,42,78,58,60,66,46,+17 MissingAxioms=0,1,2,3,4,5,7,8,16,24,32,40,44,47,48,56,64,68,76 TotalTime=1.5
Step=61 PrevRays=  5500 ResultRays=  5760 RayPairs=   3209733 NewAxiom=18 PrevAxioms=6,9,10,11,12,13,14,15,17,19,20,22,25,26,28,29,33,36,41,45,49,50,57,65,72,73,21,23,27,35,37,43,42,34,46,30,39,54,51,59,67,52,63,77,69,79,66,71,53,38,75,74,61,60,31,78,55,62,70,58,+18 MissingAxioms=0,1,2,3,4,5,7,8,16,24,32,40,44,47,48,56,64,68,76 TotalTime=1.0
Step=61 PrevRays=  5998 ResultRays=  5760 RayPairs=   2776100 NewAxiom=19 PrevAxioms=6,9,10,11,12,13,14,15,17,18,20,22,25,26,28,29,33,36,41,45,49,50,57,65,72,73,21,23,27,37,69,77,59,61,30,54,67,75,51,52,39,70,74,53,55,31,71,58,38,63,35,79,62,34,43,42,60,78,66,46,+19 MissingAxioms=0,1,2,3,4,5,7,8,16,24,32,40,44,47,48,56,64,68,76 TotalTime=1.4
Step=61 PrevRays=  5713 ResultRays=  5760 RayPairs=   3809718 NewAxiom=20 PrevAxioms=6,9,10,11,12,13,14,15,17,18,21,22,25,26,28,29,33,36,41,45,49,50,57,65,72,73,19,23,37,51,59,67,77,66,30,61,54,69,27,75,53,43,52,58,71,74,79,35,70,42,39,63,55,62,60,78,31,38,46,34,+20 MissingAxioms=0,1,2,3,4,5,7,8,16,24,32,40,44,47,48,56,64,68,76 TotalTime=1.1
Step=61 PrevRays=  5867 ResultRays=  5760 RayPairs=   2912355 NewAxiom=21 PrevAxioms=6,9,10,11,12,13,14,15,17,18,20,22,25,26,28,29,33,36,41,45,49,50,57,65,72,73,19,23,37,51,69,77,35,30,43,53,38,54,42,61,75,27,70,71,74,63,52,31,55,62,60,46,66,78,79,67,59,58,39,34,+21 MissingAxioms=0,1,2,3,4,5,7,8,16,24,32,40,44,47,48,56,64,68,76 TotalTime=1.1
Step=61 PrevRays=  5531 ResultRays=  5760 RayPairs=   2112160 NewAxiom=22 PrevAxioms=6,9,10,11,12,13,14,15,17,18,20,23,25,26,28,29,33,36,41,45,49,50,57,65,72,73,19,21,37,69,77,27,59,61,30,54,67,75,53,70,71,52,74,39,63,60,35,31,55,51,79,43,42,34,78,38,66,62,58,46,+22 MissingAxioms=0,1,2,3,4,5,7,8,16,24,32,40,44,47,48,56,64,68,76 TotalTime=1.1
Step=61 PrevRays=  5595 ResultRays=  5760 RayPairs=   3253500 NewAxiom=23 PrevAxioms=6,9,10,11,12,13,14,15,17,18,20,22,25,26,28,29,33,36,41,45,49,50,57,65,72,73,19,21,37,69,77,27,59,61,30,54,67,75,53,43,52,74,70,71,79,63,35,60,62,42,39,31,55,51,38,66,78,34,46,58,+23 MissingAxioms=0,1,2,3,4,5,7,8,16,24,32,40,44,47,48,56,64,68,76 TotalTime=1.0
Step=61 PrevRays=  5674 ResultRays=  5760 RayPairs=   3388608 NewAxiom=25 PrevAxioms=6,9,10,11,12,13,14,15,17,18,20,22,26,27,28,29,33,36,41,45,49,50,57,65,72,73,19,21,23,37,69,77,35,51,34,43,38,42,61,75,70,71,63,52,39,54,30,67,66,59,79,58,62,55,78,53,74,31,60,46,+25 MissingAxioms=0,1,2,3,4,5,7,8,16,24,32,40,44,47,48,56,64,68,76 TotalTime=1.2
Step=61 PrevRays=  5500 ResultRays=  5760 RayPairs=   3209733 NewAxiom=26 PrevAxioms=6,9,10,11,12,13,14,15,17,18,20,22,25,28,29,33,34,36,41,45,49,50,57,65,72,73,19,21,23,37,69,77,27,59,61,30,67,75,53,71,74,46,31,70,38,55,51,58,62,60,43,35,42,78,79,39,63,54,66,52,+26 MissingAxioms=0,1,2,3,4,5,7,8,16,24,32,40,44,47,48,56,64,68,76 TotalTime=1.0
Step=61 PrevRays=  5998 ResultRays=  5760 RayPairs=   2776100 NewAxiom=27 PrevAxioms=6,9,10,11,12,13,14,15,17,18,20,22,25,26,28,29,33,36,41,45,49,50,57,65,72,73,19,21,23,37,69,77,35,51,43,53,38,42,61,75,70,74,71,63,52,39,54,30,31,79,67,60,62,55,66,59,78,58,46,34,+27 MissingAxioms=0,1,2,3,4,5,7,8,16,24,32,40,44,47,48,56,64,68,76 TotalTime=1.1
Step=61 PrevRays=  5713 ResultRays=  5760 RayPairs=   3809718 NewAxiom=28 PrevAxioms=6,9,10,11,12,13,14,15,17,18,20,22,25,26,29,30,33,36,41,45,49,50,57,65,72,73,19,21,23,53,54,69,77,35,43,51,38,42,27,31,39,79,67,59,63,78,66,55,62,60,34,71,61,75,52,37,70,74,58,46,+28 MissingAxioms=0,1,2,3,4,5,7,8,16,24,32,40,44,47,48,56,64,68,76 TotalTime=1.5
Step=61 PrevRays=  5867 ResultRays=  5760 RayPairs=   2912355 NewAxiom=29 PrevAxioms=6,9,10,11,12,13,14,15,17,18,20,22,25,26,28,31,33,36,41,45,49,50,57,65,72,73,19,21,23,69,77,27,59,67,30,54,43,42,35,52,71,60,70,62,51,55,53,61,38,58,79,78,63,75,39,37,34,66,46,74,+29 MissingAxioms=0,1,2,3,4,5,7,8,16,24,32,40,44,47,48,56,64,68,76 TotalTime=1.5
Step=61 PrevRays=  5531 ResultRays=  5760 RayPairs=   2112160 NewAxiom=30 PrevAxioms=6,9,10,11,12,13,14,15,17,18,20,22,25,26,28,29,33,36,41,45,49,50,57,65,72,73,19,21,23,37,69,77,27,59,61,53,67,46,75,74,38,51,66,63,58,54,52,43,79,42,71,35,70,31,78,62,55,34,60,39,+30 MissingAxioms=0,1,2,3,4,5,7,8,16,24,32,40,44,47,48,56,64,68,76 TotalTime=1.1
Step=61 PrevRays=  5595 ResultRays=  5760 RayPairs=   3253500 NewAxiom=31 PrevAxioms=6,9,10,11,12,13,14,15,17,18,20,22,25,26,28,29,33,36,41,45,49,50,57,65,72,73,19,21,23,37,69,77,27,59,61,30,54,67,75,53,71,74,52,39,63,70,60,35,62,55,43,79,42,66,51,38,78,58,34,46,+31 MissingAxioms=0,1,2,3,4,5,7,8,16,24,32,40,44,47,48,56,64,68,76 TotalTime=1.0
Step=61 PrevRays=  5674 ResultRays=  5760 RayPairs=   3388608 NewAxiom=33 PrevAxioms=6,9,10,11,12,13,14,15,17,18,20,22,25,26,28,29,34,36,41,45,49,50,57,65,72,73,19,21,23,37,69,77,27,59,35,67,30,53,43,70,71,55,38,42,31,51,58,62,60,78,54,79,75,63,74,61,39,52,66,46,+33 MissingAxioms=0,1,2,3,4,5,7,8,16,24,32,40,44,47,48,56,64,68,76 TotalTime=1.5
Step=61 PrevRays=  5500 ResultRays=  5760 RayPairs=   3209733 NewAxiom=34 PrevAxioms=6,9,10,11,12,13,14,15,17,18,20,22,25,26,28,29,33,36,41,45,49,50,57,65,72,73,19,21,23,37,69,77,27,59,61,30,54,67,75,53,71,74,52,39,63,70,60,35,62,55,43,79,42,31,51,38,66,78,58,46,+34 MissingAxioms=0,1,2,3,4,5,7,8,16,24,32,40,44,47,48,56,64,68,76 TotalTime=0.9
Step=61 PrevRays=  5998 ResultRays=  5760 RayPairs=   2776100 NewAxiom=35 PrevAxioms=6,9,10,11,12,13,14,15,17,18,20,22,25,26,28,29,33,36,41,45,49,50,57,65,72,73,19,21,23,37,69,77,27,59,61,30,54,67,75,53,71,74,52,39,63,70,60,62,55,43,42,79,66,51,38,78,31,58,34,46,+35 MissingAxioms=0,1,2,3,4,5,7,8,16,24,32,40,44,47,48,56,64,68,76 TotalTime=1.1
Step=61 PrevRays=  5713 ResultRays=  5760 RayPairs=   3809718 NewAxiom=36 PrevAxioms=6,9,10,11,12,13,14,15,17,18,20,22,25,26,28,29,33,37,41,45,49,50,57,65,72,73,19,21,23,53,61,69,75,74,27,59,77,30,54,67,71,52,60,39,63,70,62,35,43,42,55,79,66,51,34,78,31,38,46,58,+36 MissingAxioms=0,1,2,3,4,5,7,8,16,24,32,40,44,47,48,56,64,68,76 TotalTime=1.0
Step=61 PrevRays=  5867 ResultRays=  5760 RayPairs=   2912355 NewAxiom=37 PrevAxioms=6,9,10,11,12,13,14,15,17,18,20,22,25,26,28,29,33,36,41,45,49,50,57,65,72,73,19,21,23,53,69,77,35,43,51,38,42,30,54,27,31,39,79,67,59,63,66,78,55,75,52,62,71,34,58,70,74,61,60,46,+37 MissingAxioms=0,1,2,3,4,5,7,8,16,24,32,40,44,47,48,56,64,68,76 TotalTime=1.4
Step=61 PrevRays=  5531 ResultRays=  5760 RayPairs=   2112160 NewAxiom=38 PrevAxioms=6,9,10,11,12,13,14,15,17,18,20,22,25,26,28,29,33,36,41,45,49,50,57,65,72,73,19,21,23,37,69,77,27,59,61,30,54,67,75,53,71,74,52,39,63,70,60,35,62,55,43,79,42,31,51,34,78,66,46,58,+38 MissingAxioms=0,1,2,3,4,5,7,8,16,24,32,40,44,47,48,56,64,68,76 TotalTime=1.0
Step=61 PrevRays=  5595 ResultRays=  5760 RayPairs=   3253500 NewAxiom=39 PrevAxioms=6,9,10,11,12,13,14,15,17,18,20,22,25,26,28,29,33,36,41,45,49,50,57,65,72,73,19,21,23,37,69,77,27,59,61,30,54,67,75,53,71,74,52,43,79,70,35,38,31,55,51,58,42,63,62,34,78,60,46,66,+39 MissingAxioms=0,1,2,3,4,5,7,8,16,24,32,40,44,47,48,56,64,68,76 TotalTime=1.4
Step=61 PrevRays=  5434 ResultRays=  5760 RayPairs=   3058538 NewAxiom=41 PrevAxioms=6,9,10,11,12,13,14,15,17,18,20,22,25,26,28,29,33,36,42,45,49,50,57,65,72,73,19,21,23,37,27,43,59,67,75,61,30,54,53,69,77,71,74,52,63,79,70,39,35,31,60,62,55,51,38,66,78,58,34,46,+41 MissingAxioms=0,1,2,3,4,5,7,8,16,24,32,40,44,47,48,56,64,68,76 TotalTime=0.9
Step=61 PrevRays=  5434 ResultRays=  5760 RayPairs=   3058538 NewAxiom=42 PrevAxioms=6,9,10,11,12,13,14,15,17,18,20,22,25,26,28,29,33,36,41,45,49,50,57,65,72,73,19,21,23,37,69,77,27,59,61,30,54,67,75,53,71,74,52,39,63,70,60,35,62,55,43,79,34,51,31,38,78,66,58,46,+42 MissingAxioms=0,1,2,3,4,5,7,8,16,24,32,40,44,47,48,56,64,68,76 TotalTime=1.1
Step=61 PrevRays=  5437 ResultRays=  5760 RayPairs=   1106718 NewAxiom=43 PrevAxioms=6,9,10,11,12,13,14,15,17,18,20,22,25,26,28,29,33,36,41,45,49,50,57,65,72,73,19,21,23,37,69,77,27,59,61,30,54,67,75,53,71,74,52,39,63,70,60,35,62,55,34,51,31,79,38,78,42,66,58,46,+43 MissingAxioms=0,1,2,3,4,5,7,8,16,24,32,40,44,47,48,56,64,68,76 TotalTime=1.0
Step=61 PrevRays=  5663 ResultRays=  5760 RayPairs=   3477017 NewAxiom=45 PrevAxioms=6,9,10,11,12,13,14,15,17,18,20,22,25,26,28,29,33,36,41,46,49,50,57,65,72,73,19,21,23,37,27,59,67,75,61,30,54,53,43,74,35,52,60,39,42,78,63,38,66,70,62,34,71,31,69,55,79,51,77,58,+45 MissingAxioms=0,1,2,3,4,5,7,8,16,24,32,40,44,47,48,56,64,68,76 TotalTime=1.0
Step=61 PrevRays=  5663 ResultRays=  5760 RayPairs=   3477017 NewAxiom=46 PrevAxioms=6,9,10,11,12,13,14,15,17,18,20,22,25,26,28,29,33,36,41,45,49,50,57,65,72,73,19,21,23,37,69,77,27,59,61,30,54,67,75,53,71,74,52,39,63,70,60,35,62,55,43,79,42,31,51,38,66,78,34,58,+46 MissingAxioms=0,1,2,3,4,5,7,8,16,24,32,40,44,47,48,56,64,68,76 TotalTime=1.0
Step=61 PrevRays=  5296 ResultRays=  5760 RayPairs=   2321612 NewAxiom=49 PrevAxioms=6,9,10,11,12,13,14,15,17,18,20,22,25,26,28,29,33,36,41,45,50,51,57,65,72,73,19,21,23,37,69,77,27,59,58,75,67,30,54,61,71,74,52,43,63,79,70,35,42,39,34,31,38,62,60,53,55,78,66,46,+49 MissingAxioms=0,1,2,3,4,5,7,8,16,24,32,40,44,47,48,56,64,68,76 TotalTime=1.1
Step=61 PrevRays=  5480 ResultRays=  5760 RayPairs=   3225924 NewAxiom=50 PrevAxioms=6,9,10,11,12,13,14,15,17,18,20,22,25,26,28,29,33,36,41,45,49,52,57,65,72,73,19,21,23,37,69,77,27,59,61,30,67,75,53,71,54,74,39,63,70,60,35,62,55,43,79,42,51,31,34,38,58,78,66,46,+50 MissingAxioms=0,1,2,3,4,5,7,8,16,24,32,40,44,47,48,56,64,68,76 TotalTime=1.0
Step=61 PrevRays=  6044 ResultRays=  5760 RayPairs=   2843715 NewAxiom=51 PrevAxioms=6,9,10,11,12,13,14,15,17,18,20,22,25,26,28,29,33,36,41,45,49,50,57,65,72,73,19,21,23,37,69,77,27,59,61,30,54,67,75,53,71,74,52,39,63,70,60,35,62,55,43,79,42,31,34,38,78,66,46,58,+51 MissingAxioms=0,1,2,3,4,5,7,8,16,24,32,40,44,47,48,56,64,68,76 TotalTime=1.1
Step=61 PrevRays=  5480 ResultRays=  5760 RayPairs=   3225924 NewAxiom=52 PrevAxioms=6,9,10,11,12,13,14,15,17,18,20,22,25,26,28,29,33,36,41,45,49,50,57,65,72,73,19,21,23,37,69,77,27,59,61,30,54,67,75,53,71,74,39,70,38,55,31,63,62,35,43,42,79,60,51,66,78,58,34,46,+52 MissingAxioms=0,1,2,3,4,5,7,8,16,24,32,40,44,47,48,56,64,68,76 TotalTime=1.1
Step=61 PrevRays=  6044 ResultRays=  5760 RayPairs=   2843715 NewAxiom=53 PrevAxioms=6,9,10,11,12,13,14,15,17,18,20,22,25,26,28,29,33,36,41,45,49,50,57,65,72,73,19,21,23,37,69,77,27,59,61,30,54,67,75,71,74,39,52,63,70,60,62,55,35,31,51,79,43,42,38,66,78,34,58,46,+53 MissingAxioms=0,1,2,3,4,5,7,8,16,24,32,40,44,47,48,56,64,68,76 TotalTime=1.1
Step=61 PrevRays=  5493 ResultRays=  5760 RayPairs=   1896412 NewAxiom=54 PrevAxioms=6,9,10,11,12,13,14,15,17,18,20,22,25,26,28,29,33,36,41,45,49,50,57,65,72,73,19,21,23,37,69,77,27,59,61,30,67,75,53,71,74,52,39,63,70,60,35,62,55,43,79,42,31,51,38,66,78,34,46,58,+54 MissingAxioms=0,1,2,3,4,5,7,8,16,24,32,40,44,47,48,56,64,68,76 TotalTime=1.0
Step=61 PrevRays=  5504 ResultRays=  5760 RayPairs=   2888280 NewAxiom=55 PrevAxioms=6,9,10,11,12,13,14,15,17,18,20,22,25,26,28,29,33,36,41,45,49,50,57,65,72,73,19,21,23,37,69,77,27,59,61,30,54,67,75,53,71,74,52,39,63,70,60,35,62,43,42,79,31,51,38,66,34,78,58,46,+55 MissingAxioms=0,1,2,3,4,5,7,8,16,24,32,40,44,47,48,56,64,68,76 TotalTime=1.0
Step=61 PrevRays=  5296 ResultRays=  5760 RayPairs=   2321612 NewAxiom=57 PrevAxioms=6,9,10,11,12,13,14,15,17,18,20,22,25,26,28,29,33,36,41,45,49,50,58,65,72,73,19,21,23,37,69,77,27,35,43,53,38,42,31,75,70,71,74,55,46,51,59,78,67,52,54,30,79,61,63,62,34,60,66,39,+57 MissingAxioms=0,1,2,3,4,5,7,8,16,24,32,40,44,47,48,56,64,68,76 TotalTime=1.1
Step=61 PrevRays=  5480 ResultRays=  5760 RayPairs=   3225924 NewAxiom=58 PrevAxioms=6,9,10,11,12,13,14,15,17,18,20,22,25,26,28,29,33,36,41,45,49,50,57,65,72,73,19,21,23,37,69,77,27,59,61,30,54,67,75,53,71,74,52,39,63,70,60,35,62,55,43,79,42,31,51,38,66,78,34,46,+58 MissingAxioms=0,1,2,3,4,5,7,8,16,24,32,40,44,47,48,56,64,68,76 TotalTime=1.0
Step=61 PrevRays=  6044 ResultRays=  5760 RayPairs=   2843715 NewAxiom=59 PrevAxioms=6,9,10,11,12,13,14,15,17,18,20,22,25,26,28,29,33,36,41,45,49,50,57,65,72,73,19,21,23,37,69,77,27,61,67,75,30,54,53,71,74,43,52,63,35,79,70,60,62,55,42,39,31,51,38,66,78,34,58,46,+59 MissingAxioms=0,1,2,3,4,5,7,8,16,24,32,40,44,47,48,56,64,68,76 TotalTime=1.1
Step=61 PrevRays=  5480 ResultRays=  5760 RayPairs=   3225924 NewAxiom=60 PrevAxioms=6,9,10,11,12,13,14,15,17,18,20,22,25,26,28,29,33,36,41,45,49,50,57,65,72,73,19,21,23,37,69,77,27,59,61,30,54,67,75,53,71,74,52,39,63,70,35,31,55,62,43,42,79,51,38,66,78,58,34,46,+60 MissingAxioms=0,1,2,3,4,5,7,8,16,24,32,40,44,47,48,56,64,68,76 TotalTime=1.1
Step=61 PrevRays=  6044 ResultRays=  5760 RayPairs=   2843715 NewAxiom=61 PrevAxioms=6,9,10,11,12,13,14,15,17,18,20,22,25,26,28,29,33,36,41,45,49,50,57,65,72,73,19,21,23,37,69,77,27,59,67,75,30,54,53,71,74,43,52,79,35,70,42,63,39,55,62,31,51,60,38,66,78,34,58,46,+61 MissingAxioms=0,1,2,3,4,5,7,8,16,24,32,40,44,47,48,56,64,68,76 TotalTime=1.1
Step=61 PrevRays=  5493 ResultRays=  5760 RayPairs=   1896412 NewAxiom=62 PrevAxioms=6,9,10,11,12,13,14,15,17,18,20,22,25,26,28,29,33,36,41,45,49,50,57,65,72,73,19,21,23,37,69,77,27,59,61,30,54,67,75,53,71,74,52,39,63,70,60,35,55,43,79,42,31,51,38,66,58,78,34,46,+62 MissingAxioms=0,1,2,3,4,5,7,8,16,24,32,40,44,47,48,56,64,68,76 TotalTime=1.0
Step=61 PrevRays=  5504 ResultRays=  5760 RayPairs=   2888280 NewAxiom=63 PrevAxioms=6,9,10,11,12,13,14,15,17,18,20,22,25,26,28,29,33,36,41,45,49,50,57,65,72,73,19,21,23,37,69,77,27,59,61,30,54,67,75,53,71,74,52,39,70,60,62,55,43,42,66,51,38,79,35,78,31,34,46,58,+63 MissingAxioms=0,1,2,3,4,5,7,8,16,24,32,40,44,47,48,56,64,68,76 TotalTime=1.1
Step=61 PrevRays=  5591 ResultRays=  5760 RayPairs=   3337200 NewAxiom=65 PrevAxioms=6,9,10,11,12,13,14,15,17,18,20,22,25,26,28,29,33,36,41,45,49,50,57,66,72,73,19,21,23,37,77,27,59,61,30,54,75,53,43,52,74,63,79,39,42,51,67,38,58,71,35,69,70,55,62,34,78,46,60,31,+65 MissingAxioms=0,1,2,3,4,5,7,8,16,24,32,40,44,47,48,56,64,68,76 TotalTime=1.4
Step=61 PrevRays=  5591 ResultRays=  5760 RayPairs=   3337200 NewAxiom=66 PrevAxioms=6,9,10,11,12,13,14,15,17,18,20,22,25,26,28,29,33,36,41,45,49,50,57,65,72,73,19,21,23,37,69,77,27,59,61,30,54,67,75,53,71,74,52,39,63,70,60,35,62,55,43,79,42,31,51,38,34,78,58,46,+66 MissingAxioms=0,1,2,3,4,5,7,8,16,24,32,40,44,47,48,56,64,68,76 TotalTime=1.0
Step=61 PrevRays=  5801 ResultRays=  5760 RayPairs=   1830730 NewAxiom=67 PrevAxioms=6,9,10,11,12,13,14,15,17,18,20,22,25,26,28,29,33,36,41,45,49,50,57,65,72,73,19,21,23,37,69,77,27,59,61,30,54,75,71,53,74,63,52,35,39,70,43,60,62,55,42,79,31,51,38,34,78,58,66,46,+67 MissingAxioms=0,1,2,3,4,5,7,8,16,24,32,40,44,47,48,56,64,68,76 TotalTime=1.0
Step=61 PrevRays=  6141 ResultRays=  5760 RayPairs=   3831362 NewAxiom=69 PrevAxioms=6,9,10,11,12,13,14,15,17,18,20,22,25,26,28,29,33,36,41,45,49,50,57,65,72,73,19,21,23,37,77,27,59,67,61,30,54,75,53,43,52,74,71,60,79,62,42,35,39,55,70,31,51,38,63,66,78,34,58,46,+69 MissingAxioms=0,1,2,3,4,5,7,8,16,24,32,40,44,47,48,56,64,68,76 TotalTime=1.2
Step=61 PrevRays=  6141 ResultRays=  5760 RayPairs=   3831362 NewAxiom=70 PrevAxioms=6,9,10,11,12,13,14,15,17,18,20,22,25,26,28,29,33,36,41,45,49,50,57,65,72,73,19,21,23,37,69,77,27,59,61,30,54,67,75,53,71,74,52,39,63,60,35,43,62,42,51,66,79,38,46,55,31,78,34,58,+70 MissingAxioms=0,1,2,3,4,5,7,8,16,24,32,40,44,47,48,56,64,68,76 TotalTime=0.9
Step=61 PrevRays=  4967 ResultRays=  5760 RayPairs=   1343200 NewAxiom=71 PrevAxioms=6,9,10,11,12,13,14,15,17,18,20,22,25,26,28,29,33,36,41,45,49,50,57,65,72,73,19,21,23,37,69,77,27,59,61,30,54,67,75,53,43,52,74,70,39,42,63,51,66,38,58,35,79,31,55,62,78,34,46,60,+71 MissingAxioms=0,1,2,3,4,5,7,8,16,24,32,40,44,47,48,56,64,68,76 TotalTime=0.9
! VaryAxiom=72 NoInitialAxiomSet
Step=61 PrevRays=  5591 ResultRays=  5760 RayPairs=   3337200 NewAxiom=73 PrevAxioms=6,9,10,11,12,13,14,15,17,18,20,22,25,26,28,29,33,36,41,45,49,50,57,65,72,74,19,21,23,37,69,27,59,61,30,54,67,53,75,71,52,43,60,35,39,70,62,55,42,66,51,79,77,38,63,31,78,34,46,58,+73 MissingAxioms=0,1,2,3,4,5,7,8,16,24,32,40,44,47,48,56,64,68,76 TotalTime=1.2
Step=61 PrevRays=  5591 ResultRays=  5760 RayPairs=   3337200 NewAxiom=74 PrevAxioms=6,9,10,11,12,13,14,15,17,18,20,22,25,26,28,29,33,36,41,45,49,50,57,65,72,73,19,21,23,37,69,77,27,59,61,30,54,67,75,53,71,52,43,60,79,35,39,70,62,55,42,51,31,78,38,63,34,58,66,46,+74 MissingAxioms=0,1,2,3,4,5,7,8,16,24,32,40,44,47,48,56,64,68,76 TotalTime=1.1
Step=61 PrevRays=  5801 ResultRays=  5760 RayPairs=   1830730 NewAxiom=75 PrevAxioms=6,9,10,11,12,13,14,15,17,18,20,22,25,26,28,29,33,36,41,45,49,50,57,65,72,73,19,21,23,37,69,77,27,59,61,30,54,67,53,71,52,43,60,79,35,39,70,63,62,55,42,51,31,78,38,34,58,66,74,46,+75 MissingAxioms=0,1,2,3,4,5,7,8,16,24,32,40,44,47,48,56,64,68,76 TotalTime=1.1
Step=61 PrevRays=  6141 ResultRays=  5760 RayPairs=   3831362 NewAxiom=77 PrevAxioms=6,9,10,11,12,13,14,15,17,18,20,22,25,26,28,29,33,36,41,45,49,50,57,65,72,73,19,21,23,37,69,27,59,75,61,30,54,67,53,71,74,52,43,60,35,39,70,62,55,79,42,66,51,38,78,63,31,34,46,58,+77 MissingAxioms=0,1,2,3,4,5,7,8,16,24,32,40,44,47,48,56,64,68,76 TotalTime=1.2
Step=61 PrevRays=  6141 ResultRays=  5760 RayPairs=   3831362 NewAxiom=78 PrevAxioms=6,9,10,11,12,13,14,15,17,18,20,22,25,26,28,29,33,36,41,45,49,50,57,65,72,73,19,21,23,37,69,77,27,59,61,30,54,67,75,53,71,74,52,39,63,70,60,35,62,55,43,79,42,31,51,38,66,34,46,58,+78 MissingAxioms=0,1,2,3,4,5,7,8,16,24,32,40,44,47,48,56,64,68,76 TotalTime=1.0
Step=61 PrevRays=  4967 ResultRays=  5760 RayPairs=   1343200 NewAxiom=79 PrevAxioms=6,9,10,11,12,13,14,15,17,18,20,22,25,26,28,29,33,36,41,45,49,50,57,65,72,73,19,21,23,37,69,77,27,59,61,30,54,67,75,53,71,74,52,39,63,70,60,35,62,55,43,42,66,51,38,31,78,34,46,58,+79 MissingAxioms=0,1,2,3,4,5,7,8,16,24,32,40,44,47,48,56,64,68,76 TotalTime=0.9

Ordered by number of ray pairs:
Step=61 #########..................... (min) Axiom43 23(0,1) - g2 f(0,1,2) + f(0,1,3) >= f(0,1) + f(0,1,2,3,4)
Step=61 ###########................... Axiom71 24(0,1,3) - g3 f(0,1,2,3,4) >= f(0,1,3)
Step=61 ###########................... Axiom79 34(0,1,2) - g3 f(0,1,2,3,4) >= f(0,1,2)
Step=61 ##############................ Axiom67 24(0,1) - g2 f(0,1,2) + f(0,1,4) >= f(0,1) + f(0,1,2,3,4)
Step=61 ##############................ Axiom75 34(0,1) - g2 f(0,1,3) + f(0,1,4) >= f(0,1) + f(0,1,2,3,4)
Step=61 ###############............... Axiom54 04(2,3) - g2 f(0,2,3) + f(2,3,4) >= f(2,3) + f(0,1,2,3,4)
Step=61 ###############............... Axiom62 14(2,3) - g2 f(1,2,3) + f(2,3,4) >= f(2,3) + f(0,1,2,3,4)
Step=61 #################............. Axiom14 02(3,4) - g2 f(0,3,4) + f(2,3,4) >= f(0,1,2,3,4) + f(3,4)
Step=61 #################............. Axiom22 12(3,4) - g2 f(1,3,4) + f(2,3,4) >= f(0,1,2,3,4) + f(3,4)
Step=61 #################............. Axiom30 03(2,4) - g2 f(0,2,4) + f(2,3,4) >= f(0,1,2,3,4) + f(2,4)
Step=61 #################............. Axiom38 13(2,4) - g2 f(1,2,4) + f(2,3,4) >= f(0,1,2,3,4) + f(2,4)
Step=61 ##################............ Axiom49 04(1) - g1 f(0,1) + f(1,4) >= f(1) + f(0,1,4)
Step=61 ##################............ Axiom57 14(0) - g1 f(0,1) + f(0,4) >= f(0) + f(0,1,4)
Step=61 ######################........ Axiom11 02(1,3) - g2 f(0,1,3) + f(1,2,3) >= f(1,3) + f(0,1,2,3,4)
Step=61 ######################........ Axiom19 12(0,3) - g2 f(0,1,3) + f(0,2,3) >= f(0,3) + f(0,1,2,3,4)
Step=61 ######################........ Axiom27 03(1,2) - g2 f(0,1,2) + f(1,2,3) >= f(1,2) + f(0,1,2,3,4)
Step=61 ######################........ Axiom35 13(0,2) - g2 f(0,1,2) + f(0,2,3) >= f(0,2) + f(0,1,2,3,4)
Step=61 ######################........ Axiom51 04(1,2) - g2 f(0,1,2) + f(1,2,4) >= f(1,2) + f(0,1,2,3,4)
Step=61 ######################........ Axiom53 04(1,3) - g2 f(0,1,3) + f(1,3,4) >= f(1,3) + f(0,1,2,3,4)
Step=61 ######################........ Axiom59 14(0,2) - g2 f(0,1,2) + f(0,2,4) >= f(0,2) + f(0,1,2,3,4)
Step=61 ######################........ Axiom61 14(0,3) - g2 f(0,1,3) + f(0,3,4) >= f(0,3) + f(0,1,2,3,4)
Step=61 #######################....... Axiom55 04(1,2,3) - g3 f(0,1,2,3,4) >= f(1,2,3)
Step=61 #######################....... Axiom63 14(0,2,3) - g3 f(0,1,2,3,4) >= f(0,2,3)
Step=61 #######################....... Axiom13 02(1,4) - g2 f(0,1,4) + f(1,2,4) >= f(0,1,2,3,4) + f(1,4)
Step=61 #######################....... Axiom21 12(0,4) - g2 f(0,1,4) + f(0,2,4) >= f(0,1,2,3,4) + f(0,4)
Step=61 #######################....... Axiom29 03(1,4) - g2 f(0,1,4) + f(1,3,4) >= f(0,1,2,3,4) + f(1,4)
Step=61 #######################....... Axiom37 13(0,4) - g2 f(0,1,4) + f(0,3,4) >= f(0,1,2,3,4) + f(0,4)
Step=61 ########################...... Axiom41 23(0) - g1 f(0,2) + f(0,3) >= f(0) + f(0,2,3)
Step=61 ########################...... Axiom42 23(1) - g1 f(1,2) + f(1,3) >= f(1) + f(1,2,3)
Step=61 #########################..... Axiom10 02(3) - g1 f(0,3) + f(2,3) >= f(3) + f(0,2,3)
Step=61 #########################..... Axiom18 12(3) - g1 f(1,3) + f(2,3) >= f(3) + f(1,2,3)
Step=61 #########################..... Axiom26 03(2) - g1 f(0,2) + f(2,3) >= f(2) + f(0,2,3)
Step=61 #########################..... Axiom34 13(2) - g1 f(1,2) + f(2,3) >= f(2) + f(1,2,3)
Step=61 #########################..... Axiom50 04(2) - g1 f(0,2) + f(2,4) >= f(2) + f(0,2,4)
Step=61 #########################..... Axiom52 04(3) - g1 f(0,3) + f(3,4) >= f(3) + f(0,3,4)
Step=61 #########################..... Axiom58 14(2) - g1 f(1,2) + f(2,4) >= f(2) + f(1,2,4)
Step=61 #########################..... Axiom60 14(3) - g1 f(1,3) + f(3,4) >= f(3) + f(1,3,4)
Step=61 #########################..... Axiom15 02(1,3,4) - g3 f(0,1,2,3,4) >= f(1,3,4)
Step=61 #########################..... Axiom23 12(0,3,4) - g3 f(0,1,2,3,4) >= f(0,3,4)
Step=61 #########################..... Axiom31 03(1,2,4) - g3 f(0,1,2,3,4) >= f(1,2,4)
Step=61 #########################..... Axiom39 13(0,2,4) - g3 f(0,1,2,3,4) >= f(0,2,4)
Step=61 ##########################.... Axiom65 24(0) - g1 f(0,2) + f(0,4) >= f(0) + f(0,2,4)
Step=61 ##########################.... Axiom66 24(1) - g1 f(1,2) + f(1,4) >= f(1) + f(1,2,4)
Step=61 ##########################.... Axiom73 34(0) - g1 f(0,3) + f(0,4) >= f(0) + f(0,3,4)
Step=61 ##########################.... Axiom74 34(1) - g1 f(1,3) + f(1,4) >= f(1) + f(1,3,4)
Step=61 ###########################... Axiom9 02(1) - g1 f(0,1) + f(1,2) >= f(1) + f(0,1,2)
Step=61 ###########################... Axiom17 12(0) - g1 f(0,1) + f(0,2) >= f(0) + f(0,1,2)
Step=61 ###########################... Axiom25 03(1) - g1 f(0,1) + f(1,3) >= f(1) + f(0,1,3)
Step=61 ###########################... Axiom33 13(0) - g1 f(0,1) + f(0,3) >= f(0) + f(0,1,3)
Step=61 ###########################... Axiom45 23(0,4) - g2 f(0,2,4) + f(0,3,4) >= f(0,1,2,3,4) + f(0,4)
Step=61 ###########################... Axiom46 23(1,4) - g2 f(1,2,4) + f(1,3,4) >= f(0,1,2,3,4) + f(1,4)
Step=61 ############################## Axiom12 02(4) - g1 f(0,4) + f(2,4) >= f(4) + f(0,2,4)
Step=61 ############################## Axiom20 12(4) - g1 f(1,4) + f(2,4) >= f(4) + f(1,2,4)
Step=61 ############################## Axiom28 03(4) - g1 f(0,4) + f(3,4) >= f(4) + f(0,3,4)
Step=61 ############################## Axiom36 13(4) - g1 f(1,4) + f(3,4) >= f(4) + f(1,3,4)
Step=61 ############################## Axiom69 24(0,3) - g2 f(0,2,3) + f(0,3,4) >= f(0,3) + f(0,1,2,3,4)
Step=61 ############################## Axiom70 24(1,3) - g2 f(1,2,3) + f(1,3,4) >= f(1,3) + f(0,1,2,3,4)
Step=61 ############################## Axiom77 34(0,2) - g2 f(0,2,3) + f(0,2,4) >= f(0,2) + f(0,1,2,3,4)
Step=61 ############################## Axiom78 34(1,2) - g2 f(1,2,3) + f(1,2,4) >= f(1,2) + f(0,1,2,3,4)

Ordered by number of previous rays:
Step=61 $$$$$$$$$$$$$$$$$$$$$$$$...... (min) Axiom71 24(0,1,3) - g3 f(0,1,2,3,4) >= f(0,1,3)
Step=61 $$$$$$$$$$$$$$$$$$$$$$$$...... (min) Axiom79 34(0,1,2) - g3 f(0,1,2,3,4) >= f(0,1,2)
Step=61 $$$$$$$$$$$$$$$$$$$$$$$$$$.... Axiom49 04(1) - g1 f(0,1) + f(1,4) >= f(1) + f(0,1,4)
Step=61 $$$$$$$$$$$$$$$$$$$$$$$$$$.... Axiom57 14(0) - g1 f(0,1) + f(0,4) >= f(0) + f(0,1,4)
Step=61 $$$$$$$$$$$$$$$$$$$$$$$$$$$... Axiom41 23(0) - g1 f(0,2) + f(0,3) >= f(0) + f(0,2,3)
Step=61 $$$$$$$$$$$$$$$$$$$$$$$$$$$... Axiom42 23(1) - g1 f(1,2) + f(1,3) >= f(1) + f(1,2,3)
Step=61 $$$$$$$$$$$$$$$$$$$$$$$$$$$... Axiom43 23(0,1) - g2 f(0,1,2) + f(0,1,3) >= f(0,1) + f(0,1,2,3,4)
Step=61 $$$$$$$$$$$$$$$$$$$$$$$$$$$... Axiom50 04(2) - g1 f(0,2) + f(2,4) >= f(2) + f(0,2,4)
Step=61 $$$$$$$$$$$$$$$$$$$$$$$$$$$... Axiom52 04(3) - g1 f(0,3) + f(3,4) >= f(3) + f(0,3,4)
Step=61 $$$$$$$$$$$$$$$$$$$$$$$$$$$... Axiom58 14(2) - g1 f(1,2) + f(2,4) >= f(2) + f(1,2,4)
Step=61 $$$$$$$$$$$$$$$$$$$$$$$$$$$... Axiom60 14(3) - g1 f(1,3) + f(3,4) >= f(3) + f(1,3,4)
Step=61 $$$$$$$$$$$$$$$$$$$$$$$$$$$... Axiom54 04(2,3) - g2 f(0,2,3) + f(2,3,4) >= f(2,3) + f(0,1,2,3,4)
Step=61 $$$$$$$$$$$$$$$$$$$$$$$$$$$... Axiom62 14(2,3) - g2 f(1,2,3) + f(2,3,4) >= f(2,3) + f(0,1,2,3,4)
Step=61 $$$$$$$$$$$$$$$$$$$$$$$$$$$... Axiom10 02(3) - g1 f(0,3) + f(2,3) >= f(3) + f(0,2,3)
Step=61 $$$$$$$$$$$$$$$$$$$$$$$$$$$... Axiom18 12(3) - g1 f(1,3) + f(2,3) >= f(3) + f(1,2,3)
Step=61 $$$$$$$$$$$$$$$$$$$$$$$$$$$... Axiom26 03(2) - g1 f(0,2) + f(2,3) >= f(2) + f(0,2,3)
Step=61 $$$$$$$$$$$$$$$$$$$$$$$$$$$... Axiom34 13(2) - g1 f(1,2) + f(2,3) >= f(2) + f(1,2,3)
Step=61 $$$$$$$$$$$$$$$$$$$$$$$$$$$... Axiom55 04(1,2,3) - g3 f(0,1,2,3,4) >= f(1,2,3)
Step=61 $$$$$$$$$$$$$$$$$$$$$$$$$$$... Axiom63 14(0,2,3) - g3 f(0,1,2,3,4) >= f(0,2,3)
Step=61 $$$$$$$$$$$$$$$$$$$$$$$$$$$... Axiom14 02(3,4) - g2 f(0,3,4) + f(2,3,4) >= f(0,1,2,3,4) + f(3,4)
Step=61 $$$$$$$$$$$$$$$$$$$$$$$$$$$... Axiom22 12(3,4) - g2 f(1,3,4) + f(2,3,4) >= f(0,1,2,3,4) + f(3,4)
Step=61 $$$$$$$$$$$$$$$$$$$$$$$$$$$... Axiom30 03(2,4) - g2 f(0,2,4) + f(2,3,4) >= f(0,1,2,3,4) + f(2,4)
Step=61 $$$$$$$$$$$$$$$$$$$$$$$$$$$... Axiom38 13(2,4) - g2 f(1,2,4) + f(2,3,4) >= f(0,1,2,3,4) + f(2,4)
Step=61 $$$$$$$$$$$$$$$$$$$$$$$$$$$... Axiom65 24(0) - g1 f(0,2) + f(0,4) >= f(0) + f(0,2,4)
Step=61 $$$$$$$$$$$$$$$$$$$$$$$$$$$... Axiom66 24(1) - g1 f(1,2) + f(1,4) >= f(1) + f(1,2,4)
Step=61 $$$$$$$$$$$$$$$$$$$$$$$$$$$... Axiom73 34(0) - g1 f(0,3) + f(0,4) >= f(0) + f(0,3,4)
Step=61 $$$$$$$$$$$$$$$$$$$$$$$$$$$... Axiom74 34(1) - g1 f(1,3) + f(1,4) >= f(1) + f(1,3,4)
Step=61 $$$$$$$$$$$$$$$$$$$$$$$$$$$... Axiom15 02(1,3,4) - g3 f(0,1,2,3,4) >= f(1,3,4)
Step=61 $$$$$$$$$$$$$$$$$$$$$$$$$$$... Axiom23 12(0,3,4) - g3 f(0,1,2,3,4) >= f(0,3,4)
Step=61 $$$$$$$$$$$$$$$$$$$$$$$$$$$... Axiom31 03(1,2,4) - g3 f(0,1,2,3,4) >= f(1,2,4)
Step=61 $$$$$$$$$$$$$$$$$$$$$$$$$$$... Axiom39 13(0,2,4) - g3 f(0,1,2,3,4) >= f(0,2,4)
Step=61 $$$$$$$$$$$$$$$$$$$$$$$$$$$$.. Axiom45 23(0,4) - g2 f(0,2,4) + f(0,3,4) >= f(0,1,2,3,4) + f(0,4)
Step=61 $$$$$$$$$$$$$$$$$$$$$$$$$$$$.. Axiom46 23(1,4) - g2 f(1,2,4) + f(1,3,4) >= f(0,1,2,3,4) + f(1,4)
Step=61 $$$$$$$$$$$$$$$$$$$$$$$$$$$$.. Axiom9 02(1) - g1 f(0,1) + f(1,2) >= f(1) + f(0,1,2)
Step=61 $$$$$$$$$$$$$$$$$$$$$$$$$$$$.. Axiom17 12(0) - g1 f(0,1) + f(0,2) >= f(0) + f(0,1,2)
Step=61 $$$$$$$$$$$$$$$$$$$$$$$$$$$$.. Axiom25 03(1) - g1 f(0,1) + f(1,3) >= f(1) + f(0,1,3)
Step=61 $$$$$$$$$$$$$$$$$$$$$$$$$$$$.. Axiom33 13(0) - g1 f(0,1) + f(0,3) >= f(0) + f(0,1,3)
Step=61 $$$$$$$$$$$$$$$$$$$$$$$$$$$$.. Axiom12 02(4) - g1 f(0,4) + f(2,4) >= f(4) + f(0,2,4)
Step=61 $$$$$$$$$$$$$$$$$$$$$$$$$$$$.. Axiom20 12(4) - g1 f(1,4) + f(2,4) >= f(4) + f(1,2,4)
Step=61 $$$$$$$$$$$$$$$$$$$$$$$$$$$$.. Axiom28 03(4) - g1 f(0,4) + f(3,4) >= f(4) + f(0,3,4)
Step=61 $$$$$$$$$$$$$$$$$$$$$$$$$$$$.. Axiom36 13(4) - g1 f(1,4) + f(3,4) >= f(4) + f(1,3,4)
Step=61 $$$$$$$$$$$$$$$$$$$$$$$$$$$$.. Axiom67 24(0,1) - g2 f(0,1,2) + f(0,1,4) >= f(0,1) + f(0,1,2,3,4)
Step=61 $$$$$$$$$$$$$$$$$$$$$$$$$$$$.. Axiom75 34(0,1) - g2 f(0,1,3) + f(0,1,4) >= f(0,1) + f(0,1,2,3,4)
Step=61 $$$$$$$$$$$$$$$$$$$$$$$$$$$$$. Axiom13 02(1,4) - g2 f(0,1,4) + f(1,2,4) >= f(0,1,2,3,4) + f(1,4)
Step=61 $$$$$$$$$$$$$$$$$$$$$$$$$$$$$. Axiom21 12(0,4) - g2 f(0,1,4) + f(0,2,4) >= f(0,1,2,3,4) + f(0,4)
Step=61 $$$$$$$$$$$$$$$$$$$$$$$$$$$$$. Axiom29 03(1,4) - g2 f(0,1,4) + f(1,3,4) >= f(0,1,2,3,4) + f(1,4)
Step=61 $$$$$$$$$$$$$$$$$$$$$$$$$$$$$. Axiom37 13(0,4) - g2 f(0,1,4) + f(0,3,4) >= f(0,1,2,3,4) + f(0,4)
Step=61 $$$$$$$$$$$$$$$$$$$$$$$$$$$$$. Axiom11 02(1,3) - g2 f(0,1,3) + f(1,2,3) >= f(1,3) + f(0,1,2,3,4)
Step=61 $$$$$$$$$$$$$$$$$$$$$$$$$$$$$. Axiom19 12(0,3) - g2 f(0,1,3) + f(0,2,3) >= f(0,3) + f(0,1,2,3,4)
Step=61 $$$$$$$$$$$$$$$$$$$$$$$$$$$$$. Axiom27 03(1,2) - g2 f(0,1,2) + f(1,2,3) >= f(1,2) + f(0,1,2,3,4)
Step=61 $$$$$$$$$$$$$$$$$$$$$$$$$$$$$. Axiom35 13(0,2) - g2 f(0,1,2) + f(0,2,3) >= f(0,2) + f(0,1,2,3,4)
Step=61 $$$$$$$$$$$$$$$$$$$$$$$$$$$$$$ Axiom51 04(1,2) - g2 f(0,1,2) + f(1,2,4) >= f(1,2) + f(0,1,2,3,4)
Step=61 $$$$$$$$$$$$$$$$$$$$$$$$$$$$$$ Axiom53 04(1,3) - g2 f(0,1,3) + f(1,3,4) >= f(1,3) + f(0,1,2,3,4)
Step=61 $$$$$$$$$$$$$$$$$$$$$$$$$$$$$$ Axiom59 14(0,2) - g2 f(0,1,2) + f(0,2,4) >= f(0,2) + f(0,1,2,3,4)
Step=61 $$$$$$$$$$$$$$$$$$$$$$$$$$$$$$ Axiom61 14(0,3) - g2 f(0,1,3) + f(0,3,4) >= f(0,3) + f(0,1,2,3,4)
Step=61 $$$$$$$$$$$$$$$$$$$$$$$$$$$$$$ Axiom69 24(0,3) - g2 f(0,2,3) + f(0,3,4) >= f(0,3) + f(0,1,2,3,4)
Step=61 $$$$$$$$$$$$$$$$$$$$$$$$$$$$$$ Axiom70 24(1,3) - g2 f(1,2,3) + f(1,3,4) >= f(1,3) + f(0,1,2,3,4)
Step=61 $$$$$$$$$$$$$$$$$$$$$$$$$$$$$$ Axiom77 34(0,2) - g2 f(0,2,3) + f(0,2,4) >= f(0,2) + f(0,1,2,3,4)
Step=61 $$$$$$$$$$$$$$$$$$$$$$$$$$$$$$ Axiom78 34(1,2) - g2 f(1,2,3) + f(1,2,4) >= f(1,2) + f(0,1,2,3,4)
