! VaryAxiom=6 NoInitialAxiomSet
Step=51 PrevRays=   774 ResultRays=   718 RayPairs=     26840 NewAxiom=9 PrevAxioms=6,10,11,12,13,14,17,18,20,22,25,26,27,28,29,33,36,42,49,50,57,63,65,69,72,73,19,21,37,43,77,35,30,54,61,75,52,53,59,67,74,70,34,60,38,62,58,51,66,78,+9 MissingAxioms=0,1,2,3,4,5,7,8,15,16,23,24,31,32,39,40,41,44,45,46,47,48,55,56,64,68,71,76,79 TotalTime=0.1
Step=51 PrevRays=   730 ResultRays=   718 RayPairs=     32520 NewAxiom=10 PrevAxioms=6,9,11,12,13,14,17,18,19,20,22,25,26,28,29,33,36,42,49,50,57,63,65,69,72,73,21,27,35,37,43,77,30,54,59,67,34,51,61,75,66,38,58,62,60,53,74,78,52,70,+10 MissingAxioms=0,1,2,3,4,5,7,8,15,16,23,24,31,32,39,40,41,44,45,46,47,48,55,56,64,68,71,76,79 TotalTime=0.1
Step=51 PrevRays=   767 ResultRays=   718 RayPairs=     30660 NewAxiom=11 PrevAxioms=6,9,10,12,13,14,17,18,19,20,22,25,26,28,29,33,36,42,49,50,57,63,65,69,72,73,21,35,37,77,51,53,38,59,67,70,66,52,61,75,74,54,30,78,58,62,34,27,43,60,+11 MissingAxioms=0,1,2,3,4,5,7,8,15,16,23,24,31,32,39,40,41,44,45,46,47,48,55,56,64,68,71,76,79 TotalTime=0.1
Step=51 PrevRays=   690 ResultRays=   718 RayPairs=     30345 NewAxiom=12 PrevAxioms=6,9,10,11,13,14,17,18,20,21,22,25,26,28,29,33,36,42,49,50,57,63,65,69,72,73,19,37,51,59,67,38,66,53,75,61,70,43,58,74,27,35,78,34,62,60,77,54,30,52,+12 MissingAxioms=0,1,2,3,4,5,7,8,15,16,23,24,31,32,39,40,41,44,45,46,47,48,55,56,64,68,71,76,79 TotalTime=0.1
Step=51 PrevRays=   689 ResultRays=   718 RayPairs=     21280 NewAxiom=13 PrevAxioms=6,9,10,11,12,14,17,18,20,21,22,25,26,28,29,33,36,42,49,50,57,63,65,69,72,73,19,30,38,53,59,67,43,54,27,77,52,35,37,61,75,74,70,60,62,34,58,51,66,78,+13 MissingAxioms=0,1,2,3,4,5,7,8,15,16,23,24,31,32,39,40,41,44,45,46,47,48,55,56,64,68,71,76,79 TotalTime=0.1
Step=51 PrevRays=   683 ResultRays=   718 RayPairs=     22440 NewAxiom=14 PrevAxioms=6,9,10,11,12,13,17,18,20,22,25,26,28,29,30,33,36,42,49,50,57,63,65,69,72,73,19,21,37,54,77,27,43,59,61,53,67,38,75,74,51,66,58,52,35,70,78,62,34,60,+14 MissingAxioms=0,1,2,3,4,5,7,8,15,16,23,24,31,32,39,40,41,44,45,46,47,48,55,56,64,68,71,76,79 TotalTime=0.1
Step=51 PrevRays=   715 ResultRays=   718 RayPairs=     24605 NewAxiom=17 PrevAxioms=6,9,10,11,12,13,14,18,20,22,25,26,28,29,33,34,36,42,49,50,57,63,65,69,72,73,19,21,37,77,27,43,61,35,75,30,38,51,54,53,74,52,70,60,62,58,59,67,66,78,+17 MissingAxioms=0,1,2,3,4,5,7,8,15,16,23,24,31,32,39,40,41,44,45,46,47,48,55,56,64,68,71,76,79 TotalTime=0.1
Step=51 PrevRays=   741 ResultRays=   718 RayPairs=     36270 NewAxiom=18 PrevAxioms=6,9,10,11,12,13,14,17,19,20,22,25,26,28,29,33,36,42,49,50,57,63,65,69,72,73,21,27,35,37,43,77,30,54,59,67,34,51,52,61,75,66,38,53,60,78,62,74,70,58,+18 MissingAxioms=0,1,2,3,4,5,7,8,15,16,23,24,31,32,39,40,41,44,45,46,47,48,55,56,64,68,71,76,79 TotalTime=0.1
Step=51 PrevRays=   672 ResultRays=   718 RayPairs=     26565 NewAxiom=19 PrevAxioms=6,9,10,11,12,13,14,17,18,20,22,25,26,28,29,33,36,42,49,50,57,63,65,69,72,73,21,27,37,43,77,59,61,30,54,67,75,51,52,70,53,74,38,58,66,78,62,34,35,60,+19 MissingAxioms=0,1,2,3,4,5,7,8,15,16,23,24,31,32,39,40,41,44,45,46,47,48,55,56,64,68,71,76,79 TotalTime=0.1
Step=51 PrevRays=   706 ResultRays=   718 RayPairs=     31000 NewAxiom=20 PrevAxioms=6,9,10,11,12,13,14,17,18,21,22,25,26,28,29,33,36,42,49,50,57,63,65,69,72,73,19,30,51,59,67,53,54,66,35,52,37,77,61,43,58,27,75,70,74,78,62,60,34,38,+20 MissingAxioms=0,1,2,3,4,5,7,8,15,16,23,24,31,32,39,40,41,44,45,46,47,48,55,56,64,68,71,76,79 TotalTime=0.1
Step=51 PrevRays=   711 ResultRays=   718 RayPairs=     22932 NewAxiom=21 PrevAxioms=6,9,10,11,12,13,14,17,18,20,22,25,26,28,29,33,36,42,49,50,57,63,65,69,72,73,19,30,38,51,77,35,53,54,52,37,61,75,43,27,70,74,60,62,34,58,59,67,66,78,+21 MissingAxioms=0,1,2,3,4,5,7,8,15,16,23,24,31,32,39,40,41,44,45,46,47,48,55,56,64,68,71,76,79 TotalTime=0.1
Step=51 PrevRays=   692 ResultRays=   718 RayPairs=     22724 NewAxiom=22 PrevAxioms=6,9,10,11,12,13,14,17,18,20,25,26,28,29,33,36,38,42,49,50,57,63,65,69,72,73,19,21,37,77,27,43,59,61,30,54,67,75,53,52,35,74,60,34,66,78,51,70,62,58,+22 MissingAxioms=0,1,2,3,4,5,7,8,15,16,23,24,31,32,39,40,41,44,45,46,47,48,55,56,64,68,71,76,79 TotalTime=0.1
Step=51 PrevRays=   774 ResultRays=   718 RayPairs=     26840 NewAxiom=25 PrevAxioms=6,9,10,11,12,13,14,17,18,20,22,26,27,28,29,33,36,42,49,50,57,63,65,69,72,73,19,21,37,77,35,51,34,38,43,61,75,70,30,54,52,59,58,67,62,66,60,53,74,78,+25 MissingAxioms=0,1,2,3,4,5,7,8,15,16,23,24,31,32,39,40,41,44,45,46,47,48,55,56,64,68,71,76,79 TotalTime=0.1
Step=51 PrevRays=   730 ResultRays=   718 RayPairs=     32520 NewAxiom=26 PrevAxioms=6,9,10,11,12,13,14,17,18,20,22,25,28,29,33,34,36,42,49,50,57,63,65,69,72,73,19,21,37,77,27,43,59,61,30,67,75,53,70,74,38,51,58,62,60,35,66,78,54,52,+26 MissingAxioms=0,1,2,3,4,5,7,8,15,16,23,24,31,32,39,40,41,44,45,46,47,48,55,56,64,68,71,76,79 TotalTime=0.1
Step=51 PrevRays=   767 ResultRays=   718 RayPairs=     30660 NewAxiom=27 PrevAxioms=6,9,10,11,12,13,14,17,18,20,22,25,26,28,29,33,36,42,49,50,57,63,65,69,72,73,19,21,37,77,35,51,53,38,61,75,43,70,74,30,54,59,58,67,52,66,78,62,34,60,+27 MissingAxioms=0,1,2,3,4,5,7,8,15,16,23,24,31,32,39,40,41,44,45,46,47,48,55,56,64,68,71,76,79 TotalTime=0.1
Step=51 PrevRays=   690 ResultRays=   718 RayPairs=     30345 NewAxiom=28 PrevAxioms=6,9,10,11,12,13,14,17,18,20,22,25,26,29,30,33,36,42,49,50,57,63,65,69,72,73,19,21,53,54,77,35,38,43,27,52,59,67,34,66,78,51,58,62,60,61,75,74,37,70,+28 MissingAxioms=0,1,2,3,4,5,7,8,15,16,23,24,31,32,39,40,41,44,45,46,47,48,55,56,64,68,71,76,79 TotalTime=0.1
Step=51 PrevRays=   689 ResultRays=   718 RayPairs=     21280 NewAxiom=29 PrevAxioms=6,9,10,11,12,13,14,17,18,20,22,25,26,28,33,36,37,42,49,50,57,63,65,69,72,73,19,21,61,75,27,43,67,30,54,59,77,38,51,66,52,35,34,78,58,62,60,53,74,70,+29 MissingAxioms=0,1,2,3,4,5,7,8,15,16,23,24,31,32,39,40,41,44,45,46,47,48,55,56,64,68,71,76,79 TotalTime=0.1
Step=51 PrevRays=   683 ResultRays=   718 RayPairs=     22440 NewAxiom=30 PrevAxioms=6,9,10,11,12,13,14,17,18,20,22,25,26,28,29,33,36,42,49,50,57,63,65,69,72,73,19,21,37,77,27,43,59,61,53,67,38,70,51,66,75,74,58,52,54,35,34,62,78,60,+30 MissingAxioms=0,1,2,3,4,5,7,8,15,16,23,24,31,32,39,40,41,44,45,46,47,48,55,56,64,68,71,76,79 TotalTime=0.1
Step=51 PrevRays=   715 ResultRays=   718 RayPairs=     24605 NewAxiom=33 PrevAxioms=6,9,10,11,12,13,14,17,18,20,22,25,26,28,29,34,36,42,49,50,57,63,65,69,72,73,19,21,37,77,27,43,59,35,67,30,53,38,51,58,62,60,70,54,66,78,74,75,61,52,+33 MissingAxioms=0,1,2,3,4,5,7,8,15,16,23,24,31,32,39,40,41,44,45,46,47,48,55,56,64,68,71,76,79 TotalTime=0.1
Step=51 PrevRays=   741 ResultRays=   718 RayPairs=     36270 NewAxiom=34 PrevAxioms=6,9,10,11,12,13,14,17,18,20,22,25,26,28,29,33,36,42,49,50,57,63,65,69,72,73,19,21,37,77,27,43,59,61,30,54,67,75,53,52,35,74,70,38,51,58,62,66,78,60,+34 MissingAxioms=0,1,2,3,4,5,7,8,15,16,23,24,31,32,39,40,41,44,45,46,47,48,55,56,64,68,71,76,79 TotalTime=0.1
Step=51 PrevRays=   672 ResultRays=   718 RayPairs=     26565 NewAxiom=35 PrevAxioms=6,9,10,11,12,13,14,17,18,20,22,25,26,28,29,33,36,42,49,50,57,63,65,69,72,73,19,21,37,77,27,43,59,61,30,54,67,75,53,52,74,70,38,51,58,60,62,34,66,78,+35 MissingAxioms=0,1,2,3,4,5,7,8,15,16,23,24,31,32,39,40,41,44,45,46,47,48,55,56,64,68,71,76,79 TotalTime=0.1
Step=51 PrevRays=   706 ResultRays=   718 RayPairs=     31000 NewAxiom=36 PrevAxioms=6,9,10,11,12,13,14,17,18,20,22,25,26,28,29,33,37,42,49,50,57,63,65,69,72,73,19,21,53,61,75,43,67,74,27,30,54,59,77,52,60,35,34,62,66,51,70,78,38,58,+36 MissingAxioms=0,1,2,3,4,5,7,8,15,16,23,24,31,32,39,40,41,44,45,46,47,48,55,56,64,68,71,76,79 TotalTime=0.1
Step=51 PrevRays=   711 ResultRays=   718 RayPairs=     22932 NewAxiom=37 PrevAxioms=6,9,10,11,12,13,14,17,18,20,22,25,26,28,29,33,36,42,49,50,57,63,65,69,72,73,19,21,53,77,35,30,54,43,27,38,59,52,67,34,78,66,51,58,62,60,61,75,74,70,+37 MissingAxioms=0,1,2,3,4,5,7,8,15,16,23,24,31,32,39,40,41,44,45,46,47,48,55,56,64,68,71,76,79 TotalTime=0.1
Step=51 PrevRays=   692 ResultRays=   718 RayPairs=     22724 NewAxiom=38 PrevAxioms=6,9,10,11,12,13,14,17,18,20,22,25,26,28,29,33,36,42,49,50,57,63,65,69,72,73,19,21,37,77,27,43,59,61,30,54,67,75,53,52,35,74,70,34,60,62,66,51,78,58,+38 MissingAxioms=0,1,2,3,4,5,7,8,15,16,23,24,31,32,39,40,41,44,45,46,47,48,55,56,64,68,71,76,79 TotalTime=0.1
Step=51 PrevRays=   641 ResultRays=   718 RayPairs=     10656 NewAxiom=42 PrevAxioms=6,9,10,11,12,13,14,17,18,20,22,25,26,28,29,33,36,43,49,50,57,63,65,69,72,73,19,21,37,77,27,59,61,30,54,67,75,53,52,35,74,70,38,51,58,34,62,66,78,60,+42 MissingAxioms=0,1,2,3,4,5,7,8,15,16,23,24,31,32,39,40,41,44,45,46,47,48,55,56,64,68,71,76,79 TotalTime=0.1
Step=51 PrevRays=   641 ResultRays=   718 RayPairs=     10670 NewAxiom=43 PrevAxioms=6,9,10,11,12,13,14,17,18,20,22,25,26,28,29,33,36,42,49,50,57,63,65,69,72,73,19,21,37,77,27,59,61,30,54,67,75,53,52,35,74,70,38,51,58,34,62,66,78,60,+43 MissingAxioms=0,1,2,3,4,5,7,8,15,16,23,24,31,32,39,40,41,44,45,46,47,48,55,56,64,68,71,76,79 TotalTime=0.1
Step=51 PrevRays=   713 ResultRays=   718 RayPairs=     21371 NewAxiom=49 PrevAxioms=6,9,10,11,12,13,14,17,18,20,22,25,26,28,29,33,36,42,50,51,57,63,65,69,72,73,19,21,37,77,27,43,59,58,75,30,54,67,61,52,74,70,35,34,38,62,66,53,60,78,+49 MissingAxioms=0,1,2,3,4,5,7,8,15,16,23,24,31,32,39,40,41,44,45,46,47,48,55,56,64,68,71,76,79 TotalTime=0.1
Step=51 PrevRays=   766 ResultRays=   718 RayPairs=     49410 NewAxiom=50 PrevAxioms=6,9,10,11,12,13,14,17,18,20,22,25,26,28,29,33,36,42,49,52,57,63,65,69,72,73,19,21,37,77,27,43,59,61,30,67,75,53,54,74,70,51,38,66,60,62,35,34,58,78,+50 MissingAxioms=0,1,2,3,4,5,7,8,15,16,23,24,31,32,39,40,41,44,45,46,47,48,55,56,64,68,71,76,79 TotalTime=0.1
Step=51 PrevRays=   711 ResultRays=   718 RayPairs=     34122 NewAxiom=51 PrevAxioms=6,9,10,11,12,13,14,17,18,20,22,25,26,28,29,33,36,42,49,50,57,63,65,69,72,73,19,21,37,77,27,43,59,61,30,54,67,75,53,52,35,74,70,38,58,34,62,66,78,60,+51 MissingAxioms=0,1,2,3,4,5,7,8,15,16,23,24,31,32,39,40,41,44,45,46,47,48,55,56,64,68,71,76,79 TotalTime=0.1
Step=51 PrevRays=   766 ResultRays=   718 RayPairs=     49410 NewAxiom=52 PrevAxioms=6,9,10,11,12,13,14,17,18,20,22,25,26,28,29,33,36,42,49,50,57,63,65,69,72,73,19,21,37,77,27,43,59,61,30,54,67,75,53,70,74,38,51,58,35,34,62,60,66,78,+52 MissingAxioms=0,1,2,3,4,5,7,8,15,16,23,24,31,32,39,40,41,44,45,46,47,48,55,56,64,68,71,76,79 TotalTime=0.1
Step=51 PrevRays=   711 ResultRays=   718 RayPairs=     34122 NewAxiom=53 PrevAxioms=6,9,10,11,12,13,14,17,18,20,22,25,26,28,29,33,36,42,49,50,57,63,65,69,72,73,19,21,37,77,27,43,59,61,30,54,67,75,51,38,66,52,74,58,70,35,34,62,78,60,+53 MissingAxioms=0,1,2,3,4,5,7,8,15,16,23,24,31,32,39,40,41,44,45,46,47,48,55,56,64,68,71,76,79 TotalTime=0.1
Step=51 PrevRays=   711 ResultRays=   718 RayPairs=     22881 NewAxiom=54 PrevAxioms=6,9,10,11,12,13,14,17,18,20,22,25,26,28,29,33,36,42,49,50,57,63,65,69,72,73,19,21,37,77,27,43,59,61,30,67,75,53,52,35,74,70,34,60,38,66,62,51,78,58,+54 MissingAxioms=0,1,2,3,4,5,7,8,15,16,23,24,31,32,39,40,41,44,45,46,47,48,55,56,64,68,71,76,79 TotalTime=0.1
Step=51 PrevRays=   723 ResultRays=   718 RayPairs=     22400 NewAxiom=57 PrevAxioms=6,9,10,11,12,13,14,17,18,20,22,25,26,28,29,33,36,42,49,50,58,63,65,69,72,73,19,21,37,77,27,43,35,30,54,75,53,52,67,74,70,38,51,59,61,62,34,66,60,78,+57 MissingAxioms=0,1,2,3,4,5,7,8,15,16,23,24,31,32,39,40,41,44,45,46,47,48,55,56,64,68,71,76,79 TotalTime=0.1
Step=51 PrevRays=   750 ResultRays=   718 RayPairs=     44714 NewAxiom=58 PrevAxioms=6,9,10,11,12,13,14,17,18,20,22,25,26,28,29,33,36,42,49,50,57,63,65,69,72,73,19,21,37,77,27,43,59,61,30,54,67,75,53,52,35,74,70,38,51,66,60,62,78,34,+58 MissingAxioms=0,1,2,3,4,5,7,8,15,16,23,24,31,32,39,40,41,44,45,46,47,48,55,56,64,68,71,76,79 TotalTime=0.1
Step=51 PrevRays=   734 ResultRays=   718 RayPairs=     36580 NewAxiom=59 PrevAxioms=6,9,10,11,12,13,14,17,18,20,22,25,26,28,29,33,36,42,49,50,57,63,65,69,72,73,19,21,37,77,27,43,61,67,75,30,54,53,52,35,60,62,34,66,38,51,58,74,78,70,+59 MissingAxioms=0,1,2,3,4,5,7,8,15,16,23,24,31,32,39,40,41,44,45,46,47,48,55,56,64,68,71,76,79 TotalTime=0.1
Step=51 PrevRays=   750 ResultRays=   718 RayPairs=     44714 NewAxiom=60 PrevAxioms=6,9,10,11,12,13,14,17,18,20,22,25,26,28,29,33,36,42,49,50,57,63,65,69,72,73,19,21,37,77,27,43,59,61,30,54,67,75,53,52,35,74,70,38,51,58,62,34,66,78,+60 MissingAxioms=0,1,2,3,4,5,7,8,15,16,23,24,31,32,39,40,41,44,45,46,47,48,55,56,64,68,71,76,79 TotalTime=0.1
Step=51 PrevRays=   734 ResultRays=   718 RayPairs=     36580 NewAxiom=61 PrevAxioms=6,9,10,11,12,13,14,17,18,20,22,25,26,28,29,33,36,42,49,50,57,63,65,69,72,73,19,21,37,77,27,43,59,67,75,30,54,53,52,35,74,70,34,38,51,58,62,66,60,78,+61 MissingAxioms=0,1,2,3,4,5,7,8,15,16,23,24,31,32,39,40,41,44,45,46,47,48,55,56,64,68,71,76,79 TotalTime=0.1
Step=51 PrevRays=   703 ResultRays=   718 RayPairs=     19564 NewAxiom=62 PrevAxioms=6,9,10,11,12,13,14,17,18,20,22,25,26,28,29,33,36,42,49,50,57,63,65,69,72,73,19,21,37,77,27,43,59,61,30,54,67,75,53,52,35,74,70,38,51,58,34,66,78,60,+62 MissingAxioms=0,1,2,3,4,5,7,8,15,16,23,24,31,32,39,40,41,44,45,46,47,48,55,56,64,68,71,76,79 TotalTime=0.1
! VaryAxiom=63 NoInitialAxiomSet
Step=51 PrevRays=   691 ResultRays=   718 RayPairs=     25298 NewAxiom=65 PrevAxioms=6,9,10,11,12,13,14,17,18,20,22,25,26,28,29,33,36,42,49,50,57,63,66,69,72,73,19,21,37,27,43,59,75,61,30,54,53,70,35,74,78,52,60,62,34,38,58,51,67,77,+65 MissingAxioms=0,1,2,3,4,5,7,8,15,16,23,24,31,32,39,40,41,44,45,46,47,48,55,56,64,68,71,76,79 TotalTime=0.1
Step=51 PrevRays=   672 ResultRays=   718 RayPairs=     23716 NewAxiom=66 PrevAxioms=6,9,10,11,12,13,14,17,18,20,22,25,26,28,29,33,36,42,49,50,57,63,65,69,72,73,19,21,37,77,27,43,59,61,30,54,67,75,53,52,35,74,70,38,51,58,62,34,78,60,+66 MissingAxioms=0,1,2,3,4,5,7,8,15,16,23,24,31,32,39,40,41,44,45,46,47,48,55,56,64,68,71,76,79 TotalTime=0.1
Step=51 PrevRays=   768 ResultRays=   718 RayPairs=     34200 NewAxiom=67 PrevAxioms=6,9,10,11,12,13,14,17,18,20,22,25,26,28,29,33,36,42,49,50,57,63,65,69,72,73,19,21,37,77,27,43,59,61,30,54,75,53,52,35,70,74,60,62,34,38,58,51,66,78,+67 MissingAxioms=0,1,2,3,4,5,7,8,15,16,23,24,31,32,39,40,41,44,45,46,47,48,55,56,64,68,71,76,79 TotalTime=0.1
Step=51 PrevRays=   693 ResultRays=   718 RayPairs=     37668 NewAxiom=69 PrevAxioms=6,9,10,11,12,13,14,17,18,20,22,25,26,28,29,33,36,42,49,50,57,63,65,70,72,73,19,21,37,27,43,59,67,75,61,30,54,53,35,52,74,60,62,34,66,78,38,58,51,77,+69 MissingAxioms=0,1,2,3,4,5,7,8,15,16,23,24,31,32,39,40,41,44,45,46,47,48,55,56,64,68,71,76,79 TotalTime=0.1
Step=51 PrevRays=   682 ResultRays=   718 RayPairs=     36156 NewAxiom=70 PrevAxioms=6,9,10,11,12,13,14,17,18,20,22,25,26,28,29,33,36,42,49,50,57,63,65,69,72,73,19,21,37,77,27,43,59,61,30,54,67,75,53,52,35,74,38,51,58,66,34,62,60,78,+70 MissingAxioms=0,1,2,3,4,5,7,8,15,16,23,24,31,32,39,40,41,44,45,46,47,48,55,56,64,68,71,76,79 TotalTime=0.1
! VaryAxiom=72 NoInitialAxiomSet
Step=51 PrevRays=   691 ResultRays=   718 RayPairs=     25298 NewAxiom=73 PrevAxioms=6,9,10,11,12,13,14,17,18,20,22,25,26,28,29,33,36,42,49,50,57,63,65,69,72,74,19,21,37,27,43,59,67,61,30,54,53,75,70,35,52,60,62,77,34,38,58,51,66,78,+73 MissingAxioms=0,1,2,3,4,5,7,8,15,16,23,24,31,32,39,40,41,44,45,46,47,48,55,56,64,68,71,76,79 TotalTime=0.1
Step=51 PrevRays=   672 ResultRays=   718 RayPairs=     23716 NewAxiom=74 PrevAxioms=6,9,10,11,12,13,14,17,18,20,22,25,26,28,29,33,36,42,49,50,57,63,65,69,72,73,19,21,37,77,27,43,59,61,30,54,67,75,53,52,35,70,60,62,34,38,58,51,66,78,+74 MissingAxioms=0,1,2,3,4,5,7,8,15,16,23,24,31,32,39,40,41,44,45,46,47,48,55,56,64,68,71,76,79 TotalTime=0.1
Step=51 PrevRays=   768 ResultRays=   718 RayPairs=     34200 NewAxiom=75 PrevAxioms=6,9,10,11,12,13,14,17,18,20,22,25,26,28,29,33,36,42,49,50,57,63,65,69,72,73,19,21,37,77,27,43,59,61,30,54,67,53,52,35,70,60,62,34,66,51,38,58,74,78,+75 MissingAxioms=0,1,2,3,4,5,7,8,15,16,23,24,31,32,39,40,41,44,45,46,47,48,55,56,64,68,71,76,79 TotalTime=0.1
Step=51 PrevRays=   693 ResultRays=   718 RayPairs=     37668 NewAxiom=77 PrevAxioms=6,9,10,11,12,13,14,17,18,20,22,25,26,28,29,33,36,42,49,50,57,63,65,69,72,73,19,21,37,27,43,59,67,75,61,30,54,53,70,35,74,52,60,62,34,66,78,38,58,51,+77 MissingAxioms=0,1,2,3,4,5,7,8,15,16,23,24,31,32,39,40,41,44,45,46,47,48,55,56,64,68,71,76,79 TotalTime=0.1
Step=51 PrevRays=   682 ResultRays=   718 RayPairs=     36156 NewAxiom=78 PrevAxioms=6,9,10,11,12,13,14,17,18,20,22,25,26,28,29,33,36,42,49,50,57,63,65,69,72,73,19,21,37,77,27,43,59,61,30,54,67,75,53,52,35,74,70,38,51,58,62,34,66,60,+78 MissingAxioms=0,1,2,3,4,5,7,8,15,16,23,24,31,32,39,40,41,44,45,46,47,48,55,56,64,68,71,76,79 TotalTime=0.1

Ordered by number of ray pairs:
Step=51 ######........................ (min) Axiom42 23(1) - g1 f(1,2) + f(1,3) >= f(1) + f(1,2,3)
Step=51 ######........................ Axiom43 23(0,1) - g2 f(0,1,2) + f(0,1,3) >= f(0,1) + f(0,1,2,3,4)
Step=51 ############.................. Axiom62 14(2,3) - g2 f(1,2,3) + f(2,3,4) >= f(2,3) + f(0,1,2,3,4)
Step=51 #############................. Axiom13 02(1,4) - g2 f(0,1,4) + f(1,2,4) >= f(0,1,2,3,4) + f(1,4)
Step=51 #############................. Axiom29 03(1,4) - g2 f(0,1,4) + f(1,3,4) >= f(0,1,2,3,4) + f(1,4)
Step=51 #############................. Axiom49 04(1) - g1 f(0,1) + f(1,4) >= f(1) + f(0,1,4)
Step=51 ##############................ Axiom57 14(0) - g1 f(0,1) + f(0,4) >= f(0) + f(0,1,4)
Step=51 ##############................ Axiom14 02(3,4) - g2 f(0,3,4) + f(2,3,4) >= f(0,1,2,3,4) + f(3,4)
Step=51 ##############................ Axiom30 03(2,4) - g2 f(0,2,4) + f(2,3,4) >= f(0,1,2,3,4) + f(2,4)
Step=51 ##############................ Axiom22 12(3,4) - g2 f(1,3,4) + f(2,3,4) >= f(0,1,2,3,4) + f(3,4)
Step=51 ##############................ Axiom38 13(2,4) - g2 f(1,2,4) + f(2,3,4) >= f(0,1,2,3,4) + f(2,4)
Step=51 ##############................ Axiom54 04(2,3) - g2 f(0,2,3) + f(2,3,4) >= f(2,3) + f(0,1,2,3,4)
Step=51 ##############................ Axiom21 12(0,4) - g2 f(0,1,4) + f(0,2,4) >= f(0,1,2,3,4) + f(0,4)
Step=51 ##############................ Axiom37 13(0,4) - g2 f(0,1,4) + f(0,3,4) >= f(0,1,2,3,4) + f(0,4)
Step=51 ##############................ Axiom66 24(1) - g1 f(1,2) + f(1,4) >= f(1) + f(1,2,4)
Step=51 ##############................ Axiom74 34(1) - g1 f(1,3) + f(1,4) >= f(1) + f(1,3,4)
Step=51 ###############............... Axiom17 12(0) - g1 f(0,1) + f(0,2) >= f(0) + f(0,1,2)
Step=51 ###############............... Axiom33 13(0) - g1 f(0,1) + f(0,3) >= f(0) + f(0,1,3)
Step=51 ###############............... Axiom65 24(0) - g1 f(0,2) + f(0,4) >= f(0) + f(0,2,4)
Step=51 ###############............... Axiom73 34(0) - g1 f(0,3) + f(0,4) >= f(0) + f(0,3,4)
Step=51 ################.............. Axiom19 12(0,3) - g2 f(0,1,3) + f(0,2,3) >= f(0,3) + f(0,1,2,3,4)
Step=51 ################.............. Axiom35 13(0,2) - g2 f(0,1,2) + f(0,2,3) >= f(0,2) + f(0,1,2,3,4)
Step=51 ################.............. Axiom9 02(1) - g1 f(0,1) + f(1,2) >= f(1) + f(0,1,2)
Step=51 ################.............. Axiom25 03(1) - g1 f(0,1) + f(1,3) >= f(1) + f(0,1,3)
Step=51 ##################............ Axiom12 02(4) - g1 f(0,4) + f(2,4) >= f(4) + f(0,2,4)
Step=51 ##################............ Axiom28 03(4) - g1 f(0,4) + f(3,4) >= f(4) + f(0,3,4)
Step=51 ###################........... Axiom11 02(1,3) - g2 f(0,1,3) + f(1,2,3) >= f(1,3) + f(0,1,2,3,4)
Step=51 ###################........... Axiom27 03(1,2) - g2 f(0,1,2) + f(1,2,3) >= f(1,2) + f(0,1,2,3,4)
Step=51 ###################........... Axiom20 12(4) - g1 f(1,4) + f(2,4) >= f(4) + f(1,2,4)
Step=51 ###################........... Axiom36 13(4) - g1 f(1,4) + f(3,4) >= f(4) + f(1,3,4)
Step=51 ####################.......... Axiom10 02(3) - g1 f(0,3) + f(2,3) >= f(3) + f(0,2,3)
Step=51 ####################.......... Axiom26 03(2) - g1 f(0,2) + f(2,3) >= f(2) + f(0,2,3)
Step=51 #####################......... Axiom51 04(1,2) - g2 f(0,1,2) + f(1,2,4) >= f(1,2) + f(0,1,2,3,4)
Step=51 #####################......... Axiom53 04(1,3) - g2 f(0,1,3) + f(1,3,4) >= f(1,3) + f(0,1,2,3,4)
Step=51 #####################......... Axiom67 24(0,1) - g2 f(0,1,2) + f(0,1,4) >= f(0,1) + f(0,1,2,3,4)
Step=51 #####################......... Axiom75 34(0,1) - g2 f(0,1,3) + f(0,1,4) >= f(0,1) + f(0,1,2,3,4)
Step=51 ######################........ Axiom70 24(1,3) - g2 f(1,2,3) + f(1,3,4) >= f(1,3) + f(0,1,2,3,4)
Step=51 ######################........ Axiom78 34(1,2) - g2 f(1,2,3) + f(1,2,4) >= f(1,2) + f(0,1,2,3,4)
Step=51 ######################........ Axiom18 12(3) - g1 f(1,3) + f(2,3) >= f(3) + f(1,2,3)
Step=51 ######################........ Axiom34 13(2) - g1 f(1,2) + f(2,3) >= f(2) + f(1,2,3)
Step=51 ######################........ Axiom59 14(0,2) - g2 f(0,1,2) + f(0,2,4) >= f(0,2) + f(0,1,2,3,4)
Step=51 ######################........ Axiom61 14(0,3) - g2 f(0,1,3) + f(0,3,4) >= f(0,3) + f(0,1,2,3,4)
Step=51 #######################....... Axiom69 24(0,3) - g2 f(0,2,3) + f(0,3,4) >= f(0,3) + f(0,1,2,3,4)
Step=51 #######################....... Axiom77 34(0,2) - g2 f(0,2,3) + f(0,2,4) >= f(0,2) + f(0,1,2,3,4)
Step=51 ###########################... Axiom58 14(2) - g1 f(1,2) + f(2,4) >= f(2) + f(1,2,4)
Step=51 ###########################... Axiom60 14(3) - g1 f(1,3) + f(3,4) >= f(3) + f(1,3,4)
Step=51 ############################## Axiom50 04(2) - g1 f(0,2) + f(2,4) >= f(2) + f(0,2,4)
Step=51 ############################## Axiom52 04(3) - g1 f(0,3) + f(3,4) >= f(3) + f(0,3,4)

Ordered by number of previous rays:
Step=51 $$$$$$$$$$$$$$$$$$$$$$$$$..... (min) Axiom42 23(1) - g1 f(1,2) + f(1,3) >= f(1) + f(1,2,3)
Step=51 $$$$$$$$$$$$$$$$$$$$$$$$$..... (min) Axiom43 23(0,1) - g2 f(0,1,2) + f(0,1,3) >= f(0,1) + f(0,1,2,3,4)
Step=51 $$$$$$$$$$$$$$$$$$$$$$$$$$.... Axiom19 12(0,3) - g2 f(0,1,3) + f(0,2,3) >= f(0,3) + f(0,1,2,3,4)
Step=51 $$$$$$$$$$$$$$$$$$$$$$$$$$.... Axiom35 13(0,2) - g2 f(0,1,2) + f(0,2,3) >= f(0,2) + f(0,1,2,3,4)
Step=51 $$$$$$$$$$$$$$$$$$$$$$$$$$.... Axiom66 24(1) - g1 f(1,2) + f(1,4) >= f(1) + f(1,2,4)
Step=51 $$$$$$$$$$$$$$$$$$$$$$$$$$.... Axiom74 34(1) - g1 f(1,3) + f(1,4) >= f(1) + f(1,3,4)
Step=51 $$$$$$$$$$$$$$$$$$$$$$$$$$.... Axiom70 24(1,3) - g2 f(1,2,3) + f(1,3,4) >= f(1,3) + f(0,1,2,3,4)
Step=51 $$$$$$$$$$$$$$$$$$$$$$$$$$.... Axiom78 34(1,2) - g2 f(1,2,3) + f(1,2,4) >= f(1,2) + f(0,1,2,3,4)
Step=51 $$$$$$$$$$$$$$$$$$$$$$$$$$.... Axiom14 02(3,4) - g2 f(0,3,4) + f(2,3,4) >= f(0,1,2,3,4) + f(3,4)
Step=51 $$$$$$$$$$$$$$$$$$$$$$$$$$.... Axiom30 03(2,4) - g2 f(0,2,4) + f(2,3,4) >= f(0,1,2,3,4) + f(2,4)
Step=51 $$$$$$$$$$$$$$$$$$$$$$$$$$$... Axiom13 02(1,4) - g2 f(0,1,4) + f(1,2,4) >= f(0,1,2,3,4) + f(1,4)
Step=51 $$$$$$$$$$$$$$$$$$$$$$$$$$$... Axiom29 03(1,4) - g2 f(0,1,4) + f(1,3,4) >= f(0,1,2,3,4) + f(1,4)
Step=51 $$$$$$$$$$$$$$$$$$$$$$$$$$$... Axiom12 02(4) - g1 f(0,4) + f(2,4) >= f(4) + f(0,2,4)
Step=51 $$$$$$$$$$$$$$$$$$$$$$$$$$$... Axiom28 03(4) - g1 f(0,4) + f(3,4) >= f(4) + f(0,3,4)
Step=51 $$$$$$$$$$$$$$$$$$$$$$$$$$$... Axiom65 24(0) - g1 f(0,2) + f(0,4) >= f(0) + f(0,2,4)
Step=51 $$$$$$$$$$$$$$$$$$$$$$$$$$$... Axiom73 34(0) - g1 f(0,3) + f(0,4) >= f(0) + f(0,3,4)
Step=51 $$$$$$$$$$$$$$$$$$$$$$$$$$$... Axiom22 12(3,4) - g2 f(1,3,4) + f(2,3,4) >= f(0,1,2,3,4) + f(3,4)
Step=51 $$$$$$$$$$$$$$$$$$$$$$$$$$$... Axiom38 13(2,4) - g2 f(1,2,4) + f(2,3,4) >= f(0,1,2,3,4) + f(2,4)
Step=51 $$$$$$$$$$$$$$$$$$$$$$$$$$$... Axiom69 24(0,3) - g2 f(0,2,3) + f(0,3,4) >= f(0,3) + f(0,1,2,3,4)
Step=51 $$$$$$$$$$$$$$$$$$$$$$$$$$$... Axiom77 34(0,2) - g2 f(0,2,3) + f(0,2,4) >= f(0,2) + f(0,1,2,3,4)
Step=51 $$$$$$$$$$$$$$$$$$$$$$$$$$$... Axiom62 14(2,3) - g2 f(1,2,3) + f(2,3,4) >= f(2,3) + f(0,1,2,3,4)
Step=51 $$$$$$$$$$$$$$$$$$$$$$$$$$$... Axiom20 12(4) - g1 f(1,4) + f(2,4) >= f(4) + f(1,2,4)
Step=51 $$$$$$$$$$$$$$$$$$$$$$$$$$$... Axiom36 13(4) - g1 f(1,4) + f(3,4) >= f(4) + f(1,3,4)
Step=51 $$$$$$$$$$$$$$$$$$$$$$$$$$$$.. Axiom21 12(0,4) - g2 f(0,1,4) + f(0,2,4) >= f(0,1,2,3,4) + f(0,4)
Step=51 $$$$$$$$$$$$$$$$$$$$$$$$$$$$.. Axiom37 13(0,4) - g2 f(0,1,4) + f(0,3,4) >= f(0,1,2,3,4) + f(0,4)
Step=51 $$$$$$$$$$$$$$$$$$$$$$$$$$$$.. Axiom51 04(1,2) - g2 f(0,1,2) + f(1,2,4) >= f(1,2) + f(0,1,2,3,4)
Step=51 $$$$$$$$$$$$$$$$$$$$$$$$$$$$.. Axiom53 04(1,3) - g2 f(0,1,3) + f(1,3,4) >= f(1,3) + f(0,1,2,3,4)
Step=51 $$$$$$$$$$$$$$$$$$$$$$$$$$$$.. Axiom54 04(2,3) - g2 f(0,2,3) + f(2,3,4) >= f(2,3) + f(0,1,2,3,4)
Step=51 $$$$$$$$$$$$$$$$$$$$$$$$$$$$.. Axiom49 04(1) - g1 f(0,1) + f(1,4) >= f(1) + f(0,1,4)
Step=51 $$$$$$$$$$$$$$$$$$$$$$$$$$$$.. Axiom17 12(0) - g1 f(0,1) + f(0,2) >= f(0) + f(0,1,2)
Step=51 $$$$$$$$$$$$$$$$$$$$$$$$$$$$.. Axiom33 13(0) - g1 f(0,1) + f(0,3) >= f(0) + f(0,1,3)
Step=51 $$$$$$$$$$$$$$$$$$$$$$$$$$$$.. Axiom57 14(0) - g1 f(0,1) + f(0,4) >= f(0) + f(0,1,4)
Step=51 $$$$$$$$$$$$$$$$$$$$$$$$$$$$.. Axiom10 02(3) - g1 f(0,3) + f(2,3) >= f(3) + f(0,2,3)
Step=51 $$$$$$$$$$$$$$$$$$$$$$$$$$$$.. Axiom26 03(2) - g1 f(0,2) + f(2,3) >= f(2) + f(0,2,3)
Step=51 $$$$$$$$$$$$$$$$$$$$$$$$$$$$.. Axiom59 14(0,2) - g2 f(0,1,2) + f(0,2,4) >= f(0,2) + f(0,1,2,3,4)
Step=51 $$$$$$$$$$$$$$$$$$$$$$$$$$$$.. Axiom61 14(0,3) - g2 f(0,1,3) + f(0,3,4) >= f(0,3) + f(0,1,2,3,4)
Step=51 $$$$$$$$$$$$$$$$$$$$$$$$$$$$$. Axiom18 12(3) - g1 f(1,3) + f(2,3) >= f(3) + f(1,2,3)
Step=51 $$$$$$$$$$$$$$$$$$$$$$$$$$$$$. Axiom34 13(2) - g1 f(1,2) + f(2,3) >= f(2) + f(1,2,3)
Step=51 $$$$$$$$$$$$$$$$$$$$$$$$$$$$$. Axiom58 14(2) - g1 f(1,2) + f(2,4) >= f(2) + f(1,2,4)
Step=51 $$$$$$$$$$$$$$$$$$$$$$$$$$$$$. Axiom60 14(3) - g1 f(1,3) + f(3,4) >= f(3) + f(1,3,4)
Step=51 $$$$$$$$$$$$$$$$$$$$$$$$$$$$$$ Axiom50 04(2) - g1 f(0,2) + f(2,4) >= f(2) + f(0,2,4)
Step=51 $$$$$$$$$$$$$$$$$$$$$$$$$$$$$$ Axiom52 04(3) - g1 f(0,3) + f(3,4) >= f(3) + f(0,3,4)
Step=51 $$$$$$$$$$$$$$$$$$$$$$$$$$$$$$ Axiom11 02(1,3) - g2 f(0,1,3) + f(1,2,3) >= f(1,3) + f(0,1,2,3,4)
Step=51 $$$$$$$$$$$$$$$$$$$$$$$$$$$$$$ Axiom27 03(1,2) - g2 f(0,1,2) + f(1,2,3) >= f(1,2) + f(0,1,2,3,4)
Step=51 $$$$$$$$$$$$$$$$$$$$$$$$$$$$$$ Axiom67 24(0,1) - g2 f(0,1,2) + f(0,1,4) >= f(0,1) + f(0,1,2,3,4)
Step=51 $$$$$$$$$$$$$$$$$$$$$$$$$$$$$$ Axiom75 34(0,1) - g2 f(0,1,3) + f(0,1,4) >= f(0,1) + f(0,1,2,3,4)
Step=51 $$$$$$$$$$$$$$$$$$$$$$$$$$$$$$ Axiom9 02(1) - g1 f(0,1) + f(1,2) >= f(1) + f(0,1,2)
Step=51 $$$$$$$$$$$$$$$$$$$$$$$$$$$$$$ Axiom25 03(1) - g1 f(0,1) + f(1,3) >= f(1) + f(0,1,3)
