! VaryAxiom=6 NoInitialAxiomSet
Step=33 PrevRays=    32 ResultRays=    32 RayPairs=         3 NewAxiom=9 PrevAxioms=6,13,21,22,25,27,29,33,34,35,36,37,38,43,49,51,54,57,58,59,60,63,66,72,73,78,53,61,62,75,74,67,+9 MissingAxioms=0,1,2,3,4,5,7,8,10,11,12,14,15,16,17,18,19,20,23,24,26,28,30,31,32,39,40,41,42,44,45,46,47,48,50,52,55,56,64,65,68,69,70,71,76,77,79
Step=33 PrevRays=    32 ResultRays=    32 RayPairs=         4 NewAxiom=13 PrevAxioms=6,9,21,22,25,27,29,33,34,35,36,37,38,43,49,51,54,57,58,59,60,63,66,72,73,78,53,61,62,75,74,67,+13 MissingAxioms=0,1,2,3,4,5,7,8,10,11,12,14,15,16,17,18,19,20,23,24,26,28,30,31,32,39,40,41,42,44,45,46,47,48,50,52,55,56,64,65,68,69,70,71,76,77,79
! VaryAxiom=21 NoInitialAxiomSet
! VaryAxiom=22 NoInitialAxiomSet
Step=33 PrevRays=    32 ResultRays=    32 RayPairs=         6 NewAxiom=25 PrevAxioms=6,9,13,21,22,27,29,33,34,35,36,37,38,43,49,53,54,57,58,59,60,63,66,72,73,78,51,61,62,67,75,74,+25 MissingAxioms=0,1,2,3,4,5,7,8,10,11,12,14,15,16,17,18,19,20,23,24,26,28,30,31,32,39,40,41,42,44,45,46,47,48,50,52,55,56,64,65,68,69,70,71,76,77,79
! VaryAxiom=27 NoInitialAxiomSet
Step=33 PrevRays=    32 ResultRays=    32 RayPairs=         6 NewAxiom=29 PrevAxioms=6,9,13,21,22,25,27,33,34,35,36,37,38,43,49,53,54,57,58,59,60,63,66,72,73,78,51,61,62,67,75,74,+29 MissingAxioms=0,1,2,3,4,5,7,8,10,11,12,14,15,16,17,18,19,20,23,24,26,28,30,31,32,39,40,41,42,44,45,46,47,48,50,52,55,56,64,65,68,69,70,71,76,77,79
Step=33 PrevRays=    32 ResultRays=    32 RayPairs=         4 NewAxiom=33 PrevAxioms=6,9,13,21,22,25,27,29,34,35,36,37,38,43,49,54,57,58,59,60,61,63,66,72,73,78,51,62,67,75,53,74,+33 MissingAxioms=0,1,2,3,4,5,7,8,10,11,12,14,15,16,17,18,19,20,23,24,26,28,30,31,32,39,40,41,42,44,45,46,47,48,50,52,55,56,64,65,68,69,70,71,76,77,79
Step=33 PrevRays=    31 ResultRays=    32 RayPairs=         2 NewAxiom=34 PrevAxioms=6,9,13,21,22,25,27,29,33,35,36,37,38,43,49,54,57,58,59,60,62,63,66,72,73,78,51,61,67,75,53,74,+34 MissingAxioms=0,1,2,3,4,5,7,8,10,11,12,14,15,16,17,18,19,20,23,24,26,28,30,31,32,39,40,41,42,44,45,46,47,48,50,52,55,56,64,65,68,69,70,71,76,77,79
! VaryAxiom=35 NoInitialAxiomSet
! VaryAxiom=36 NoInitialAxiomSet
Step=33 PrevRays=    32 ResultRays=    32 RayPairs=         3 NewAxiom=37 PrevAxioms=6,9,13,21,22,25,27,29,33,34,35,36,38,43,49,54,57,58,59,60,61,63,66,72,73,78,51,62,67,75,53,74,+37 MissingAxioms=0,1,2,3,4,5,7,8,10,11,12,14,15,16,17,18,19,20,23,24,26,28,30,31,32,39,40,41,42,44,45,46,47,48,50,52,55,56,64,65,68,69,70,71,76,77,79
Step=33 PrevRays=    31 ResultRays=    32 RayPairs=         2 NewAxiom=38 PrevAxioms=6,9,13,21,22,25,27,29,33,34,35,36,37,43,49,54,57,58,59,60,62,63,66,72,73,78,51,61,67,75,53,74,+38 MissingAxioms=0,1,2,3,4,5,7,8,10,11,12,14,15,16,17,18,19,20,23,24,26,28,30,31,32,39,40,41,42,44,45,46,47,48,50,52,55,56,64,65,68,69,70,71,76,77,79
! VaryAxiom=43 NoInitialAxiomSet
Step=33 PrevRays=    34 ResultRays=    32 RayPairs=         8 NewAxiom=49 PrevAxioms=6,9,13,21,22,25,27,29,33,34,35,36,37,38,43,51,54,57,58,59,60,63,66,72,73,78,61,62,67,75,74,53,+49 MissingAxioms=0,1,2,3,4,5,7,8,10,11,12,14,15,16,17,18,19,20,23,24,26,28,30,31,32,39,40,41,42,44,45,46,47,48,50,52,55,56,64,65,68,69,70,71,76,77,79
Step=33 PrevRays=    31 ResultRays=    32 RayPairs=         3 NewAxiom=51 PrevAxioms=6,9,13,21,22,25,27,29,33,34,35,36,37,38,43,49,54,57,58,59,60,63,66,72,73,78,53,61,62,67,75,74,+51 MissingAxioms=0,1,2,3,4,5,7,8,10,11,12,14,15,16,17,18,19,20,23,24,26,28,30,31,32,39,40,41,42,44,45,46,47,48,50,52,55,56,64,65,68,69,70,71,76,77,79
Step=33 PrevRays=    31 ResultRays=    32 RayPairs=         4 NewAxiom=53 PrevAxioms=6,9,13,21,22,25,27,29,33,34,35,36,37,38,43,49,54,57,58,59,60,63,66,72,73,78,51,61,62,67,75,74,+53 MissingAxioms=0,1,2,3,4,5,7,8,10,11,12,14,15,16,17,18,19,20,23,24,26,28,30,31,32,39,40,41,42,44,45,46,47,48,50,52,55,56,64,65,68,69,70,71,76,77,79
! VaryAxiom=54 NoInitialAxiomSet
Step=33 PrevRays=    32 ResultRays=    32 RayPairs=         4 NewAxiom=57 PrevAxioms=6,9,13,21,22,25,27,29,33,34,35,36,37,38,43,49,54,58,59,60,61,63,66,72,73,78,51,62,67,75,53,74,+57 MissingAxioms=0,1,2,3,4,5,7,8,10,11,12,14,15,16,17,18,19,20,23,24,26,28,30,31,32,39,40,41,42,44,45,46,47,48,50,52,55,56,64,65,68,69,70,71,76,77,79
Step=33 PrevRays=    31 ResultRays=    32 RayPairs=         2 NewAxiom=58 PrevAxioms=6,9,13,21,22,25,27,29,33,34,35,36,37,38,43,49,54,57,59,60,62,63,66,72,73,78,51,61,67,75,53,74,+58 MissingAxioms=0,1,2,3,4,5,7,8,10,11,12,14,15,16,17,18,19,20,23,24,26,28,30,31,32,39,40,41,42,44,45,46,47,48,50,52,55,56,64,65,68,69,70,71,76,77,79
! VaryAxiom=59 NoInitialAxiomSet
! VaryAxiom=60 NoInitialAxiomSet
Step=33 PrevRays=    32 ResultRays=    32 RayPairs=         3 NewAxiom=61 PrevAxioms=6,9,13,21,22,25,27,29,33,34,35,36,37,38,43,49,54,57,58,59,60,63,66,72,73,78,51,62,67,75,53,74,+61 MissingAxioms=0,1,2,3,4,5,7,8,10,11,12,14,15,16,17,18,19,20,23,24,26,28,30,31,32,39,40,41,42,44,45,46,47,48,50,52,55,56,64,65,68,69,70,71,76,77,79
Step=33 PrevRays=    31 ResultRays=    32 RayPairs=         2 NewAxiom=62 PrevAxioms=6,9,13,21,22,25,27,29,33,34,35,36,37,38,43,49,54,57,58,59,60,63,66,72,73,78,51,61,67,75,53,74,+62 MissingAxioms=0,1,2,3,4,5,7,8,10,11,12,14,15,16,17,18,19,20,23,24,26,28,30,31,32,39,40,41,42,44,45,46,47,48,50,52,55,56,64,65,68,69,70,71,76,77,79
! VaryAxiom=63 NoInitialAxiomSet
Step=33 PrevRays=    32 ResultRays=    32 RayPairs=         3 NewAxiom=66 PrevAxioms=6,9,13,21,22,25,27,29,33,34,35,36,37,38,43,49,54,57,58,59,60,63,67,72,73,78,51,61,62,75,53,74,+66 MissingAxioms=0,1,2,3,4,5,7,8,10,11,12,14,15,16,17,18,19,20,23,24,26,28,30,31,32,39,40,41,42,44,45,46,47,48,50,52,55,56,64,65,68,69,70,71,76,77,79
Step=33 PrevRays=    32 ResultRays=    32 RayPairs=         4 NewAxiom=67 PrevAxioms=6,9,13,21,22,25,27,29,33,34,35,36,37,38,43,49,54,57,58,59,60,63,66,72,73,78,51,61,62,75,53,74,+67 MissingAxioms=0,1,2,3,4,5,7,8,10,11,12,14,15,16,17,18,19,20,23,24,26,28,30,31,32,39,40,41,42,44,45,46,47,48,50,52,55,56,64,65,68,69,70,71,76,77,79
! VaryAxiom=72 NoInitialAxiomSet
Step=33 PrevRays=    31 ResultRays=    32 RayPairs=         3 NewAxiom=73 PrevAxioms=6,9,13,21,22,25,27,29,33,34,35,36,37,38,43,49,54,57,58,59,60,63,66,72,74,78,51,61,62,67,75,53,+73 MissingAxioms=0,1,2,3,4,5,7,8,10,11,12,14,15,16,17,18,19,20,23,24,26,28,30,31,32,39,40,41,42,44,45,46,47,48,50,52,55,56,64,65,68,69,70,71,76,77,79
Step=33 PrevRays=    31 ResultRays=    32 RayPairs=         4 NewAxiom=74 PrevAxioms=6,9,13,21,22,25,27,29,33,34,35,36,37,38,43,49,54,57,58,59,60,63,66,72,73,78,51,61,62,67,75,53,+74 MissingAxioms=0,1,2,3,4,5,7,8,10,11,12,14,15,16,17,18,19,20,23,24,26,28,30,31,32,39,40,41,42,44,45,46,47,48,50,52,55,56,64,65,68,69,70,71,76,77,79
Step=33 PrevRays=    34 ResultRays=    32 RayPairs=         8 NewAxiom=75 PrevAxioms=6,9,13,21,22,25,27,29,33,34,35,36,37,38,43,49,54,57,58,59,60,63,66,72,73,78,51,61,62,67,53,74,+75 MissingAxioms=0,1,2,3,4,5,7,8,10,11,12,14,15,16,17,18,19,20,23,24,26,28,30,31,32,39,40,41,42,44,45,46,47,48,50,52,55,56,64,65,68,69,70,71,76,77,79
! VaryAxiom=78 NoInitialAxiomSet

Ordered by number of ray pairs:
Step=33 ########...................... (min) Axiom34 31(2) - g1 f(1,2) + f(2,3) >= f(2) + f(1,2,3)
Step=33 ########...................... (min) Axiom38 31(2,4) - g2 f(1,2,4) + f(2,3,4) >= f(0,1,2,3,4) + f(2,4)
Step=33 ########...................... (min) Axiom58 41(2) - g1 f(1,2) + f(2,4) >= f(2) + f(1,2,4)
Step=33 ########...................... (min) Axiom62 41(2,3) - g2 f(1,2,3) + f(2,3,4) >= f(2,3) + f(0,1,2,3,4)
Step=33 ###########................... Axiom9 20(1) - g1 f(0,1) + f(1,2) >= f(1) + f(0,1,2)
Step=33 ###########................... Axiom37 31(0,4) - g2 f(0,1,4) + f(0,3,4) >= f(0,1,2,3,4) + f(0,4)
Step=33 ###########................... Axiom51 40(1,2) - g2 f(0,1,2) + f(1,2,4) >= f(1,2) + f(0,1,2,3,4)
Step=33 ###########................... Axiom61 41(0,3) - g2 f(0,1,3) + f(0,3,4) >= f(0,3) + f(0,1,2,3,4)
Step=33 ###########................... Axiom66 42(1) - g1 f(1,2) + f(1,4) >= f(1) + f(1,2,4)
Step=33 ###########................... Axiom73 43(0) - g1 f(0,3) + f(0,4) >= f(0) + f(0,3,4)
Step=33 ###############............... Axiom13 20(1,4) - g2 f(0,1,4) + f(1,2,4) >= f(0,1,2,3,4) + f(1,4)
Step=33 ###############............... Axiom33 31(0) - g1 f(0,1) + f(0,3) >= f(0) + f(0,1,3)
Step=33 ###############............... Axiom53 40(1,3) - g2 f(0,1,3) + f(1,3,4) >= f(1,3) + f(0,1,2,3,4)
Step=33 ###############............... Axiom57 41(0) - g1 f(0,1) + f(0,4) >= f(0) + f(0,1,4)
Step=33 ###############............... Axiom67 42(0,1) - g2 f(0,1,2) + f(0,1,4) >= f(0,1) + f(0,1,2,3,4)
Step=33 ###############............... Axiom74 43(1) - g1 f(1,3) + f(1,4) >= f(1) + f(1,3,4)
Step=33 #######################....... Axiom25 30(1) - g1 f(0,1) + f(1,3) >= f(1) + f(0,1,3)
Step=33 #######################....... Axiom29 30(1,4) - g2 f(0,1,4) + f(1,3,4) >= f(0,1,2,3,4) + f(1,4)
Step=33 ############################## Axiom49 40(1) - g1 f(0,1) + f(1,4) >= f(1) + f(0,1,4)
Step=33 ############################## Axiom75 43(0,1) - g2 f(0,1,3) + f(0,1,4) >= f(0,1) + f(0,1,2,3,4)

Ordered by number of previous rays:
Step=33 $$$$$$$$$$$$$$$$$$$$$$$$$$$... (min) Axiom34 31(2) - g1 f(1,2) + f(2,3) >= f(2) + f(1,2,3)
Step=33 $$$$$$$$$$$$$$$$$$$$$$$$$$$... (min) Axiom38 31(2,4) - g2 f(1,2,4) + f(2,3,4) >= f(0,1,2,3,4) + f(2,4)
Step=33 $$$$$$$$$$$$$$$$$$$$$$$$$$$... (min) Axiom51 40(1,2) - g2 f(0,1,2) + f(1,2,4) >= f(1,2) + f(0,1,2,3,4)
Step=33 $$$$$$$$$$$$$$$$$$$$$$$$$$$... (min) Axiom53 40(1,3) - g2 f(0,1,3) + f(1,3,4) >= f(1,3) + f(0,1,2,3,4)
Step=33 $$$$$$$$$$$$$$$$$$$$$$$$$$$... (min) Axiom58 41(2) - g1 f(1,2) + f(2,4) >= f(2) + f(1,2,4)
Step=33 $$$$$$$$$$$$$$$$$$$$$$$$$$$... (min) Axiom62 41(2,3) - g2 f(1,2,3) + f(2,3,4) >= f(2,3) + f(0,1,2,3,4)
Step=33 $$$$$$$$$$$$$$$$$$$$$$$$$$$... (min) Axiom73 43(0) - g1 f(0,3) + f(0,4) >= f(0) + f(0,3,4)
Step=33 $$$$$$$$$$$$$$$$$$$$$$$$$$$... (min) Axiom74 43(1) - g1 f(1,3) + f(1,4) >= f(1) + f(1,3,4)
Step=33 $$$$$$$$$$$$$$$$$$$$$$$$$$$$.. Axiom9 20(1) - g1 f(0,1) + f(1,2) >= f(1) + f(0,1,2)
Step=33 $$$$$$$$$$$$$$$$$$$$$$$$$$$$.. Axiom13 20(1,4) - g2 f(0,1,4) + f(1,2,4) >= f(0,1,2,3,4) + f(1,4)
Step=33 $$$$$$$$$$$$$$$$$$$$$$$$$$$$.. Axiom25 30(1) - g1 f(0,1) + f(1,3) >= f(1) + f(0,1,3)
Step=33 $$$$$$$$$$$$$$$$$$$$$$$$$$$$.. Axiom29 30(1,4) - g2 f(0,1,4) + f(1,3,4) >= f(0,1,2,3,4) + f(1,4)
Step=33 $$$$$$$$$$$$$$$$$$$$$$$$$$$$.. Axiom33 31(0) - g1 f(0,1) + f(0,3) >= f(0) + f(0,1,3)
Step=33 $$$$$$$$$$$$$$$$$$$$$$$$$$$$.. Axiom37 31(0,4) - g2 f(0,1,4) + f(0,3,4) >= f(0,1,2,3,4) + f(0,4)
Step=33 $$$$$$$$$$$$$$$$$$$$$$$$$$$$.. Axiom57 41(0) - g1 f(0,1) + f(0,4) >= f(0) + f(0,1,4)
Step=33 $$$$$$$$$$$$$$$$$$$$$$$$$$$$.. Axiom61 41(0,3) - g2 f(0,1,3) + f(0,3,4) >= f(0,3) + f(0,1,2,3,4)
Step=33 $$$$$$$$$$$$$$$$$$$$$$$$$$$$.. Axiom66 42(1) - g1 f(1,2) + f(1,4) >= f(1) + f(1,2,4)
Step=33 $$$$$$$$$$$$$$$$$$$$$$$$$$$$.. Axiom67 42(0,1) - g2 f(0,1,2) + f(0,1,4) >= f(0,1) + f(0,1,2,3,4)
Step=33 $$$$$$$$$$$$$$$$$$$$$$$$$$$$$$ Axiom49 40(1) - g1 f(0,1) + f(1,4) >= f(1) + f(0,1,4)
Step=33 $$$$$$$$$$$$$$$$$$$$$$$$$$$$$$ Axiom75 43(0,1) - g2 f(0,1,3) + f(0,1,4) >= f(0,1) + f(0,1,2,3,4)
