Step=69 PrevRays= 20643 ResultRays= 21890 RayPairs=  53059368 NewAxiom=1 PrevAxioms=2,4,5,6,9,10,11,12,14,15,17,18,20,22,25,26,28,33,36,41,44,49,57,65,72,73,13,19,21,23,27,59,67,29,37,75,61,30,45,69,53,77,71,74,39,68,52,54,70,47,43,31,42,35,63,79,46,50,78,38,60,62,55,34,51,66,76,58,+1 MissingAxioms=0,3,7,8,16,24,32,40,48,56,64 TotalTime=7.8
Step=69 PrevRays= 20643 ResultRays= 21890 RayPairs=  53059368 NewAxiom=2 PrevAxioms=1,4,5,6,9,10,11,12,14,15,17,18,20,22,25,26,28,33,36,41,44,49,57,65,72,73,13,19,21,23,27,59,67,29,37,75,61,30,45,69,53,77,58,71,74,70,68,39,47,43,42,35,63,46,55,34,51,31,54,38,62,60,79,78,76,52,66,50,+2 MissingAxioms=0,3,7,8,16,24,32,40,48,56,64 TotalTime=10.4
Step=69 PrevRays= 21425 ResultRays= 21890 RayPairs=  55862676 NewAxiom=4 PrevAxioms=1,2,5,6,9,10,11,12,13,14,15,17,18,20,22,25,28,33,36,41,44,49,57,65,72,73,19,21,23,27,59,67,58,30,45,77,69,26,35,76,43,39,79,34,63,51,66,54,50,38,46,47,37,75,61,60,62,78,31,29,53,55,71,70,68,74,52,42,+4 MissingAxioms=0,3,7,8,16,24,32,40,48,56,64 TotalTime=11.3
Step=69 PrevRays= 20010 ResultRays= 21890 RayPairs=  26087084 NewAxiom=5 PrevAxioms=1,2,4,6,9,10,11,12,13,14,15,17,18,20,22,25,28,33,36,41,44,49,57,65,72,73,19,21,23,29,37,27,59,67,75,61,45,69,26,74,53,77,46,47,30,63,68,60,71,43,35,54,39,70,50,42,79,76,66,62,55,38,78,31,51,58,52,34,+5 MissingAxioms=0,3,7,8,16,24,32,40,48,56,64 TotalTime=10.0
Step=69 PrevRays= 20010 ResultRays= 21890 RayPairs=  26087084 NewAxiom=6 PrevAxioms=1,2,4,5,9,10,11,12,14,15,17,18,20,22,25,28,29,33,36,41,44,49,57,65,72,73,13,19,21,23,37,27,59,67,75,61,45,69,26,74,53,58,30,77,70,68,39,71,52,54,47,43,31,42,35,79,46,38,78,63,60,62,55,51,76,66,34,50,+6 MissingAxioms=0,3,7,8,16,24,32,40,48,56,64 TotalTime=10.7
Step=69 PrevRays= 22515 ResultRays= 21890 RayPairs=  65098560 NewAxiom=9 PrevAxioms=1,2,4,5,6,10,11,12,14,15,17,18,20,22,25,26,28,33,36,41,44,49,57,65,72,73,13,19,21,23,35,43,29,53,37,27,38,34,31,46,42,60,47,58,59,67,71,70,55,62,51,68,45,30,61,75,79,78,39,69,77,54,63,76,66,52,74,50,+9 MissingAxioms=0,3,7,8,16,24,32,40,48,56,64 TotalTime=10.0
Step=69 PrevRays= 21724 ResultRays= 21890 RayPairs=  61835408 NewAxiom=10 PrevAxioms=1,2,4,5,6,9,11,12,14,15,17,18,19,20,22,25,28,33,36,41,44,49,57,65,72,73,13,21,23,27,35,43,42,29,37,34,51,38,26,46,31,60,47,58,59,55,62,67,66,71,53,45,70,77,69,52,61,75,63,79,78,76,54,30,68,39,50,74,+10 MissingAxioms=0,3,7,8,16,24,32,40,48,56,64 TotalTime=9.4
Step=69 PrevRays= 22653 ResultRays= 21890 RayPairs=  44005860 NewAxiom=11 PrevAxioms=1,2,4,5,6,9,10,12,14,15,17,18,19,20,22,25,28,33,36,41,44,49,57,65,72,73,13,21,23,35,43,51,29,37,53,34,38,46,47,61,75,79,50,74,45,26,27,69,77,42,71,67,63,66,59,78,31,68,70,39,58,62,30,76,54,55,60,52,+11 MissingAxioms=0,3,7,8,16,24,32,40,48,56,64 TotalTime=9.9
Step=69 PrevRays= 22413 ResultRays= 21890 RayPairs=  63869520 NewAxiom=12 PrevAxioms=1,2,4,5,6,9,10,11,13,14,15,17,18,20,22,25,28,33,36,41,44,49,57,65,72,73,19,21,23,51,35,43,29,37,53,34,38,46,47,59,67,52,66,31,42,71,27,61,75,70,79,78,54,58,50,62,76,74,77,39,45,30,69,63,55,68,26,60,+12 MissingAxioms=0,3,7,8,16,24,32,40,48,56,64 TotalTime=12.4
Step=69 PrevRays= 22460 ResultRays= 21890 RayPairs=  39350382 NewAxiom=13 PrevAxioms=1,2,4,5,6,9,10,11,12,14,15,17,18,20,22,25,28,33,36,41,44,49,57,65,72,73,19,21,23,27,30,45,59,67,37,75,61,69,26,29,77,53,38,74,71,58,70,68,46,52,54,39,31,47,43,42,35,79,78,63,60,62,55,51,76,66,50,34,+13 MissingAxioms=0,3,7,8,16,24,32,40,48,56,64 TotalTime=11.6
Step=69 PrevRays= 21911 ResultRays= 21890 RayPairs=  38510136 NewAxiom=14 PrevAxioms=1,2,4,5,6,9,10,11,12,15,17,18,20,22,23,25,28,33,36,41,44,49,57,65,72,73,13,19,21,27,59,67,29,37,75,61,26,46,47,74,45,53,69,77,50,63,38,60,39,35,31,30,54,76,71,43,70,42,51,79,55,62,78,68,58,66,34,52,+14 MissingAxioms=0,3,7,8,16,24,32,40,48,56,64 TotalTime=11.2
Step=69 PrevRays= 20756 ResultRays= 21890 RayPairs=  42545372 NewAxiom=15 PrevAxioms=1,2,4,5,6,9,10,11,12,14,17,18,20,22,23,25,28,33,36,41,44,49,57,65,72,73,13,19,21,27,59,67,29,37,75,61,30,26,45,69,77,51,38,71,60,66,76,53,74,47,43,31,39,46,42,79,35,62,78,70,55,68,54,63,50,58,52,34,+15 MissingAxioms=0,3,7,8,16,24,32,40,48,56,64 TotalTime=10.0
Step=69 PrevRays= 22515 ResultRays= 21890 RayPairs=  65098560 NewAxiom=17 PrevAxioms=1,2,4,5,6,9,10,11,12,14,15,18,20,22,25,28,33,34,36,41,44,49,57,65,72,73,13,19,21,23,27,29,37,61,75,26,30,35,39,45,69,77,50,79,51,46,76,54,47,38,43,70,68,78,42,31,53,74,71,67,63,59,55,62,60,58,66,52,+17 MissingAxioms=0,3,7,8,16,24,32,40,48,56,64 TotalTime=10.1
Step=69 PrevRays= 21724 ResultRays= 21890 RayPairs=  61835408 NewAxiom=18 PrevAxioms=1,2,4,5,6,9,10,11,12,14,15,17,19,20,22,25,28,33,36,41,44,49,57,65,72,73,13,21,23,27,35,43,42,29,37,26,59,67,30,34,45,75,61,46,47,79,50,51,71,58,52,54,63,74,53,77,39,31,78,38,62,76,70,55,69,68,60,66,+18 MissingAxioms=0,3,7,8,16,24,32,40,48,56,64 TotalTime=8.5
Step=69 PrevRays= 22653 ResultRays= 21890 RayPairs=  44005860 NewAxiom=19 PrevAxioms=1,2,4,5,6,9,10,11,12,14,15,17,18,20,22,25,28,33,36,41,44,49,57,65,72,73,13,21,23,27,59,67,29,37,75,61,26,30,45,69,77,53,58,74,70,68,39,71,52,47,54,31,43,42,79,35,46,38,78,63,55,62,51,76,66,34,50,60,+19 MissingAxioms=0,3,7,8,16,24,32,40,48,56,64 TotalTime=14.4
Step=69 PrevRays= 22413 ResultRays= 21890 RayPairs=  63869520 NewAxiom=20 PrevAxioms=1,2,4,5,6,9,10,11,12,14,15,17,18,21,22,25,28,33,36,41,44,49,57,65,72,73,13,19,23,59,67,27,29,37,75,61,26,30,45,69,39,77,51,50,58,70,68,74,53,71,54,76,47,43,66,35,63,34,79,78,55,31,46,62,38,60,42,52,+20 MissingAxioms=0,3,7,8,16,24,32,40,48,56,64 TotalTime=12.5
Step=69 PrevRays= 22460 ResultRays= 21890 RayPairs=  39350382 NewAxiom=21 PrevAxioms=1,2,4,5,6,9,10,11,12,14,15,17,18,20,22,25,28,33,36,41,44,49,57,65,72,73,13,19,23,27,38,46,29,35,43,37,53,47,34,42,52,61,75,74,30,31,55,39,79,45,54,78,77,69,71,70,63,62,68,67,51,50,59,58,76,60,26,66,+21 MissingAxioms=0,3,7,8,16,24,32,40,48,56,64 TotalTime=11.6
Step=69 PrevRays= 21911 ResultRays= 21890 RayPairs=  38510136 NewAxiom=22 PrevAxioms=1,2,4,5,6,9,10,11,12,14,15,17,18,20,23,25,28,33,36,41,44,49,57,65,72,73,13,19,21,27,59,67,29,37,75,61,30,26,45,69,77,51,70,60,76,66,39,71,53,47,43,35,63,42,46,74,79,31,55,78,38,62,54,68,50,58,52,34,+22 MissingAxioms=0,3,7,8,16,24,32,40,48,56,64 TotalTime=11.4
Step=69 PrevRays= 20756 ResultRays= 21890 RayPairs=  42545372 NewAxiom=23 PrevAxioms=1,2,4,5,6,9,10,11,12,14,15,17,18,20,22,25,28,33,36,41,44,49,57,65,72,73,13,19,21,27,59,67,29,37,75,61,30,26,45,69,77,51,38,76,60,66,62,53,55,31,46,39,47,52,43,71,70,63,54,79,78,42,35,68,58,34,50,74,+23 MissingAxioms=0,3,7,8,16,24,32,40,48,56,64 TotalTime=11.6
Step=69 PrevRays= 22515 ResultRays= 21890 RayPairs=  65098560 NewAxiom=25 PrevAxioms=1,2,4,5,6,9,10,11,12,14,15,17,18,20,22,26,28,33,36,41,44,49,57,65,72,73,13,19,21,23,35,43,51,29,37,61,75,27,46,34,50,38,47,79,59,67,71,45,31,78,69,68,77,39,55,30,54,70,42,53,63,76,58,62,60,74,66,52,+25 MissingAxioms=0,3,7,8,16,24,32,40,48,56,64 TotalTime=10.1
Step=69 PrevRays= 21724 ResultRays= 21890 RayPairs=  61835408 NewAxiom=26 PrevAxioms=1,2,4,5,6,9,10,11,12,14,15,17,18,20,22,25,28,33,36,41,44,49,57,65,72,73,13,19,21,23,27,59,67,29,37,75,61,30,45,69,53,77,58,71,74,70,68,39,52,54,47,31,43,42,35,79,46,38,78,63,60,62,55,51,50,76,34,66,+26 MissingAxioms=0,3,7,8,16,24,32,40,48,56,64 TotalTime=8.5
Step=69 PrevRays= 22653 ResultRays= 21890 RayPairs=  44005860 NewAxiom=27 PrevAxioms=1,2,4,5,6,9,10,11,12,14,15,17,18,20,22,25,28,33,36,41,44,49,57,65,72,73,13,19,21,23,35,43,51,29,37,53,34,38,46,47,61,75,74,79,50,45,59,67,71,58,42,62,30,70,63,77,69,68,78,76,31,39,55,54,60,26,66,52,+27 MissingAxioms=0,3,7,8,16,24,32,40,48,56,64 TotalTime=11.1
Step=69 PrevRays= 22413 ResultRays= 21890 RayPairs=  63869520 NewAxiom=28 PrevAxioms=1,2,4,5,6,9,10,11,12,14,15,17,18,20,22,25,29,33,36,41,44,49,57,65,72,73,13,19,21,23,53,35,43,52,27,38,46,42,45,34,47,37,69,77,51,61,75,74,60,62,26,71,68,66,39,54,79,67,59,58,70,78,55,63,31,30,76,50,+28 MissingAxioms=0,3,7,8,16,24,32,40,48,56,64 TotalTime=9.1
Step=69 PrevRays= 22460 ResultRays= 21890 RayPairs=  39350382 NewAxiom=29 PrevAxioms=1,2,4,5,6,9,10,11,12,14,15,17,18,20,22,25,28,33,36,41,44,49,57,65,72,73,13,19,21,23,27,59,67,37,75,61,26,30,45,69,77,51,76,60,66,71,39,53,47,43,52,54,46,38,31,70,55,79,78,35,63,42,62,68,58,34,50,74,+29 MissingAxioms=0,3,7,8,16,24,32,40,48,56,64 TotalTime=13.1
Step=69 PrevRays= 21911 ResultRays= 21890 RayPairs=  38510136 NewAxiom=30 PrevAxioms=1,2,4,5,6,9,10,11,12,14,15,17,18,20,22,25,28,33,36,41,44,49,57,65,72,73,13,19,21,23,27,59,67,29,37,75,61,26,45,69,74,53,77,58,46,70,55,38,68,71,47,43,31,51,50,54,39,35,79,78,66,63,62,76,34,60,52,42,+30 MissingAxioms=0,3,7,8,16,24,32,40,48,56,64 TotalTime=11.9
Step=69 PrevRays= 20756 ResultRays= 21890 RayPairs=  42545372 NewAxiom=31 PrevAxioms=1,2,4,5,6,9,10,11,12,14,15,17,18,20,22,25,28,33,36,41,44,49,57,65,72,73,13,19,21,23,27,59,67,29,37,75,61,26,30,45,69,77,53,71,74,58,46,70,68,52,54,47,39,43,38,42,35,79,63,51,66,78,55,62,76,34,50,60,+31 MissingAxioms=0,3,7,8,16,24,32,40,48,56,64 TotalTime=9.6
Step=69 PrevRays= 22515 ResultRays= 21890 RayPairs=  65098560 NewAxiom=33 PrevAxioms=1,2,4,5,6,9,10,11,12,14,15,17,18,20,22,25,28,34,36,41,44,49,57,65,72,73,13,19,21,23,27,59,67,29,37,53,35,45,77,69,26,58,30,70,68,39,79,51,50,54,47,46,38,63,61,76,31,78,43,71,75,42,62,55,74,60,52,66,+33 MissingAxioms=0,3,7,8,16,24,32,40,48,56,64 TotalTime=11.7
Step=69 PrevRays= 21724 ResultRays= 21890 RayPairs=  61835408 NewAxiom=34 PrevAxioms=1,2,4,5,6,9,10,11,12,14,15,17,18,20,22,25,28,33,36,41,44,49,57,65,72,73,13,19,21,23,27,59,67,29,37,75,61,26,30,45,69,77,53,71,74,58,46,70,68,52,54,47,39,43,31,38,42,35,79,78,63,60,62,55,51,76,66,50,+34 MissingAxioms=0,3,7,8,16,24,32,40,48,56,64 TotalTime=10.5
Step=69 PrevRays= 22653 ResultRays= 21890 RayPairs=  44005860 NewAxiom=35 PrevAxioms=1,2,4,5,6,9,10,11,12,14,15,17,18,20,22,25,28,33,36,41,44,49,57,65,72,73,13,19,21,23,27,59,67,29,37,75,61,26,30,45,69,77,53,71,74,58,46,70,68,52,54,47,39,43,31,38,42,79,78,63,60,62,55,51,66,76,34,50,+35 MissingAxioms=0,3,7,8,16,24,32,40,48,56,64 TotalTime=10.8
Step=69 PrevRays= 22413 ResultRays= 21890 RayPairs=  63869520 NewAxiom=36 PrevAxioms=1,2,4,5,6,9,10,11,12,14,15,17,18,20,22,25,28,33,37,41,44,49,57,65,72,73,13,19,21,23,61,75,27,60,67,59,30,45,77,26,69,51,76,66,29,39,62,53,55,47,38,31,46,52,43,71,70,68,54,63,79,35,78,58,34,74,42,50,+36 MissingAxioms=0,3,7,8,16,24,32,40,48,56,64 TotalTime=12.6
Step=69 PrevRays= 22460 ResultRays= 21890 RayPairs=  39350382 NewAxiom=37 PrevAxioms=1,2,4,5,6,9,10,11,12,14,15,17,18,20,22,25,28,33,36,41,44,49,57,65,72,73,13,19,21,23,27,59,67,29,53,45,77,69,58,26,30,38,35,34,47,52,62,54,68,43,71,42,70,55,46,51,63,61,79,39,31,78,76,75,60,66,50,74,+37 MissingAxioms=0,3,7,8,16,24,32,40,48,56,64 TotalTime=9.9
Step=69 PrevRays= 21911 ResultRays= 21890 RayPairs=  38510136 NewAxiom=38 PrevAxioms=1,2,4,5,6,9,10,11,12,14,15,17,18,20,22,25,28,33,36,41,44,49,57,65,72,73,13,19,21,23,27,59,67,29,37,75,61,26,30,45,69,77,53,71,74,58,46,70,68,52,54,47,39,43,31,42,35,79,78,63,60,62,55,51,76,66,34,50,+38 MissingAxioms=0,3,7,8,16,24,32,40,48,56,64 TotalTime=11.3
Step=69 PrevRays= 20756 ResultRays= 21890 RayPairs=  42545372 NewAxiom=39 PrevAxioms=1,2,4,5,6,9,10,11,12,14,15,17,18,20,22,25,28,33,36,41,44,49,57,65,72,73,13,19,21,23,27,59,67,29,37,75,61,26,30,45,69,77,53,71,74,58,46,70,68,52,54,47,60,38,31,43,62,42,63,35,78,79,55,51,50,76,34,66,+39 MissingAxioms=0,3,7,8,16,24,32,40,48,56,64 TotalTime=9.0
Step=69 PrevRays= 22398 ResultRays= 21890 RayPairs=  66646392 NewAxiom=41 PrevAxioms=1,2,4,5,6,9,10,11,12,14,15,17,18,20,22,25,28,33,36,42,44,49,57,65,72,73,13,19,21,23,27,43,59,67,29,37,75,61,26,30,45,47,53,74,71,50,35,79,51,46,54,38,78,31,70,68,58,63,69,77,39,55,62,76,60,34,52,66,+41 MissingAxioms=0,3,7,8,16,24,32,40,48,56,64 TotalTime=13.5
Step=69 PrevRays= 22398 ResultRays= 21890 RayPairs=  66646392 NewAxiom=42 PrevAxioms=1,2,4,5,6,9,10,11,12,14,15,17,18,20,22,25,28,33,36,41,44,49,57,65,72,73,13,19,21,23,27,59,67,29,37,75,61,26,30,45,69,77,53,71,74,58,46,70,68,52,54,47,39,43,31,38,79,35,34,78,62,76,63,51,55,66,60,50,+42 MissingAxioms=0,3,7,8,16,24,32,40,48,56,64 TotalTime=11.1
Step=69 PrevRays= 22301 ResultRays= 21890 RayPairs=  37464388 NewAxiom=43 PrevAxioms=1,2,4,5,6,9,10,11,12,14,15,17,18,20,22,25,28,33,36,41,44,49,57,65,72,73,13,19,21,23,27,59,67,29,37,75,61,26,30,45,69,77,53,71,74,58,46,70,68,52,54,47,39,31,38,63,35,34,51,55,62,79,78,76,66,42,50,60,+43 MissingAxioms=0,3,7,8,16,24,32,40,48,56,64 TotalTime=11.4
Step=69 PrevRays= 19332 ResultRays= 21890 RayPairs=  29309836 NewAxiom=44 PrevAxioms=1,2,4,5,6,9,10,11,12,14,15,17,18,20,22,25,28,33,36,41,45,49,57,65,72,73,13,19,21,23,69,77,27,59,29,37,61,26,30,67,75,47,53,74,71,50,54,43,39,76,35,42,79,31,46,63,51,66,60,62,55,38,78,70,68,58,34,52,+44 MissingAxioms=0,3,7,8,16,24,32,40,48,56,64 TotalTime=8.4
Step=69 PrevRays= 22174 ResultRays= 21890 RayPairs=  35847050 NewAxiom=45 PrevAxioms=1,2,4,5,6,9,10,11,12,14,15,17,18,20,22,25,28,33,36,41,44,49,57,65,72,73,13,19,21,23,27,59,67,29,37,75,61,26,30,43,53,74,35,46,42,47,71,50,79,51,38,54,58,70,68,78,31,55,69,77,39,76,63,62,60,66,52,34,+45 MissingAxioms=0,3,7,8,16,24,32,40,48,56,64 TotalTime=13.7
Step=69 PrevRays= 22174 ResultRays= 21890 RayPairs=  35847050 NewAxiom=46 PrevAxioms=1,2,4,5,6,9,10,11,12,14,15,17,18,20,22,25,28,33,36,41,44,49,57,65,72,73,13,19,21,23,27,59,67,29,37,75,61,26,30,45,69,77,53,71,74,58,70,68,39,52,54,47,43,31,42,35,79,38,63,60,62,78,55,51,76,66,34,50,+46 MissingAxioms=0,3,7,8,16,24,32,40,48,56,64 TotalTime=12.0
Step=69 PrevRays= 21349 ResultRays= 21890 RayPairs=  45847065 NewAxiom=47 PrevAxioms=1,2,4,5,6,9,10,11,12,14,15,17,18,20,22,25,28,33,36,41,44,49,57,65,72,73,13,19,21,23,27,59,67,29,37,75,61,26,30,45,69,77,53,71,74,58,46,70,68,52,54,39,31,55,51,38,35,63,62,34,43,79,78,76,42,66,50,60,+47 MissingAxioms=0,3,7,8,16,24,32,40,48,56,64 TotalTime=11.2
Step=69 PrevRays= 21740 ResultRays= 21890 RayPairs=  61240851 NewAxiom=49 PrevAxioms=1,2,4,5,6,9,10,11,12,14,15,17,18,20,22,25,28,33,36,41,44,50,57,65,72,73,13,19,21,23,27,51,35,43,29,37,61,75,42,45,74,46,47,60,62,30,69,77,71,68,63,70,67,79,59,39,58,31,78,38,34,55,53,54,76,52,66,26,+49 MissingAxioms=0,3,7,8,16,24,32,40,48,56,64 TotalTime=8.2
Step=69 PrevRays= 22764 ResultRays= 21890 RayPairs=  67413589 NewAxiom=50 PrevAxioms=1,2,4,5,6,9,10,11,12,14,15,17,18,20,22,25,28,33,36,41,44,49,57,65,72,73,13,19,21,23,27,59,67,29,37,75,61,26,30,45,69,77,53,71,74,58,46,70,68,52,54,47,39,43,31,38,42,35,79,78,63,60,62,55,51,76,66,34,+50 MissingAxioms=0,3,7,8,16,24,32,40,48,56,64 TotalTime=10.6
Step=69 PrevRays= 22499 ResultRays= 21890 RayPairs=  38208720 NewAxiom=51 PrevAxioms=1,2,4,5,6,9,10,11,12,14,15,17,18,20,22,25,28,33,36,41,44,49,57,65,72,73,13,19,21,23,27,59,67,29,37,75,61,26,30,45,69,77,53,71,74,58,46,70,68,52,54,47,39,43,31,38,42,35,79,78,63,60,62,55,76,66,34,50,+51 MissingAxioms=0,3,7,8,16,24,32,40,48,56,64 TotalTime=10.7
Step=69 PrevRays= 22764 ResultRays= 21890 RayPairs=  67413589 NewAxiom=52 PrevAxioms=1,2,4,5,6,9,10,11,12,14,15,17,18,20,22,25,28,33,36,41,44,49,57,65,72,73,13,19,21,23,27,59,67,29,37,75,61,26,30,45,69,77,53,71,74,58,46,70,68,39,47,43,42,35,79,55,78,31,38,54,51,63,62,76,50,60,66,34,+52 MissingAxioms=0,3,7,8,16,24,32,40,48,56,64 TotalTime=12.1
Step=69 PrevRays= 22499 ResultRays= 21890 RayPairs=  38208720 NewAxiom=53 PrevAxioms=1,2,4,5,6,9,10,11,12,14,15,17,18,20,22,25,28,33,36,41,44,49,57,65,72,73,13,19,21,23,27,59,67,29,37,75,61,26,30,45,69,77,51,60,76,66,39,71,62,47,43,42,46,70,68,38,31,55,35,63,54,79,78,50,58,34,52,74,+53 MissingAxioms=0,3,7,8,16,24,32,40,48,56,64 TotalTime=11.2
Step=69 PrevRays= 21037 ResultRays= 21890 RayPairs=  27091740 NewAxiom=54 PrevAxioms=1,2,4,5,6,9,10,11,12,14,15,17,18,20,22,25,28,33,36,41,44,49,57,65,72,73,13,19,21,23,27,59,67,29,37,75,61,26,30,45,69,77,53,71,74,58,46,70,68,52,39,47,43,51,42,66,35,79,31,38,78,62,63,55,76,34,50,60,+54 MissingAxioms=0,3,7,8,16,24,32,40,48,56,64 TotalTime=9.3
Step=69 PrevRays= 20473 ResultRays= 21890 RayPairs=  40830139 NewAxiom=55 PrevAxioms=1,2,4,5,6,9,10,11,12,14,15,17,18,20,22,25,28,33,36,41,44,49,57,65,72,73,13,19,21,23,27,59,67,29,37,75,61,26,30,45,69,77,53,71,74,58,46,70,68,52,54,47,39,43,31,38,42,35,79,78,63,60,62,51,66,76,34,50,+55 MissingAxioms=0,3,7,8,16,24,32,40,48,56,64 TotalTime=9.7
Step=69 PrevRays= 21740 ResultRays= 21890 RayPairs=  61240851 NewAxiom=57 PrevAxioms=1,2,4,5,6,9,10,11,12,14,15,17,18,20,22,25,28,33,36,41,44,49,58,65,72,73,13,19,21,23,27,59,35,43,29,37,53,45,69,77,39,42,30,79,52,54,67,63,38,46,61,68,31,78,47,75,70,71,60,62,55,34,76,51,50,74,66,26,+57 MissingAxioms=0,3,7,8,16,24,32,40,48,56,64 TotalTime=10.3
Step=69 PrevRays= 22764 ResultRays= 21890 RayPairs=  67413589 NewAxiom=58 PrevAxioms=1,2,4,5,6,9,10,11,12,14,15,17,18,20,22,25,28,33,36,41,44,49,57,65,72,73,13,19,21,23,27,59,67,29,37,75,61,26,30,45,69,77,53,71,74,39,68,50,54,76,47,43,70,42,35,63,46,51,66,79,38,31,78,55,62,60,34,52,+58 MissingAxioms=0,3,7,8,16,24,32,40,48,56,64 TotalTime=9.3
Step=69 PrevRays= 22499 ResultRays= 21890 RayPairs=  38208720 NewAxiom=59 PrevAxioms=1,2,4,5,6,9,10,11,12,14,15,17,18,20,22,25,28,33,36,41,44,49,57,65,72,73,13,19,21,23,27,67,29,37,61,75,26,30,43,45,35,42,50,77,63,54,76,39,69,52,53,60,31,47,71,62,51,46,38,79,70,55,78,66,68,58,34,74,+59 MissingAxioms=0,3,7,8,16,24,32,40,48,56,64 TotalTime=9.8
Step=69 PrevRays= 22764 ResultRays= 21890 RayPairs=  67413589 NewAxiom=60 PrevAxioms=1,2,4,5,6,9,10,11,12,14,15,17,18,20,22,25,28,33,36,41,44,49,57,65,72,73,13,19,21,23,27,59,67,29,37,75,61,26,30,45,69,77,53,71,74,58,46,70,68,52,54,47,39,43,31,38,42,35,79,78,63,62,55,51,76,66,34,50,+60 MissingAxioms=0,3,7,8,16,24,32,40,48,56,64 TotalTime=11.7
Step=69 PrevRays= 22499 ResultRays= 21890 RayPairs=  38208720 NewAxiom=61 PrevAxioms=1,2,4,5,6,9,10,11,12,14,15,17,18,20,22,25,28,33,36,41,44,49,57,65,72,73,13,19,21,23,27,59,67,29,37,75,26,30,43,45,35,42,50,77,69,52,53,71,54,47,74,60,62,68,51,79,39,58,70,46,66,38,31,78,55,63,76,34,+61 MissingAxioms=0,3,7,8,16,24,32,40,48,56,64 TotalTime=8.4
Step=69 PrevRays= 21037 ResultRays= 21890 RayPairs=  27091740 NewAxiom=62 PrevAxioms=1,2,4,5,6,9,10,11,12,14,15,17,18,20,22,25,28,33,36,41,44,49,57,65,72,73,13,19,21,23,27,59,67,29,37,75,61,26,30,45,69,77,53,71,74,58,46,70,68,52,54,47,39,43,31,38,42,35,79,78,63,60,55,51,66,76,34,50,+62 MissingAxioms=0,3,7,8,16,24,32,40,48,56,64 TotalTime=10.5
Step=69 PrevRays= 20473 ResultRays= 21890 RayPairs=  40830139 NewAxiom=63 PrevAxioms=1,2,4,5,6,9,10,11,12,14,15,17,18,20,22,25,28,33,36,41,44,49,57,65,72,73,13,19,21,23,27,59,67,29,37,75,61,26,30,45,69,77,53,71,74,58,46,70,68,52,54,47,39,43,31,38,42,35,79,78,60,62,55,51,76,66,34,50,+63 MissingAxioms=0,3,7,8,16,24,32,40,48,56,64 TotalTime=10.1
Step=69 PrevRays= 21865 ResultRays= 21890 RayPairs=  63254320 NewAxiom=65 PrevAxioms=1,2,4,5,6,9,10,11,12,14,15,17,18,20,22,25,28,33,36,41,44,49,57,66,72,73,13,19,21,23,27,59,29,37,75,61,26,30,45,77,53,63,46,58,74,47,39,35,34,43,31,67,51,55,54,38,62,79,71,69,78,76,70,68,52,50,42,60,+65 MissingAxioms=0,3,7,8,16,24,32,40,48,56,64 TotalTime=10.4
Step=69 PrevRays= 21865 ResultRays= 21890 RayPairs=  63254320 NewAxiom=66 PrevAxioms=1,2,4,5,6,9,10,11,12,14,15,17,18,20,22,25,28,33,36,41,44,49,57,65,72,73,13,19,21,23,27,59,67,29,37,75,61,26,30,45,69,77,53,71,74,58,46,70,68,52,54,47,39,43,31,38,42,35,79,78,63,60,62,55,51,76,50,34,+66 MissingAxioms=0,3,7,8,16,24,32,40,48,56,64 TotalTime=10.7
Step=69 PrevRays= 22103 ResultRays= 21890 RayPairs=  35487144 NewAxiom=67 PrevAxioms=1,2,4,5,6,9,10,11,12,14,15,17,18,20,22,25,28,33,36,41,44,49,57,65,72,73,13,19,21,23,27,59,29,37,75,61,26,30,45,69,77,53,71,74,58,68,35,43,39,63,79,70,47,42,55,46,31,78,38,62,54,51,76,52,66,34,60,50,+67 MissingAxioms=0,3,7,8,16,24,32,40,48,56,64 TotalTime=11.9
Step=69 PrevRays= 20883 ResultRays= 21890 RayPairs=  46537180 NewAxiom=68 PrevAxioms=1,2,4,5,6,9,10,11,12,14,15,17,18,20,22,25,28,33,36,41,44,49,57,65,72,73,13,19,21,23,27,59,67,29,37,75,61,26,30,45,69,77,53,71,74,58,46,70,52,47,54,39,31,38,43,79,35,34,63,51,55,62,42,78,76,66,60,50,+68 MissingAxioms=0,3,7,8,16,24,32,40,48,56,64 TotalTime=10.0
Step=69 PrevRays= 22268 ResultRays= 21890 RayPairs=  35147399 NewAxiom=69 PrevAxioms=1,2,4,5,6,9,10,11,12,14,15,17,18,20,22,25,28,33,36,41,44,49,57,65,72,73,13,19,21,23,27,59,67,29,37,75,61,26,30,45,77,53,63,46,58,74,68,47,39,35,43,71,42,70,79,55,31,78,38,62,54,51,76,50,60,34,52,66,+69 MissingAxioms=0,3,7,8,16,24,32,40,48,56,64 TotalTime=12.7
Step=69 PrevRays= 22268 ResultRays= 21890 RayPairs=  35147399 NewAxiom=70 PrevAxioms=1,2,4,5,6,9,10,11,12,14,15,17,18,20,22,25,28,33,36,41,44,49,57,65,72,73,13,19,21,23,27,59,67,29,37,75,61,26,30,45,69,77,53,71,74,58,46,68,39,47,43,42,35,79,63,51,66,31,38,78,54,55,62,76,52,34,50,60,+70 MissingAxioms=0,3,7,8,16,24,32,40,48,56,64 TotalTime=10.8
Step=69 PrevRays= 21593 ResultRays= 21890 RayPairs=  45164288 NewAxiom=71 PrevAxioms=1,2,4,5,6,9,10,11,12,14,15,17,18,20,22,25,28,33,36,41,44,49,57,65,72,73,13,19,21,23,27,59,67,29,37,75,61,26,30,45,69,77,53,58,74,70,68,39,55,47,46,43,38,54,31,51,50,35,79,78,63,34,62,76,60,66,52,42,+71 MissingAxioms=0,3,7,8,16,24,32,40,48,56,64 TotalTime=11.5
! VaryAxiom=72 NoInitialAxiomSet
Step=69 PrevRays= 21865 ResultRays= 21890 RayPairs=  63254320 NewAxiom=73 PrevAxioms=1,2,4,5,6,9,10,11,12,14,15,17,18,20,22,25,28,33,36,41,44,49,57,65,72,74,13,19,21,23,27,59,67,29,37,61,26,30,45,69,53,75,58,70,68,39,71,52,47,54,77,43,31,42,46,38,79,35,78,63,60,62,51,55,76,50,34,66,+73 MissingAxioms=0,3,7,8,16,24,32,40,48,56,64 TotalTime=13.0
Step=69 PrevRays= 21865 ResultRays= 21890 RayPairs=  63254320 NewAxiom=74 PrevAxioms=1,2,4,5,6,9,10,11,12,14,15,17,18,20,22,25,28,33,36,41,44,49,57,65,72,73,13,19,21,23,27,59,67,29,37,75,61,26,30,45,69,77,53,71,58,79,70,68,52,47,54,39,43,35,31,42,46,38,78,63,60,62,55,51,66,76,34,50,+74 MissingAxioms=0,3,7,8,16,24,32,40,48,56,64 TotalTime=10.8
Step=69 PrevRays= 22103 ResultRays= 21890 RayPairs=  35487144 NewAxiom=75 PrevAxioms=1,2,4,5,6,9,10,11,12,14,15,17,18,20,22,25,28,33,36,41,44,49,57,65,72,73,13,19,21,23,27,59,67,29,37,61,26,30,45,77,69,53,58,70,68,39,71,52,47,54,43,35,79,63,42,31,46,38,78,60,62,55,51,76,66,34,74,50,+75 MissingAxioms=0,3,7,8,16,24,32,40,48,56,64 TotalTime=11.3
Step=69 PrevRays= 20883 ResultRays= 21890 RayPairs=  46537180 NewAxiom=76 PrevAxioms=1,2,4,5,6,9,10,11,12,14,15,17,18,20,22,25,28,33,36,41,44,49,57,65,72,73,13,19,21,23,27,59,67,29,37,75,61,26,30,45,69,77,53,71,74,58,46,70,68,52,54,47,39,43,31,38,42,35,79,78,63,60,62,55,51,66,50,34,+76 MissingAxioms=0,3,7,8,16,24,32,40,48,56,64 TotalTime=10.0
Step=69 PrevRays= 22268 ResultRays= 21890 RayPairs=  35147399 NewAxiom=77 PrevAxioms=1,2,4,5,6,9,10,11,12,14,15,17,18,20,22,25,28,33,36,41,44,49,57,65,72,73,13,19,21,23,27,59,67,29,37,75,61,26,30,45,69,53,58,74,70,68,39,71,47,43,79,35,42,55,46,78,31,38,54,51,63,62,76,52,66,34,60,50,+77 MissingAxioms=0,3,7,8,16,24,32,40,48,56,64 TotalTime=13.3
Step=69 PrevRays= 22268 ResultRays= 21890 RayPairs=  35147399 NewAxiom=78 PrevAxioms=1,2,4,5,6,9,10,11,12,14,15,17,18,20,22,25,28,33,36,41,44,49,57,65,72,73,13,19,21,23,27,59,67,29,37,75,61,26,30,45,69,77,53,71,74,58,46,70,68,52,54,47,39,43,31,38,42,35,79,63,51,55,62,66,76,34,60,50,+78 MissingAxioms=0,3,7,8,16,24,32,40,48,56,64 TotalTime=11.7
Step=69 PrevRays= 21593 ResultRays= 21890 RayPairs=  45164288 NewAxiom=79 PrevAxioms=1,2,4,5,6,9,10,11,12,14,15,17,18,20,22,25,28,33,36,41,44,49,57,65,72,73,13,19,21,23,27,59,67,29,37,75,61,26,30,45,69,77,53,71,74,58,46,70,68,52,54,47,39,43,31,38,42,35,63,78,62,55,51,76,66,34,50,60,+79 MissingAxioms=0,3,7,8,16,24,32,40,48,56,64 TotalTime=11.5

Ordered by number of ray pairs:
Step=69 ############.................. (min) Axiom5 01(2,4) - g2 f(0,2,4) + f(1,2,4) >= f(0,1,2,3,4) + f(2,4)
Step=69 ############.................. (min) Axiom6 01(3,4) - g2 f(0,3,4) + f(1,3,4) >= f(0,1,2,3,4) + f(3,4)
Step=69 ############.................. Axiom54 04(2,3) - g2 f(0,2,3) + f(2,3,4) >= f(2,3) + f(0,1,2,3,4)
Step=69 ############.................. Axiom62 14(2,3) - g2 f(1,2,3) + f(2,3,4) >= f(2,3) + f(0,1,2,3,4)
Step=69 #############................. Axiom44 23(4) - g1 f(2,4) + f(3,4) >= f(4) + f(2,3,4)
Step=69 ################.............. Axiom69 24(0,3) - g2 f(0,2,3) + f(0,3,4) >= f(0,3) + f(0,1,2,3,4)
Step=69 ################.............. Axiom70 24(1,3) - g2 f(1,2,3) + f(1,3,4) >= f(1,3) + f(0,1,2,3,4)
Step=69 ################.............. Axiom77 34(0,2) - g2 f(0,2,3) + f(0,2,4) >= f(0,2) + f(0,1,2,3,4)
Step=69 ################.............. Axiom78 34(1,2) - g2 f(1,2,3) + f(1,2,4) >= f(1,2) + f(0,1,2,3,4)
Step=69 ################.............. Axiom67 24(0,1) - g2 f(0,1,2) + f(0,1,4) >= f(0,1) + f(0,1,2,3,4)
Step=69 ################.............. Axiom75 34(0,1) - g2 f(0,1,3) + f(0,1,4) >= f(0,1) + f(0,1,2,3,4)
Step=69 ################.............. Axiom45 23(0,4) - g2 f(0,2,4) + f(0,3,4) >= f(0,1,2,3,4) + f(0,4)
Step=69 ################.............. Axiom46 23(1,4) - g2 f(1,2,4) + f(1,3,4) >= f(0,1,2,3,4) + f(1,4)
Step=69 #################............. Axiom43 23(0,1) - g2 f(0,1,2) + f(0,1,3) >= f(0,1) + f(0,1,2,3,4)
Step=69 #################............. Axiom51 04(1,2) - g2 f(0,1,2) + f(1,2,4) >= f(1,2) + f(0,1,2,3,4)
Step=69 #################............. Axiom53 04(1,3) - g2 f(0,1,3) + f(1,3,4) >= f(1,3) + f(0,1,2,3,4)
Step=69 #################............. Axiom59 14(0,2) - g2 f(0,1,2) + f(0,2,4) >= f(0,2) + f(0,1,2,3,4)
Step=69 #################............. Axiom61 14(0,3) - g2 f(0,1,3) + f(0,3,4) >= f(0,3) + f(0,1,2,3,4)
Step=69 #################............. Axiom14 02(3,4) - g2 f(0,3,4) + f(2,3,4) >= f(0,1,2,3,4) + f(3,4)
Step=69 #################............. Axiom22 12(3,4) - g2 f(1,3,4) + f(2,3,4) >= f(0,1,2,3,4) + f(3,4)
Step=69 #################............. Axiom30 03(2,4) - g2 f(0,2,4) + f(2,3,4) >= f(0,1,2,3,4) + f(2,4)
Step=69 #################............. Axiom38 13(2,4) - g2 f(1,2,4) + f(2,3,4) >= f(0,1,2,3,4) + f(2,4)
Step=69 ##################............ Axiom13 02(1,4) - g2 f(0,1,4) + f(1,2,4) >= f(0,1,2,3,4) + f(1,4)
Step=69 ##################............ Axiom21 12(0,4) - g2 f(0,1,4) + f(0,2,4) >= f(0,1,2,3,4) + f(0,4)
Step=69 ##################............ Axiom29 03(1,4) - g2 f(0,1,4) + f(1,3,4) >= f(0,1,2,3,4) + f(1,4)
Step=69 ##################............ Axiom37 13(0,4) - g2 f(0,1,4) + f(0,3,4) >= f(0,1,2,3,4) + f(0,4)
Step=69 ##################............ Axiom55 04(1,2,3) - g3 f(0,1,2,3,4) >= f(1,2,3)
Step=69 ##################............ Axiom63 14(0,2,3) - g3 f(0,1,2,3,4) >= f(0,2,3)
Step=69 ###################........... Axiom15 02(1,3,4) - g3 f(0,1,2,3,4) >= f(1,3,4)
Step=69 ###################........... Axiom23 12(0,3,4) - g3 f(0,1,2,3,4) >= f(0,3,4)
Step=69 ###################........... Axiom31 03(1,2,4) - g3 f(0,1,2,3,4) >= f(1,2,4)
Step=69 ###################........... Axiom39 13(0,2,4) - g3 f(0,1,2,3,4) >= f(0,2,4)
Step=69 ####################.......... Axiom11 02(1,3) - g2 f(0,1,3) + f(1,2,3) >= f(1,3) + f(0,1,2,3,4)
Step=69 ####################.......... Axiom19 12(0,3) - g2 f(0,1,3) + f(0,2,3) >= f(0,3) + f(0,1,2,3,4)
Step=69 ####################.......... Axiom27 03(1,2) - g2 f(0,1,2) + f(1,2,3) >= f(1,2) + f(0,1,2,3,4)
Step=69 ####################.......... Axiom35 13(0,2) - g2 f(0,1,2) + f(0,2,3) >= f(0,2) + f(0,1,2,3,4)
Step=69 ####################.......... Axiom71 24(0,1,3) - g3 f(0,1,2,3,4) >= f(0,1,3)
Step=69 ####################.......... Axiom79 34(0,1,2) - g3 f(0,1,2,3,4) >= f(0,1,2)
Step=69 ####################.......... Axiom47 23(0,1,4) - g3 f(0,1,2,3,4) >= f(0,1,4)
Step=69 #####################......... Axiom68 24(3) - g1 f(2,3) + f(3,4) >= f(3) + f(2,3,4)
Step=69 #####################......... Axiom76 34(2) - g1 f(2,3) + f(2,4) >= f(2) + f(2,3,4)
Step=69 ########################...... Axiom1 01(2) - g1 f(0,2) + f(1,2) >= f(2) + f(0,1,2)
Step=69 ########################...... Axiom2 01(3) - g1 f(0,3) + f(1,3) >= f(3) + f(0,1,3)
Step=69 #########################..... Axiom4 01(4) - g1 f(0,4) + f(1,4) >= f(4) + f(0,1,4)
Step=69 ###########################... Axiom49 04(1) - g1 f(0,1) + f(1,4) >= f(1) + f(0,1,4)
Step=69 ###########################... Axiom57 14(0) - g1 f(0,1) + f(0,4) >= f(0) + f(0,1,4)
Step=69 ############################.. Axiom10 02(3) - g1 f(0,3) + f(2,3) >= f(3) + f(0,2,3)
Step=69 ############################.. Axiom18 12(3) - g1 f(1,3) + f(2,3) >= f(3) + f(1,2,3)
Step=69 ############################.. Axiom26 03(2) - g1 f(0,2) + f(2,3) >= f(2) + f(0,2,3)
Step=69 ############################.. Axiom34 13(2) - g1 f(1,2) + f(2,3) >= f(2) + f(1,2,3)
Step=69 ############################.. Axiom65 24(0) - g1 f(0,2) + f(0,4) >= f(0) + f(0,2,4)
Step=69 ############################.. Axiom66 24(1) - g1 f(1,2) + f(1,4) >= f(1) + f(1,2,4)
Step=69 ############################.. Axiom73 34(0) - g1 f(0,3) + f(0,4) >= f(0) + f(0,3,4)
Step=69 ############################.. Axiom74 34(1) - g1 f(1,3) + f(1,4) >= f(1) + f(1,3,4)
Step=69 ############################.. Axiom12 02(4) - g1 f(0,4) + f(2,4) >= f(4) + f(0,2,4)
Step=69 ############################.. Axiom20 12(4) - g1 f(1,4) + f(2,4) >= f(4) + f(1,2,4)
Step=69 ############################.. Axiom28 03(4) - g1 f(0,4) + f(3,4) >= f(4) + f(0,3,4)
Step=69 ############################.. Axiom36 13(4) - g1 f(1,4) + f(3,4) >= f(4) + f(1,3,4)
Step=69 #############################. Axiom9 02(1) - g1 f(0,1) + f(1,2) >= f(1) + f(0,1,2)
Step=69 #############################. Axiom17 12(0) - g1 f(0,1) + f(0,2) >= f(0) + f(0,1,2)
Step=69 #############################. Axiom25 03(1) - g1 f(0,1) + f(1,3) >= f(1) + f(0,1,3)
Step=69 #############################. Axiom33 13(0) - g1 f(0,1) + f(0,3) >= f(0) + f(0,1,3)
Step=69 ############################## Axiom41 23(0) - g1 f(0,2) + f(0,3) >= f(0) + f(0,2,3)
Step=69 ############################## Axiom42 23(1) - g1 f(1,2) + f(1,3) >= f(1) + f(1,2,3)
Step=69 ############################## Axiom50 04(2) - g1 f(0,2) + f(2,4) >= f(2) + f(0,2,4)
Step=69 ############################## Axiom52 04(3) - g1 f(0,3) + f(3,4) >= f(3) + f(0,3,4)
Step=69 ############################## Axiom58 14(2) - g1 f(1,2) + f(2,4) >= f(2) + f(1,2,4)
Step=69 ############################## Axiom60 14(3) - g1 f(1,3) + f(3,4) >= f(3) + f(1,3,4)

Ordered by number of previous rays:
Step=69 $$$$$$$$$$$$$$$$$$$$$$$$$..... (min) Axiom44 23(4) - g1 f(2,4) + f(3,4) >= f(4) + f(2,3,4)
Step=69 $$$$$$$$$$$$$$$$$$$$$$$$$$.... Axiom5 01(2,4) - g2 f(0,2,4) + f(1,2,4) >= f(0,1,2,3,4) + f(2,4)
Step=69 $$$$$$$$$$$$$$$$$$$$$$$$$$.... Axiom6 01(3,4) - g2 f(0,3,4) + f(1,3,4) >= f(0,1,2,3,4) + f(3,4)
Step=69 $$$$$$$$$$$$$$$$$$$$$$$$$$$... Axiom55 04(1,2,3) - g3 f(0,1,2,3,4) >= f(1,2,3)
Step=69 $$$$$$$$$$$$$$$$$$$$$$$$$$$... Axiom63 14(0,2,3) - g3 f(0,1,2,3,4) >= f(0,2,3)
Step=69 $$$$$$$$$$$$$$$$$$$$$$$$$$$... Axiom1 01(2) - g1 f(0,2) + f(1,2) >= f(2) + f(0,1,2)
Step=69 $$$$$$$$$$$$$$$$$$$$$$$$$$$... Axiom2 01(3) - g1 f(0,3) + f(1,3) >= f(3) + f(0,1,3)
Step=69 $$$$$$$$$$$$$$$$$$$$$$$$$$$... Axiom15 02(1,3,4) - g3 f(0,1,2,3,4) >= f(1,3,4)
Step=69 $$$$$$$$$$$$$$$$$$$$$$$$$$$... Axiom23 12(0,3,4) - g3 f(0,1,2,3,4) >= f(0,3,4)
Step=69 $$$$$$$$$$$$$$$$$$$$$$$$$$$... Axiom31 03(1,2,4) - g3 f(0,1,2,3,4) >= f(1,2,4)
Step=69 $$$$$$$$$$$$$$$$$$$$$$$$$$$... Axiom39 13(0,2,4) - g3 f(0,1,2,3,4) >= f(0,2,4)
Step=69 $$$$$$$$$$$$$$$$$$$$$$$$$$$$.. Axiom68 24(3) - g1 f(2,3) + f(3,4) >= f(3) + f(2,3,4)
Step=69 $$$$$$$$$$$$$$$$$$$$$$$$$$$$.. Axiom76 34(2) - g1 f(2,3) + f(2,4) >= f(2) + f(2,3,4)
Step=69 $$$$$$$$$$$$$$$$$$$$$$$$$$$$.. Axiom54 04(2,3) - g2 f(0,2,3) + f(2,3,4) >= f(2,3) + f(0,1,2,3,4)
Step=69 $$$$$$$$$$$$$$$$$$$$$$$$$$$$.. Axiom62 14(2,3) - g2 f(1,2,3) + f(2,3,4) >= f(2,3) + f(0,1,2,3,4)
Step=69 $$$$$$$$$$$$$$$$$$$$$$$$$$$$.. Axiom47 23(0,1,4) - g3 f(0,1,2,3,4) >= f(0,1,4)
Step=69 $$$$$$$$$$$$$$$$$$$$$$$$$$$$.. Axiom4 01(4) - g1 f(0,4) + f(1,4) >= f(4) + f(0,1,4)
Step=69 $$$$$$$$$$$$$$$$$$$$$$$$$$$$.. Axiom71 24(0,1,3) - g3 f(0,1,2,3,4) >= f(0,1,3)
Step=69 $$$$$$$$$$$$$$$$$$$$$$$$$$$$.. Axiom79 34(0,1,2) - g3 f(0,1,2,3,4) >= f(0,1,2)
Step=69 $$$$$$$$$$$$$$$$$$$$$$$$$$$$$. Axiom10 02(3) - g1 f(0,3) + f(2,3) >= f(3) + f(0,2,3)
Step=69 $$$$$$$$$$$$$$$$$$$$$$$$$$$$$. Axiom18 12(3) - g1 f(1,3) + f(2,3) >= f(3) + f(1,2,3)
Step=69 $$$$$$$$$$$$$$$$$$$$$$$$$$$$$. Axiom26 03(2) - g1 f(0,2) + f(2,3) >= f(2) + f(0,2,3)
Step=69 $$$$$$$$$$$$$$$$$$$$$$$$$$$$$. Axiom34 13(2) - g1 f(1,2) + f(2,3) >= f(2) + f(1,2,3)
Step=69 $$$$$$$$$$$$$$$$$$$$$$$$$$$$$. Axiom49 04(1) - g1 f(0,1) + f(1,4) >= f(1) + f(0,1,4)
Step=69 $$$$$$$$$$$$$$$$$$$$$$$$$$$$$. Axiom57 14(0) - g1 f(0,1) + f(0,4) >= f(0) + f(0,1,4)
Step=69 $$$$$$$$$$$$$$$$$$$$$$$$$$$$$. Axiom65 24(0) - g1 f(0,2) + f(0,4) >= f(0) + f(0,2,4)
Step=69 $$$$$$$$$$$$$$$$$$$$$$$$$$$$$. Axiom66 24(1) - g1 f(1,2) + f(1,4) >= f(1) + f(1,2,4)
Step=69 $$$$$$$$$$$$$$$$$$$$$$$$$$$$$. Axiom73 34(0) - g1 f(0,3) + f(0,4) >= f(0) + f(0,3,4)
Step=69 $$$$$$$$$$$$$$$$$$$$$$$$$$$$$. Axiom74 34(1) - g1 f(1,3) + f(1,4) >= f(1) + f(1,3,4)
Step=69 $$$$$$$$$$$$$$$$$$$$$$$$$$$$$. Axiom14 02(3,4) - g2 f(0,3,4) + f(2,3,4) >= f(0,1,2,3,4) + f(3,4)
Step=69 $$$$$$$$$$$$$$$$$$$$$$$$$$$$$. Axiom22 12(3,4) - g2 f(1,3,4) + f(2,3,4) >= f(0,1,2,3,4) + f(3,4)
Step=69 $$$$$$$$$$$$$$$$$$$$$$$$$$$$$. Axiom30 03(2,4) - g2 f(0,2,4) + f(2,3,4) >= f(0,1,2,3,4) + f(2,4)
Step=69 $$$$$$$$$$$$$$$$$$$$$$$$$$$$$. Axiom38 13(2,4) - g2 f(1,2,4) + f(2,3,4) >= f(0,1,2,3,4) + f(2,4)
Step=69 $$$$$$$$$$$$$$$$$$$$$$$$$$$$$. Axiom67 24(0,1) - g2 f(0,1,2) + f(0,1,4) >= f(0,1) + f(0,1,2,3,4)
Step=69 $$$$$$$$$$$$$$$$$$$$$$$$$$$$$. Axiom75 34(0,1) - g2 f(0,1,3) + f(0,1,4) >= f(0,1) + f(0,1,2,3,4)
Step=69 $$$$$$$$$$$$$$$$$$$$$$$$$$$$$. Axiom45 23(0,4) - g2 f(0,2,4) + f(0,3,4) >= f(0,1,2,3,4) + f(0,4)
Step=69 $$$$$$$$$$$$$$$$$$$$$$$$$$$$$. Axiom46 23(1,4) - g2 f(1,2,4) + f(1,3,4) >= f(0,1,2,3,4) + f(1,4)
Step=69 $$$$$$$$$$$$$$$$$$$$$$$$$$$$$. Axiom69 24(0,3) - g2 f(0,2,3) + f(0,3,4) >= f(0,3) + f(0,1,2,3,4)
Step=69 $$$$$$$$$$$$$$$$$$$$$$$$$$$$$. Axiom70 24(1,3) - g2 f(1,2,3) + f(1,3,4) >= f(1,3) + f(0,1,2,3,4)
Step=69 $$$$$$$$$$$$$$$$$$$$$$$$$$$$$. Axiom77 34(0,2) - g2 f(0,2,3) + f(0,2,4) >= f(0,2) + f(0,1,2,3,4)
Step=69 $$$$$$$$$$$$$$$$$$$$$$$$$$$$$. Axiom78 34(1,2) - g2 f(1,2,3) + f(1,2,4) >= f(1,2) + f(0,1,2,3,4)
Step=69 $$$$$$$$$$$$$$$$$$$$$$$$$$$$$. Axiom43 23(0,1) - g2 f(0,1,2) + f(0,1,3) >= f(0,1) + f(0,1,2,3,4)
Step=69 $$$$$$$$$$$$$$$$$$$$$$$$$$$$$$ Axiom41 23(0) - g1 f(0,2) + f(0,3) >= f(0) + f(0,2,3)
Step=69 $$$$$$$$$$$$$$$$$$$$$$$$$$$$$$ Axiom42 23(1) - g1 f(1,2) + f(1,3) >= f(1) + f(1,2,3)
Step=69 $$$$$$$$$$$$$$$$$$$$$$$$$$$$$$ Axiom12 02(4) - g1 f(0,4) + f(2,4) >= f(4) + f(0,2,4)
Step=69 $$$$$$$$$$$$$$$$$$$$$$$$$$$$$$ Axiom20 12(4) - g1 f(1,4) + f(2,4) >= f(4) + f(1,2,4)
Step=69 $$$$$$$$$$$$$$$$$$$$$$$$$$$$$$ Axiom28 03(4) - g1 f(0,4) + f(3,4) >= f(4) + f(0,3,4)
Step=69 $$$$$$$$$$$$$$$$$$$$$$$$$$$$$$ Axiom36 13(4) - g1 f(1,4) + f(3,4) >= f(4) + f(1,3,4)
Step=69 $$$$$$$$$$$$$$$$$$$$$$$$$$$$$$ Axiom13 02(1,4) - g2 f(0,1,4) + f(1,2,4) >= f(0,1,2,3,4) + f(1,4)
Step=69 $$$$$$$$$$$$$$$$$$$$$$$$$$$$$$ Axiom21 12(0,4) - g2 f(0,1,4) + f(0,2,4) >= f(0,1,2,3,4) + f(0,4)
Step=69 $$$$$$$$$$$$$$$$$$$$$$$$$$$$$$ Axiom29 03(1,4) - g2 f(0,1,4) + f(1,3,4) >= f(0,1,2,3,4) + f(1,4)
Step=69 $$$$$$$$$$$$$$$$$$$$$$$$$$$$$$ Axiom37 13(0,4) - g2 f(0,1,4) + f(0,3,4) >= f(0,1,2,3,4) + f(0,4)
Step=69 $$$$$$$$$$$$$$$$$$$$$$$$$$$$$$ Axiom51 04(1,2) - g2 f(0,1,2) + f(1,2,4) >= f(1,2) + f(0,1,2,3,4)
Step=69 $$$$$$$$$$$$$$$$$$$$$$$$$$$$$$ Axiom53 04(1,3) - g2 f(0,1,3) + f(1,3,4) >= f(1,3) + f(0,1,2,3,4)
Step=69 $$$$$$$$$$$$$$$$$$$$$$$$$$$$$$ Axiom59 14(0,2) - g2 f(0,1,2) + f(0,2,4) >= f(0,2) + f(0,1,2,3,4)
Step=69 $$$$$$$$$$$$$$$$$$$$$$$$$$$$$$ Axiom61 14(0,3) - g2 f(0,1,3) + f(0,3,4) >= f(0,3) + f(0,1,2,3,4)
Step=69 $$$$$$$$$$$$$$$$$$$$$$$$$$$$$$ Axiom9 02(1) - g1 f(0,1) + f(1,2) >= f(1) + f(0,1,2)
Step=69 $$$$$$$$$$$$$$$$$$$$$$$$$$$$$$ Axiom17 12(0) - g1 f(0,1) + f(0,2) >= f(0) + f(0,1,2)
Step=69 $$$$$$$$$$$$$$$$$$$$$$$$$$$$$$ Axiom25 03(1) - g1 f(0,1) + f(1,3) >= f(1) + f(0,1,3)
Step=69 $$$$$$$$$$$$$$$$$$$$$$$$$$$$$$ Axiom33 13(0) - g1 f(0,1) + f(0,3) >= f(0) + f(0,1,3)
Step=69 $$$$$$$$$$$$$$$$$$$$$$$$$$$$$$ Axiom11 02(1,3) - g2 f(0,1,3) + f(1,2,3) >= f(1,3) + f(0,1,2,3,4)
Step=69 $$$$$$$$$$$$$$$$$$$$$$$$$$$$$$ Axiom19 12(0,3) - g2 f(0,1,3) + f(0,2,3) >= f(0,3) + f(0,1,2,3,4)
Step=69 $$$$$$$$$$$$$$$$$$$$$$$$$$$$$$ Axiom27 03(1,2) - g2 f(0,1,2) + f(1,2,3) >= f(1,2) + f(0,1,2,3,4)
Step=69 $$$$$$$$$$$$$$$$$$$$$$$$$$$$$$ Axiom35 13(0,2) - g2 f(0,1,2) + f(0,2,3) >= f(0,2) + f(0,1,2,3,4)
Step=69 $$$$$$$$$$$$$$$$$$$$$$$$$$$$$$ Axiom50 04(2) - g1 f(0,2) + f(2,4) >= f(2) + f(0,2,4)
Step=69 $$$$$$$$$$$$$$$$$$$$$$$$$$$$$$ Axiom52 04(3) - g1 f(0,3) + f(3,4) >= f(3) + f(0,3,4)
Step=69 $$$$$$$$$$$$$$$$$$$$$$$$$$$$$$ Axiom58 14(2) - g1 f(1,2) + f(2,4) >= f(2) + f(1,2,4)
Step=69 $$$$$$$$$$$$$$$$$$$$$$$$$$$$$$ Axiom60 14(3) - g1 f(1,3) + f(3,4) >= f(3) + f(1,3,4)
