! VaryAxiom=6 NoInitialAxiomSet
Step=45 PrevRays=   296 ResultRays=   282 RayPairs=      2600 NewAxiom=9 PrevAxioms=6,10,11,12,13,14,17,18,20,22,25,26,27,28,29,33,36,43,49,50,57,63,66,72,73,78,19,21,37,35,53,34,38,59,54,52,75,74,61,60,62,58,51,67,+9 MissingAxioms=0,1,2,3,4,5,7,8,15,16,23,24,30,31,32,39,40,41,42,44,45,46,47,48,55,56,64,65,68,69,70,71,76,77,79
Step=45 PrevRays=   289 ResultRays=   282 RayPairs=      2575 NewAxiom=10 PrevAxioms=6,9,11,12,13,14,17,18,19,20,22,25,26,28,29,33,36,43,49,50,57,63,66,72,73,78,21,27,35,37,34,38,51,67,59,53,58,62,60,75,74,61,54,52,+10 MissingAxioms=0,1,2,3,4,5,7,8,15,16,23,24,30,31,32,39,40,41,42,44,45,46,47,48,55,56,64,65,68,69,70,71,76,77,79
Step=45 PrevRays=   264 ResultRays=   282 RayPairs=      2856 NewAxiom=11 PrevAxioms=6,9,10,12,13,14,17,18,19,20,22,25,26,28,29,33,36,43,49,50,57,63,66,72,73,78,21,35,37,51,67,53,38,59,58,75,61,74,52,54,27,34,62,60,+11 MissingAxioms=0,1,2,3,4,5,7,8,15,16,23,24,30,31,32,39,40,41,42,44,45,46,47,48,55,56,64,65,68,69,70,71,76,77,79
Step=45 PrevRays=   252 ResultRays=   282 RayPairs=      2728 NewAxiom=12 PrevAxioms=6,9,10,11,13,14,17,18,20,21,22,25,26,28,29,33,36,43,49,50,57,63,66,72,73,78,19,37,51,59,67,38,53,75,61,27,58,35,74,34,62,60,52,54,+12 MissingAxioms=0,1,2,3,4,5,7,8,15,16,23,24,30,31,32,39,40,41,42,44,45,46,47,48,55,56,64,65,68,69,70,71,76,77,79
Step=45 PrevRays=   298 ResultRays=   282 RayPairs=      3348 NewAxiom=13 PrevAxioms=6,9,10,11,12,14,17,18,20,21,22,25,26,28,29,33,36,43,49,50,57,63,66,72,73,78,19,37,59,27,38,75,61,53,54,35,52,74,60,62,34,58,51,67,+13 MissingAxioms=0,1,2,3,4,5,7,8,15,16,23,24,30,31,32,39,40,41,42,44,45,46,47,48,55,56,64,65,68,69,70,71,76,77,79
Step=45 PrevRays=   244 ResultRays=   282 RayPairs=      1672 NewAxiom=14 PrevAxioms=6,9,10,11,12,13,17,18,20,22,25,26,28,29,33,36,43,49,50,54,57,63,66,72,73,78,19,21,37,27,59,75,61,53,38,74,67,51,58,35,34,62,60,52,+14 MissingAxioms=0,1,2,3,4,5,7,8,15,16,23,24,30,31,32,39,40,41,42,44,45,46,47,48,55,56,64,65,68,69,70,71,76,77,79
Step=45 PrevRays=   250 ResultRays=   282 RayPairs=      2233 NewAxiom=17 PrevAxioms=6,9,10,11,12,13,14,18,20,22,25,26,28,29,33,34,36,43,49,50,57,63,66,72,73,78,19,21,37,27,61,75,35,38,51,67,74,53,54,52,60,62,58,59,+17 MissingAxioms=0,1,2,3,4,5,7,8,15,16,23,24,30,31,32,39,40,41,42,44,45,46,47,48,55,56,64,65,68,69,70,71,76,77,79
Step=45 PrevRays=   290 ResultRays=   282 RayPairs=      3333 NewAxiom=18 PrevAxioms=6,9,10,11,12,13,14,17,19,20,22,25,26,28,29,33,36,43,49,50,57,63,66,72,73,78,21,27,35,37,34,38,51,67,59,53,58,62,75,74,61,52,54,60,+18 MissingAxioms=0,1,2,3,4,5,7,8,15,16,23,24,30,31,32,39,40,41,42,44,45,46,47,48,55,56,64,65,68,69,70,71,76,77,79
Step=45 PrevRays=   269 ResultRays=   282 RayPairs=      3362 NewAxiom=19 PrevAxioms=6,9,10,11,12,13,14,17,18,20,22,25,26,28,29,33,36,43,49,50,57,63,66,72,73,78,21,27,37,59,75,61,51,67,38,53,74,58,52,54,35,34,62,60,+19 MissingAxioms=0,1,2,3,4,5,7,8,15,16,23,24,30,31,32,39,40,41,42,44,45,46,47,48,55,56,64,65,68,69,70,71,76,77,79
Step=45 PrevRays=   288 ResultRays=   282 RayPairs=      3999 NewAxiom=20 PrevAxioms=6,9,10,11,12,13,14,17,18,21,22,25,26,28,29,33,36,43,49,50,57,63,66,72,73,78,19,37,51,59,67,75,61,53,54,35,52,58,27,74,34,60,62,38,+20 MissingAxioms=0,1,2,3,4,5,7,8,15,16,23,24,30,31,32,39,40,41,42,44,45,46,47,48,55,56,64,65,68,69,70,71,76,77,79
Step=45 PrevRays=   265 ResultRays=   282 RayPairs=      2940 NewAxiom=21 PrevAxioms=6,9,10,11,12,13,14,17,18,20,22,25,26,28,29,33,36,43,49,50,57,63,66,72,73,78,19,37,51,67,35,38,53,61,75,54,52,27,74,34,60,62,58,59,+21 MissingAxioms=0,1,2,3,4,5,7,8,15,16,23,24,30,31,32,39,40,41,42,44,45,46,47,48,55,56,64,65,68,69,70,71,76,77,79
Step=45 PrevRays=   259 ResultRays=   282 RayPairs=      1742 NewAxiom=22 PrevAxioms=6,9,10,11,12,13,14,17,18,20,25,26,28,29,33,36,38,43,49,50,57,63,66,72,73,78,19,21,37,27,59,75,61,53,74,54,35,52,60,34,67,51,62,58,+22 MissingAxioms=0,1,2,3,4,5,7,8,15,16,23,24,30,31,32,39,40,41,42,44,45,46,47,48,55,56,64,65,68,69,70,71,76,77,79
Step=45 PrevRays=   290 ResultRays=   282 RayPairs=      3168 NewAxiom=25 PrevAxioms=6,9,10,11,12,13,14,17,18,20,22,26,27,28,29,33,36,43,49,50,57,63,66,72,73,78,19,21,37,35,51,67,34,38,61,75,54,52,59,58,62,60,53,74,+25 MissingAxioms=0,1,2,3,4,5,7,8,15,16,23,24,30,31,32,39,40,41,42,44,45,46,47,48,55,56,64,65,68,69,70,71,76,77,79
Step=45 PrevRays=   255 ResultRays=   282 RayPairs=      2849 NewAxiom=26 PrevAxioms=6,9,10,11,12,13,14,17,18,20,22,25,28,29,33,34,36,43,49,50,57,63,66,72,73,78,19,21,37,27,59,75,61,53,38,74,67,51,58,62,60,35,52,54,+26 MissingAxioms=0,1,2,3,4,5,7,8,15,16,23,24,30,31,32,39,40,41,42,44,45,46,47,48,55,56,64,65,68,69,70,71,76,77,79
Step=45 PrevRays=   264 ResultRays=   282 RayPairs=      2888 NewAxiom=27 PrevAxioms=6,9,10,11,12,13,14,17,18,20,22,25,26,28,29,33,36,43,49,50,57,63,66,72,73,78,19,21,37,35,51,67,53,38,61,75,74,54,52,59,58,60,62,34,+27 MissingAxioms=0,1,2,3,4,5,7,8,15,16,23,24,30,31,32,39,40,41,42,44,45,46,47,48,55,56,64,65,68,69,70,71,76,77,79
Step=45 PrevRays=   245 ResultRays=   282 RayPairs=      3002 NewAxiom=28 PrevAxioms=6,9,10,11,12,13,14,17,18,20,22,25,26,29,33,36,37,43,49,50,57,63,66,72,73,78,19,21,53,61,75,67,74,35,38,51,27,34,59,58,62,60,52,54,+28 MissingAxioms=0,1,2,3,4,5,7,8,15,16,23,24,30,31,32,39,40,41,42,44,45,46,47,48,55,56,64,65,68,69,70,71,76,77,79
Step=45 PrevRays=   285 ResultRays=   282 RayPairs=      3332 NewAxiom=29 PrevAxioms=6,9,10,11,12,13,14,17,18,20,22,25,26,28,33,36,37,43,49,50,57,63,66,72,73,78,19,21,61,75,27,38,35,51,67,34,54,59,52,58,62,60,53,74,+29 MissingAxioms=0,1,2,3,4,5,7,8,15,16,23,24,30,31,32,39,40,41,42,44,45,46,47,48,55,56,64,65,68,69,70,71,76,77,79
Step=45 PrevRays=   285 ResultRays=   282 RayPairs=      2910 NewAxiom=33 PrevAxioms=6,9,10,11,12,13,14,17,18,20,22,25,26,28,29,34,36,43,49,50,57,63,66,72,73,78,19,21,37,27,59,35,38,53,67,51,58,62,60,54,52,61,75,74,+33 MissingAxioms=0,1,2,3,4,5,7,8,15,16,23,24,30,31,32,39,40,41,42,44,45,46,47,48,55,56,64,65,68,69,70,71,76,77,79
Step=45 PrevRays=   290 ResultRays=   282 RayPairs=      3399 NewAxiom=34 PrevAxioms=6,9,10,11,12,13,14,17,18,20,22,25,26,28,29,33,36,43,49,50,57,63,66,72,73,78,19,21,37,27,59,75,61,53,38,74,67,51,58,35,54,52,62,60,+34 MissingAxioms=0,1,2,3,4,5,7,8,15,16,23,24,30,31,32,39,40,41,42,44,45,46,47,48,55,56,64,65,68,69,70,71,76,77,79
Step=45 PrevRays=   273 ResultRays=   282 RayPairs=      2754 NewAxiom=35 PrevAxioms=6,9,10,11,12,13,14,17,18,20,22,25,26,28,29,33,36,43,49,50,57,63,66,72,73,78,19,21,37,27,59,75,61,53,38,74,67,51,58,54,52,60,62,34,+35 MissingAxioms=0,1,2,3,4,5,7,8,15,16,23,24,30,31,32,39,40,41,42,44,45,46,47,48,55,56,64,65,68,69,70,71,76,77,79
Step=45 PrevRays=   283 ResultRays=   282 RayPairs=      3977 NewAxiom=36 PrevAxioms=6,9,10,11,12,13,14,17,18,20,22,25,26,28,29,33,37,43,49,50,57,63,66,72,73,78,19,21,53,61,75,67,74,35,51,54,59,52,60,62,27,34,38,58,+36 MissingAxioms=0,1,2,3,4,5,7,8,15,16,23,24,30,31,32,39,40,41,42,44,45,46,47,48,55,56,64,65,68,69,70,71,76,77,79
Step=45 PrevRays=   285 ResultRays=   282 RayPairs=      2900 NewAxiom=37 PrevAxioms=6,9,10,11,12,13,14,17,18,20,22,25,26,28,29,33,36,43,49,50,57,63,66,72,73,78,19,21,53,35,67,38,51,27,34,54,59,52,58,62,60,61,75,74,+37 MissingAxioms=0,1,2,3,4,5,7,8,15,16,23,24,30,31,32,39,40,41,42,44,45,46,47,48,55,56,64,65,68,69,70,71,76,77,79
Step=45 PrevRays=   254 ResultRays=   282 RayPairs=      1278 NewAxiom=38 PrevAxioms=6,9,10,11,12,13,14,17,18,20,22,25,26,28,29,33,36,43,49,50,57,63,66,72,73,78,19,21,37,27,59,75,61,53,74,54,35,52,60,62,34,67,51,58,+38 MissingAxioms=0,1,2,3,4,5,7,8,15,16,23,24,30,31,32,39,40,41,42,44,45,46,47,48,55,56,64,65,68,69,70,71,76,77,79
! VaryAxiom=43 NoInitialAxiomSet
Step=45 PrevRays=   307 ResultRays=   282 RayPairs=      3520 NewAxiom=49 PrevAxioms=6,9,10,11,12,13,14,17,18,20,22,25,26,28,29,33,36,43,50,51,57,63,66,72,73,78,19,21,37,27,59,75,58,61,74,38,67,54,52,35,34,62,60,53,+49 MissingAxioms=0,1,2,3,4,5,7,8,15,16,23,24,30,31,32,39,40,41,42,44,45,46,47,48,55,56,64,65,68,69,70,71,76,77,79
Step=45 PrevRays=   246 ResultRays=   282 RayPairs=      2673 NewAxiom=50 PrevAxioms=6,9,10,11,12,13,14,17,18,20,22,25,26,28,29,33,36,43,49,52,57,63,66,72,73,78,19,21,37,27,59,75,61,54,53,38,74,67,51,60,62,35,34,58,+50 MissingAxioms=0,1,2,3,4,5,7,8,15,16,23,24,30,31,32,39,40,41,42,44,45,46,47,48,55,56,64,65,68,69,70,71,76,77,79
Step=45 PrevRays=   294 ResultRays=   282 RayPairs=      3069 NewAxiom=51 PrevAxioms=6,9,10,11,12,13,14,17,18,20,22,25,26,28,29,33,36,43,49,50,57,63,66,72,73,78,19,21,37,27,59,75,61,53,38,74,67,54,52,60,62,35,34,58,+51 MissingAxioms=0,1,2,3,4,5,7,8,15,16,23,24,30,31,32,39,40,41,42,44,45,46,47,48,55,56,64,65,68,69,70,71,76,77,79
Step=45 PrevRays=   284 ResultRays=   282 RayPairs=      2940 NewAxiom=52 PrevAxioms=6,9,10,11,12,13,14,17,18,20,22,25,26,28,29,33,36,43,49,50,57,63,66,72,73,78,19,21,37,27,59,75,61,53,38,74,67,51,58,35,34,62,60,54,+52 MissingAxioms=0,1,2,3,4,5,7,8,15,16,23,24,30,31,32,39,40,41,42,44,45,46,47,48,55,56,64,65,68,69,70,71,76,77,79
Step=45 PrevRays=   280 ResultRays=   282 RayPairs=      2912 NewAxiom=53 PrevAxioms=6,9,10,11,12,13,14,17,18,20,22,25,26,28,29,33,36,43,49,50,57,63,66,72,73,78,19,21,37,27,59,75,61,74,38,51,67,58,54,52,35,34,62,60,+53 MissingAxioms=0,1,2,3,4,5,7,8,15,16,23,24,30,31,32,39,40,41,42,44,45,46,47,48,55,56,64,65,68,69,70,71,76,77,79
Step=45 PrevRays=   244 ResultRays=   282 RayPairs=      1677 NewAxiom=54 PrevAxioms=6,9,10,11,12,13,14,17,18,20,22,25,26,28,29,33,36,43,49,50,57,63,66,72,73,78,19,21,37,27,59,75,61,53,38,74,67,51,58,35,34,62,60,52,+54 MissingAxioms=0,1,2,3,4,5,7,8,15,16,23,24,30,31,32,39,40,41,42,44,45,46,47,48,55,56,64,65,68,69,70,71,76,77,79
Step=45 PrevRays=   289 ResultRays=   282 RayPairs=      3182 NewAxiom=57 PrevAxioms=6,9,10,11,12,13,14,17,18,20,22,25,26,28,29,33,36,43,49,50,58,63,66,72,73,78,19,21,37,27,75,35,38,53,67,74,51,59,34,62,60,61,52,54,+57 MissingAxioms=0,1,2,3,4,5,7,8,15,16,23,24,30,31,32,39,40,41,42,44,45,46,47,48,55,56,64,65,68,69,70,71,76,77,79
Step=45 PrevRays=   289 ResultRays=   282 RayPairs=      4094 NewAxiom=58 PrevAxioms=6,9,10,11,12,13,14,17,18,20,22,25,26,28,29,33,36,43,49,50,57,63,66,72,73,78,19,21,37,27,59,75,61,53,38,74,67,51,54,52,35,34,60,62,+58 MissingAxioms=0,1,2,3,4,5,7,8,15,16,23,24,30,31,32,39,40,41,42,44,45,46,47,48,55,56,64,65,68,69,70,71,76,77,79
Step=45 PrevRays=   269 ResultRays=   282 RayPairs=      2889 NewAxiom=59 PrevAxioms=6,9,10,11,12,13,14,17,18,20,22,25,26,28,29,33,36,43,49,50,57,63,66,72,73,78,19,21,37,27,61,75,35,38,53,67,74,51,34,54,52,60,62,58,+59 MissingAxioms=0,1,2,3,4,5,7,8,15,16,23,24,30,31,32,39,40,41,42,44,45,46,47,48,55,56,64,65,68,69,70,71,76,77,79
Step=45 PrevRays=   281 ResultRays=   282 RayPairs=      3731 NewAxiom=60 PrevAxioms=6,9,10,11,12,13,14,17,18,20,22,25,26,28,29,33,36,43,49,50,57,63,66,72,73,78,19,21,37,27,59,75,61,53,38,74,67,51,58,35,34,62,54,52,+60 MissingAxioms=0,1,2,3,4,5,7,8,15,16,23,24,30,31,32,39,40,41,42,44,45,46,47,48,55,56,64,65,68,69,70,71,76,77,79
Step=45 PrevRays=   286 ResultRays=   282 RayPairs=      3150 NewAxiom=61 PrevAxioms=6,9,10,11,12,13,14,17,18,20,22,25,26,28,29,33,36,43,49,50,57,63,66,72,73,78,19,21,37,27,59,75,53,38,74,67,51,58,35,34,62,60,54,52,+61 MissingAxioms=0,1,2,3,4,5,7,8,15,16,23,24,30,31,32,39,40,41,42,44,45,46,47,48,55,56,64,65,68,69,70,71,76,77,79
Step=45 PrevRays=   256 ResultRays=   282 RayPairs=      1596 NewAxiom=62 PrevAxioms=6,9,10,11,12,13,14,17,18,20,22,25,26,28,29,33,36,43,49,50,57,63,66,72,73,78,19,21,37,27,59,75,61,53,38,74,67,51,58,35,34,54,52,60,+62 MissingAxioms=0,1,2,3,4,5,7,8,15,16,23,24,30,31,32,39,40,41,42,44,45,46,47,48,55,56,64,65,68,69,70,71,76,77,79
! VaryAxiom=63 NoInitialAxiomSet
Step=45 PrevRays=   256 ResultRays=   282 RayPairs=      1053 NewAxiom=66 PrevAxioms=6,9,10,11,12,13,14,17,18,20,22,25,26,28,29,33,36,43,49,50,57,63,67,72,73,78,19,21,37,27,59,75,61,53,38,74,51,58,54,52,35,34,62,60,+66 MissingAxioms=0,1,2,3,4,5,7,8,15,16,23,24,30,31,32,39,40,41,42,44,45,46,47,48,55,56,64,65,68,69,70,71,76,77,79
Step=45 PrevRays=   256 ResultRays=   282 RayPairs=      1064 NewAxiom=67 PrevAxioms=6,9,10,11,12,13,14,17,18,20,22,25,26,28,29,33,36,43,49,50,57,63,66,72,73,78,19,21,37,27,59,75,61,53,38,74,51,58,54,52,35,34,62,60,+67 MissingAxioms=0,1,2,3,4,5,7,8,15,16,23,24,30,31,32,39,40,41,42,44,45,46,47,48,55,56,64,65,68,69,70,71,76,77,79
! VaryAxiom=72 NoInitialAxiomSet
Step=45 PrevRays=   268 ResultRays=   282 RayPairs=      2646 NewAxiom=73 PrevAxioms=6,9,10,11,12,13,14,17,18,20,22,25,26,28,29,33,36,43,49,50,57,63,66,72,74,78,19,21,37,27,59,61,53,75,38,67,51,58,35,34,62,60,52,54,+73 MissingAxioms=0,1,2,3,4,5,7,8,15,16,23,24,30,31,32,39,40,41,42,44,45,46,47,48,55,56,64,65,68,69,70,71,76,77,79
Step=45 PrevRays=   260 ResultRays=   282 RayPairs=      2660 NewAxiom=74 PrevAxioms=6,9,10,11,12,13,14,17,18,20,22,25,26,28,29,33,36,43,49,50,57,63,66,72,73,78,19,21,37,27,59,75,61,53,38,67,51,58,35,34,62,60,54,52,+74 MissingAxioms=0,1,2,3,4,5,7,8,15,16,23,24,30,31,32,39,40,41,42,44,45,46,47,48,55,56,64,65,68,69,70,71,76,77,79
Step=45 PrevRays=   305 ResultRays=   282 RayPairs=      2584 NewAxiom=75 PrevAxioms=6,9,10,11,12,13,14,17,18,20,22,25,26,28,29,33,36,43,49,50,57,63,66,72,73,78,19,21,37,27,59,61,53,38,67,51,74,54,52,35,58,34,62,60,+75 MissingAxioms=0,1,2,3,4,5,7,8,15,16,23,24,30,31,32,39,40,41,42,44,45,46,47,48,55,56,64,65,68,69,70,71,76,77,79
! VaryAxiom=78 NoInitialAxiomSet

Ordered by number of ray pairs:
Step=45 ########...................... (min) Axiom66 24(1) - g1 f(1,2) + f(1,4) >= f(1) + f(1,2,4)
Step=45 ########...................... Axiom67 24(0,1) - g2 f(0,1,2) + f(0,1,4) >= f(0,1) + f(0,1,2,3,4)
Step=45 #########..................... Axiom38 13(2,4) - g2 f(1,2,4) + f(2,3,4) >= f(0,1,2,3,4) + f(2,4)
Step=45 ############.................. Axiom62 14(2,3) - g2 f(1,2,3) + f(2,3,4) >= f(2,3) + f(0,1,2,3,4)
Step=45 ############.................. Axiom14 02(3,4) - g2 f(0,3,4) + f(2,3,4) >= f(0,1,2,3,4) + f(3,4)
Step=45 ############.................. Axiom54 04(2,3) - g2 f(0,2,3) + f(2,3,4) >= f(2,3) + f(0,1,2,3,4)
Step=45 #############................. Axiom22 12(3,4) - g2 f(1,3,4) + f(2,3,4) >= f(0,1,2,3,4) + f(3,4)
Step=45 ################.............. Axiom17 12(0) - g1 f(0,1) + f(0,2) >= f(0) + f(0,1,2)
Step=45 ###################........... Axiom10 02(3) - g1 f(0,3) + f(2,3) >= f(3) + f(0,2,3)
Step=45 ###################........... Axiom75 34(0,1) - g2 f(0,1,3) + f(0,1,4) >= f(0,1) + f(0,1,2,3,4)
Step=45 ###################........... Axiom9 02(1) - g1 f(0,1) + f(1,2) >= f(1) + f(0,1,2)
Step=45 ###################........... Axiom73 34(0) - g1 f(0,3) + f(0,4) >= f(0) + f(0,3,4)
Step=45 ###################........... Axiom74 34(1) - g1 f(1,3) + f(1,4) >= f(1) + f(1,3,4)
Step=45 ####################.......... Axiom50 04(2) - g1 f(0,2) + f(2,4) >= f(2) + f(0,2,4)
Step=45 ####################.......... Axiom12 02(4) - g1 f(0,4) + f(2,4) >= f(4) + f(0,2,4)
Step=45 ####################.......... Axiom35 13(0,2) - g2 f(0,1,2) + f(0,2,3) >= f(0,2) + f(0,1,2,3,4)
Step=45 #####################......... Axiom26 03(2) - g1 f(0,2) + f(2,3) >= f(2) + f(0,2,3)
Step=45 #####################......... Axiom11 02(1,3) - g2 f(0,1,3) + f(1,2,3) >= f(1,3) + f(0,1,2,3,4)
Step=45 #####################......... Axiom27 03(1,2) - g2 f(0,1,2) + f(1,2,3) >= f(1,2) + f(0,1,2,3,4)
Step=45 #####################......... Axiom59 14(0,2) - g2 f(0,1,2) + f(0,2,4) >= f(0,2) + f(0,1,2,3,4)
Step=45 #####################......... Axiom37 13(0,4) - g2 f(0,1,4) + f(0,3,4) >= f(0,1,2,3,4) + f(0,4)
Step=45 #####################......... Axiom33 13(0) - g1 f(0,1) + f(0,3) >= f(0) + f(0,1,3)
Step=45 #####################......... Axiom53 04(1,3) - g2 f(0,1,3) + f(1,3,4) >= f(1,3) + f(0,1,2,3,4)
Step=45 ######################........ Axiom21 12(0,4) - g2 f(0,1,4) + f(0,2,4) >= f(0,1,2,3,4) + f(0,4)
Step=45 ######################........ Axiom52 04(3) - g1 f(0,3) + f(3,4) >= f(3) + f(0,3,4)
Step=45 ######################........ Axiom28 03(4) - g1 f(0,4) + f(3,4) >= f(4) + f(0,3,4)
Step=45 ######################........ Axiom51 04(1,2) - g2 f(0,1,2) + f(1,2,4) >= f(1,2) + f(0,1,2,3,4)
Step=45 #######################....... Axiom61 14(0,3) - g2 f(0,1,3) + f(0,3,4) >= f(0,3) + f(0,1,2,3,4)
Step=45 #######################....... Axiom25 03(1) - g1 f(0,1) + f(1,3) >= f(1) + f(0,1,3)
Step=45 #######################....... Axiom57 14(0) - g1 f(0,1) + f(0,4) >= f(0) + f(0,1,4)
Step=45 ########################...... Axiom29 03(1,4) - g2 f(0,1,4) + f(1,3,4) >= f(0,1,2,3,4) + f(1,4)
Step=45 ########################...... Axiom18 12(3) - g1 f(1,3) + f(2,3) >= f(3) + f(1,2,3)
Step=45 #########################..... Axiom13 02(1,4) - g2 f(0,1,4) + f(1,2,4) >= f(0,1,2,3,4) + f(1,4)
Step=45 #########################..... Axiom19 12(0,3) - g2 f(0,1,3) + f(0,2,3) >= f(0,3) + f(0,1,2,3,4)
Step=45 #########################..... Axiom34 13(2) - g1 f(1,2) + f(2,3) >= f(2) + f(1,2,3)
Step=45 ##########################.... Axiom49 04(1) - g1 f(0,1) + f(1,4) >= f(1) + f(0,1,4)
Step=45 ###########################... Axiom60 14(3) - g1 f(1,3) + f(3,4) >= f(3) + f(1,3,4)
Step=45 #############################. Axiom36 13(4) - g1 f(1,4) + f(3,4) >= f(4) + f(1,3,4)
Step=45 #############################. Axiom20 12(4) - g1 f(1,4) + f(2,4) >= f(4) + f(1,2,4)
Step=45 ############################## Axiom58 14(2) - g1 f(1,2) + f(2,4) >= f(2) + f(1,2,4)

Ordered by number of previous rays:
Step=45 $$$$$$$$$$$$$$$$$$$$$$$$...... (min) Axiom14 02(3,4) - g2 f(0,3,4) + f(2,3,4) >= f(0,1,2,3,4) + f(3,4)
Step=45 $$$$$$$$$$$$$$$$$$$$$$$$...... (min) Axiom54 04(2,3) - g2 f(0,2,3) + f(2,3,4) >= f(2,3) + f(0,1,2,3,4)
Step=45 $$$$$$$$$$$$$$$$$$$$$$$$...... Axiom28 03(4) - g1 f(0,4) + f(3,4) >= f(4) + f(0,3,4)
Step=45 $$$$$$$$$$$$$$$$$$$$$$$$...... Axiom50 04(2) - g1 f(0,2) + f(2,4) >= f(2) + f(0,2,4)
Step=45 $$$$$$$$$$$$$$$$$$$$$$$$...... Axiom17 12(0) - g1 f(0,1) + f(0,2) >= f(0) + f(0,1,2)
Step=45 $$$$$$$$$$$$$$$$$$$$$$$$$..... Axiom12 02(4) - g1 f(0,4) + f(2,4) >= f(4) + f(0,2,4)
Step=45 $$$$$$$$$$$$$$$$$$$$$$$$$..... Axiom38 13(2,4) - g2 f(1,2,4) + f(2,3,4) >= f(0,1,2,3,4) + f(2,4)
Step=45 $$$$$$$$$$$$$$$$$$$$$$$$$..... Axiom26 03(2) - g1 f(0,2) + f(2,3) >= f(2) + f(0,2,3)
Step=45 $$$$$$$$$$$$$$$$$$$$$$$$$..... Axiom62 14(2,3) - g2 f(1,2,3) + f(2,3,4) >= f(2,3) + f(0,1,2,3,4)
Step=45 $$$$$$$$$$$$$$$$$$$$$$$$$..... Axiom66 24(1) - g1 f(1,2) + f(1,4) >= f(1) + f(1,2,4)
Step=45 $$$$$$$$$$$$$$$$$$$$$$$$$..... Axiom67 24(0,1) - g2 f(0,1,2) + f(0,1,4) >= f(0,1) + f(0,1,2,3,4)
Step=45 $$$$$$$$$$$$$$$$$$$$$$$$$..... Axiom22 12(3,4) - g2 f(1,3,4) + f(2,3,4) >= f(0,1,2,3,4) + f(3,4)
Step=45 $$$$$$$$$$$$$$$$$$$$$$$$$..... Axiom74 34(1) - g1 f(1,3) + f(1,4) >= f(1) + f(1,3,4)
Step=45 $$$$$$$$$$$$$$$$$$$$$$$$$$.... Axiom11 02(1,3) - g2 f(0,1,3) + f(1,2,3) >= f(1,3) + f(0,1,2,3,4)
Step=45 $$$$$$$$$$$$$$$$$$$$$$$$$$.... Axiom27 03(1,2) - g2 f(0,1,2) + f(1,2,3) >= f(1,2) + f(0,1,2,3,4)
Step=45 $$$$$$$$$$$$$$$$$$$$$$$$$$.... Axiom21 12(0,4) - g2 f(0,1,4) + f(0,2,4) >= f(0,1,2,3,4) + f(0,4)
Step=45 $$$$$$$$$$$$$$$$$$$$$$$$$$.... Axiom73 34(0) - g1 f(0,3) + f(0,4) >= f(0) + f(0,3,4)
Step=45 $$$$$$$$$$$$$$$$$$$$$$$$$$.... Axiom19 12(0,3) - g2 f(0,1,3) + f(0,2,3) >= f(0,3) + f(0,1,2,3,4)
Step=45 $$$$$$$$$$$$$$$$$$$$$$$$$$.... Axiom59 14(0,2) - g2 f(0,1,2) + f(0,2,4) >= f(0,2) + f(0,1,2,3,4)
Step=45 $$$$$$$$$$$$$$$$$$$$$$$$$$$... Axiom35 13(0,2) - g2 f(0,1,2) + f(0,2,3) >= f(0,2) + f(0,1,2,3,4)
Step=45 $$$$$$$$$$$$$$$$$$$$$$$$$$$... Axiom53 04(1,3) - g2 f(0,1,3) + f(1,3,4) >= f(1,3) + f(0,1,2,3,4)
Step=45 $$$$$$$$$$$$$$$$$$$$$$$$$$$... Axiom60 14(3) - g1 f(1,3) + f(3,4) >= f(3) + f(1,3,4)
Step=45 $$$$$$$$$$$$$$$$$$$$$$$$$$$$.. Axiom36 13(4) - g1 f(1,4) + f(3,4) >= f(4) + f(1,3,4)
Step=45 $$$$$$$$$$$$$$$$$$$$$$$$$$$$.. Axiom52 04(3) - g1 f(0,3) + f(3,4) >= f(3) + f(0,3,4)
Step=45 $$$$$$$$$$$$$$$$$$$$$$$$$$$$.. Axiom29 03(1,4) - g2 f(0,1,4) + f(1,3,4) >= f(0,1,2,3,4) + f(1,4)
Step=45 $$$$$$$$$$$$$$$$$$$$$$$$$$$$.. Axiom33 13(0) - g1 f(0,1) + f(0,3) >= f(0) + f(0,1,3)
Step=45 $$$$$$$$$$$$$$$$$$$$$$$$$$$$.. Axiom37 13(0,4) - g2 f(0,1,4) + f(0,3,4) >= f(0,1,2,3,4) + f(0,4)
Step=45 $$$$$$$$$$$$$$$$$$$$$$$$$$$$.. Axiom61 14(0,3) - g2 f(0,1,3) + f(0,3,4) >= f(0,3) + f(0,1,2,3,4)
Step=45 $$$$$$$$$$$$$$$$$$$$$$$$$$$$.. Axiom20 12(4) - g1 f(1,4) + f(2,4) >= f(4) + f(1,2,4)
Step=45 $$$$$$$$$$$$$$$$$$$$$$$$$$$$.. Axiom10 02(3) - g1 f(0,3) + f(2,3) >= f(3) + f(0,2,3)
Step=45 $$$$$$$$$$$$$$$$$$$$$$$$$$$$.. Axiom57 14(0) - g1 f(0,1) + f(0,4) >= f(0) + f(0,1,4)
Step=45 $$$$$$$$$$$$$$$$$$$$$$$$$$$$.. Axiom58 14(2) - g1 f(1,2) + f(2,4) >= f(2) + f(1,2,4)
Step=45 $$$$$$$$$$$$$$$$$$$$$$$$$$$$.. Axiom18 12(3) - g1 f(1,3) + f(2,3) >= f(3) + f(1,2,3)
Step=45 $$$$$$$$$$$$$$$$$$$$$$$$$$$$.. Axiom25 03(1) - g1 f(0,1) + f(1,3) >= f(1) + f(0,1,3)
Step=45 $$$$$$$$$$$$$$$$$$$$$$$$$$$$.. Axiom34 13(2) - g1 f(1,2) + f(2,3) >= f(2) + f(1,2,3)
Step=45 $$$$$$$$$$$$$$$$$$$$$$$$$$$$$. Axiom51 04(1,2) - g2 f(0,1,2) + f(1,2,4) >= f(1,2) + f(0,1,2,3,4)
Step=45 $$$$$$$$$$$$$$$$$$$$$$$$$$$$$. Axiom9 02(1) - g1 f(0,1) + f(1,2) >= f(1) + f(0,1,2)
Step=45 $$$$$$$$$$$$$$$$$$$$$$$$$$$$$. Axiom13 02(1,4) - g2 f(0,1,4) + f(1,2,4) >= f(0,1,2,3,4) + f(1,4)
Step=45 $$$$$$$$$$$$$$$$$$$$$$$$$$$$$$ Axiom75 34(0,1) - g2 f(0,1,3) + f(0,1,4) >= f(0,1) + f(0,1,2,3,4)
Step=45 $$$$$$$$$$$$$$$$$$$$$$$$$$$$$$ Axiom49 04(1) - g1 f(0,1) + f(1,4) >= f(1) + f(0,1,4)
