! VaryAxiom=6 NoInitialAxiomSet
Step=57 PrevRays=  2310 ResultRays=  2559 RayPairs=    322320 NewAxiom=9 PrevAxioms=6,10,11,12,13,14,17,18,20,22,25,26,27,28,29,31,33,36,41,45,49,50,57,65,72,73,19,21,37,69,77,35,53,34,38,43,42,59,30,67,39,63,54,52,70,75,74,61,60,62,55,51,66,78,46,58,+9 MissingAxioms=0,1,2,3,4,5,7,8,15,16,23,24,32,40,44,47,48,56,64,68,71,76,79 TotalTime=0.4
Step=57 PrevRays=  2608 ResultRays=  2559 RayPairs=    701310 NewAxiom=10 PrevAxioms=6,9,11,12,13,14,17,18,19,20,22,25,26,28,29,31,33,36,41,45,49,50,57,65,72,73,21,27,35,37,43,42,30,54,59,67,77,53,69,75,52,74,61,38,39,63,51,58,55,62,66,60,78,46,70,34,+10 MissingAxioms=0,1,2,3,4,5,7,8,15,16,23,24,32,40,44,47,48,56,64,68,71,76,79 TotalTime=0.5
Step=57 PrevRays=  2479 ResultRays=  2559 RayPairs=    438260 NewAxiom=11 PrevAxioms=6,9,10,12,13,14,17,18,19,20,22,25,26,28,29,31,33,36,41,45,49,50,57,65,72,73,21,35,37,43,51,53,69,77,38,70,75,61,42,74,27,55,34,67,30,54,59,52,39,62,63,60,66,78,46,58,+11 MissingAxioms=0,1,2,3,4,5,7,8,15,16,23,24,32,40,44,47,48,56,64,68,71,76,79 TotalTime=0.4
Step=57 PrevRays=  2608 ResultRays=  2559 RayPairs=    701310 NewAxiom=12 PrevAxioms=6,9,10,11,13,14,17,18,20,21,22,25,26,28,29,31,33,36,41,45,49,50,57,65,72,73,19,37,51,59,67,77,38,66,53,69,61,27,75,70,74,58,43,42,35,55,78,63,54,52,62,30,39,60,46,34,+12 MissingAxioms=0,1,2,3,4,5,7,8,15,16,23,24,32,40,44,47,48,56,64,68,71,76,79 TotalTime=0.5
Step=57 PrevRays=  2479 ResultRays=  2559 RayPairs=    438260 NewAxiom=13 PrevAxioms=6,9,10,11,12,14,17,18,20,21,22,25,26,28,29,31,33,36,41,45,49,50,57,65,72,73,19,30,38,53,59,67,77,54,69,27,43,52,37,75,61,74,70,42,39,35,63,60,62,55,51,66,78,34,46,58,+13 MissingAxioms=0,1,2,3,4,5,7,8,15,16,23,24,32,40,44,47,48,56,64,68,71,76,79 TotalTime=0.3
Step=57 PrevRays=  2252 ResultRays=  2559 RayPairs=    292100 NewAxiom=14 PrevAxioms=6,9,10,11,12,13,17,18,20,22,25,26,28,29,30,31,33,36,41,45,49,50,57,65,72,73,19,21,37,54,69,77,27,59,61,53,67,38,39,66,75,74,51,55,46,58,43,78,52,62,34,60,42,70,63,35,+14 MissingAxioms=0,1,2,3,4,5,7,8,15,16,23,24,32,40,44,47,48,56,64,68,71,76,79 TotalTime=0.5
Step=57 PrevRays=  2310 ResultRays=  2559 RayPairs=    322320 NewAxiom=17 PrevAxioms=6,9,10,11,12,13,14,18,20,22,25,26,28,29,31,33,34,36,41,45,49,50,57,65,72,73,19,21,37,69,77,27,61,35,75,30,38,39,51,43,54,42,53,55,74,67,59,63,62,52,60,66,78,70,46,58,+17 MissingAxioms=0,1,2,3,4,5,7,8,15,16,23,24,32,40,44,47,48,56,64,68,71,76,79 TotalTime=0.4
Step=57 PrevRays=  2608 ResultRays=  2559 RayPairs=    701310 NewAxiom=18 PrevAxioms=6,9,10,11,12,13,14,17,19,20,22,25,26,28,29,31,33,36,41,45,49,50,57,65,72,73,21,27,35,37,43,42,30,54,59,67,77,52,53,69,75,74,38,51,39,63,66,61,60,34,78,70,62,55,46,58,+18 MissingAxioms=0,1,2,3,4,5,7,8,15,16,23,24,32,40,44,47,48,56,64,68,71,76,79 TotalTime=0.4
Step=57 PrevRays=  2479 ResultRays=  2559 RayPairs=    438260 NewAxiom=19 PrevAxioms=6,9,10,11,12,13,14,17,18,20,22,25,26,28,29,31,33,36,41,45,49,50,57,65,72,73,21,27,37,69,77,59,61,30,54,67,75,51,55,52,70,38,53,74,39,58,62,34,35,43,42,66,60,63,46,78,+19 MissingAxioms=0,1,2,3,4,5,7,8,15,16,23,24,32,40,44,47,48,56,64,68,71,76,79 TotalTime=0.5
Step=57 PrevRays=  2608 ResultRays=  2559 RayPairs=    701310 NewAxiom=20 PrevAxioms=6,9,10,11,12,13,14,17,18,21,22,25,26,28,29,31,33,36,41,45,49,50,57,65,72,73,19,30,51,59,67,77,53,54,69,66,27,37,61,75,52,43,58,74,70,42,35,46,55,78,63,62,39,38,60,34,+20 MissingAxioms=0,1,2,3,4,5,7,8,15,16,23,24,32,40,44,47,48,56,64,68,71,76,79 TotalTime=0.4
Step=57 PrevRays=  2479 ResultRays=  2559 RayPairs=    438260 NewAxiom=21 PrevAxioms=6,9,10,11,12,13,14,17,18,20,22,25,26,28,29,31,33,36,41,45,49,50,57,65,72,73,19,30,38,51,69,77,35,53,54,43,52,37,75,61,27,55,70,74,42,63,62,34,58,59,67,46,66,60,39,78,+21 MissingAxioms=0,1,2,3,4,5,7,8,15,16,23,24,32,40,44,47,48,56,64,68,71,76,79 TotalTime=0.4
Step=57 PrevRays=  2252 ResultRays=  2559 RayPairs=    292100 NewAxiom=22 PrevAxioms=6,9,10,11,12,13,14,17,18,20,25,26,28,29,31,33,36,38,41,45,49,50,57,65,72,73,19,21,37,69,77,27,59,61,30,54,67,75,39,51,55,66,58,46,43,74,52,53,78,60,42,35,63,70,62,34,+22 MissingAxioms=0,1,2,3,4,5,7,8,15,16,23,24,32,40,44,47,48,56,64,68,71,76,79 TotalTime=0.5
Step=57 PrevRays=  2457 ResultRays=  2559 RayPairs=    384076 NewAxiom=25 PrevAxioms=6,9,10,11,12,13,14,17,18,20,22,26,27,28,29,31,33,36,41,45,49,50,57,65,72,73,19,21,37,69,77,35,51,34,38,43,42,55,61,70,75,30,54,52,67,59,78,58,62,63,60,39,53,74,66,46,+25 MissingAxioms=0,1,2,3,4,5,7,8,15,16,23,24,32,40,44,47,48,56,64,68,71,76,79 TotalTime=0.5
Step=57 PrevRays=  2332 ResultRays=  2559 RayPairs=    591736 NewAxiom=26 PrevAxioms=6,9,10,11,12,13,14,17,18,20,22,25,28,29,31,33,34,36,41,45,49,50,57,65,72,73,19,21,37,69,77,27,59,61,30,67,75,53,43,74,70,38,39,42,51,58,62,60,55,35,63,54,52,66,46,78,+26 MissingAxioms=0,1,2,3,4,5,7,8,15,16,23,24,32,40,44,47,48,56,64,68,71,76,79 TotalTime=0.4
Step=57 PrevRays=  2707 ResultRays=  2559 RayPairs=    586802 NewAxiom=27 PrevAxioms=6,9,10,11,12,13,14,17,18,20,22,25,26,28,29,31,33,36,41,45,49,50,57,65,72,73,19,21,37,69,77,35,51,43,53,38,42,61,75,70,74,55,30,54,59,58,67,52,39,63,62,66,60,78,46,34,+27 MissingAxioms=0,1,2,3,4,5,7,8,15,16,23,24,32,40,44,47,48,56,64,68,71,76,79 TotalTime=0.5
Step=57 PrevRays=  2457 ResultRays=  2559 RayPairs=    542633 NewAxiom=28 PrevAxioms=6,9,10,11,12,13,14,17,18,20,22,25,26,29,30,31,33,36,41,45,49,50,57,65,72,73,19,21,53,54,69,77,35,38,43,51,52,39,27,42,59,63,67,66,58,55,62,60,61,75,74,70,78,37,46,34,+28 MissingAxioms=0,1,2,3,4,5,7,8,15,16,23,24,32,40,44,47,48,56,64,68,71,76,79 TotalTime=0.5
Step=57 PrevRays=  2630 ResultRays=  2559 RayPairs=    576975 NewAxiom=29 PrevAxioms=6,9,10,11,12,13,14,17,18,20,22,25,26,28,31,33,36,37,41,45,49,50,57,65,72,73,19,21,61,69,75,27,77,30,54,59,38,39,67,51,55,66,46,58,43,78,52,35,63,62,60,53,74,42,70,34,+29 MissingAxioms=0,1,2,3,4,5,7,8,15,16,23,24,32,40,44,47,48,56,64,68,71,76,79 TotalTime=0.5
Step=57 PrevRays=  2534 ResultRays=  2559 RayPairs=    397495 NewAxiom=30 PrevAxioms=6,9,10,11,12,13,14,17,18,20,22,25,26,28,29,31,33,36,41,45,49,50,57,65,72,73,19,21,37,69,77,27,59,61,53,67,38,70,51,55,75,74,46,54,52,39,58,43,66,78,35,42,63,62,60,34,+30 MissingAxioms=0,1,2,3,4,5,7,8,15,16,23,24,32,40,44,47,48,56,64,68,71,76,79 TotalTime=0.4
Step=57 PrevRays=  2153 ResultRays=  2559 RayPairs=    396576 NewAxiom=31 PrevAxioms=6,9,10,11,12,13,14,17,18,20,22,25,26,28,29,33,36,39,41,45,49,50,57,65,72,73,19,21,37,69,77,27,59,61,30,54,67,75,53,43,52,74,70,42,38,51,58,63,35,55,62,66,78,34,60,46,+31 MissingAxioms=0,1,2,3,4,5,7,8,15,16,23,24,32,40,44,47,48,56,64,68,71,76,79 TotalTime=0.4
Step=57 PrevRays=  2457 ResultRays=  2559 RayPairs=    384076 NewAxiom=33 PrevAxioms=6,9,10,11,12,13,14,17,18,20,22,25,26,28,29,31,34,36,41,45,49,50,57,65,72,73,19,21,37,69,77,27,59,35,67,30,53,43,38,39,42,63,54,51,66,52,70,58,62,60,55,61,75,74,46,78,+33 MissingAxioms=0,1,2,3,4,5,7,8,15,16,23,24,32,40,44,47,48,56,64,68,71,76,79 TotalTime=0.4
Step=57 PrevRays=  2332 ResultRays=  2559 RayPairs=    591736 NewAxiom=34 PrevAxioms=6,9,10,11,12,13,14,17,18,20,22,25,26,28,29,31,33,36,41,45,49,50,57,65,72,73,19,21,37,69,77,27,59,61,30,54,67,75,53,43,52,74,70,42,38,39,51,58,55,35,63,62,66,60,78,46,+34 MissingAxioms=0,1,2,3,4,5,7,8,15,16,23,24,32,40,44,47,48,56,64,68,71,76,79 TotalTime=0.5
Step=57 PrevRays=  2707 ResultRays=  2559 RayPairs=    586802 NewAxiom=35 PrevAxioms=6,9,10,11,12,13,14,17,18,20,22,25,26,28,29,31,33,36,41,45,49,50,57,65,72,73,19,21,37,69,77,27,59,61,30,54,67,75,53,43,52,74,70,42,38,39,51,58,55,62,34,60,66,78,63,46,+35 MissingAxioms=0,1,2,3,4,5,7,8,15,16,23,24,32,40,44,47,48,56,64,68,71,76,79 TotalTime=0.5
Step=57 PrevRays=  2457 ResultRays=  2559 RayPairs=    542633 NewAxiom=36 PrevAxioms=6,9,10,11,12,13,14,17,18,20,22,25,26,28,29,31,33,37,41,45,49,50,57,65,72,73,19,21,53,61,69,75,74,27,30,54,59,77,67,52,60,46,35,34,43,63,66,51,62,55,39,38,42,78,58,70,+36 MissingAxioms=0,1,2,3,4,5,7,8,15,16,23,24,32,40,44,47,48,56,64,68,71,76,79 TotalTime=0.5
Step=57 PrevRays=  2630 ResultRays=  2559 RayPairs=    576975 NewAxiom=37 PrevAxioms=6,9,10,11,12,13,14,17,18,20,22,25,26,28,29,31,33,36,41,45,49,50,57,65,72,73,19,21,53,69,77,35,30,54,43,27,38,39,42,51,59,63,52,67,66,58,46,55,62,60,61,75,74,78,70,34,+37 MissingAxioms=0,1,2,3,4,5,7,8,15,16,23,24,32,40,44,47,48,56,64,68,71,76,79 TotalTime=0.4
Step=57 PrevRays=  2534 ResultRays=  2559 RayPairs=    397495 NewAxiom=38 PrevAxioms=6,9,10,11,12,13,14,17,18,20,22,25,26,28,29,31,33,36,41,45,49,50,57,65,72,73,19,21,37,69,77,27,59,61,30,54,67,75,53,43,52,74,70,42,51,58,39,55,35,63,62,60,66,46,78,34,+38 MissingAxioms=0,1,2,3,4,5,7,8,15,16,23,24,32,40,44,47,48,56,64,68,71,76,79 TotalTime=0.4
Step=57 PrevRays=  2153 ResultRays=  2559 RayPairs=    396576 NewAxiom=39 PrevAxioms=6,9,10,11,12,13,14,17,18,20,22,25,26,28,29,31,33,36,41,45,49,50,57,65,72,73,19,21,37,69,77,27,59,61,30,54,67,75,53,43,52,74,70,42,38,51,58,55,35,63,62,34,46,66,60,78,+39 MissingAxioms=0,1,2,3,4,5,7,8,15,16,23,24,32,40,44,47,48,56,64,68,71,76,79 TotalTime=0.5
Step=57 PrevRays=  2490 ResultRays=  2559 RayPairs=    538895 NewAxiom=41 PrevAxioms=6,9,10,11,12,13,14,17,18,20,22,25,26,28,29,31,33,36,42,45,49,50,57,65,72,73,19,21,37,27,43,59,67,75,61,30,54,53,69,77,52,74,70,38,39,51,58,55,35,63,62,60,66,78,34,46,+41 MissingAxioms=0,1,2,3,4,5,7,8,15,16,23,24,32,40,44,47,48,56,64,68,71,76,79 TotalTime=0.5
Step=57 PrevRays=  2490 ResultRays=  2559 RayPairs=    538895 NewAxiom=42 PrevAxioms=6,9,10,11,12,13,14,17,18,20,22,25,26,28,29,31,33,36,41,45,49,50,57,65,72,73,19,21,37,69,77,27,59,61,30,54,67,75,53,43,52,74,70,38,39,51,58,55,66,78,62,34,60,35,63,46,+42 MissingAxioms=0,1,2,3,4,5,7,8,15,16,23,24,32,40,44,47,48,56,64,68,71,76,79 TotalTime=0.4
Step=57 PrevRays=  2566 ResultRays=  2559 RayPairs=    395986 NewAxiom=43 PrevAxioms=6,9,10,11,12,13,14,17,18,20,22,25,26,28,29,31,33,36,41,45,49,50,57,65,72,73,19,21,37,69,77,27,59,61,30,54,67,75,53,52,35,74,70,60,38,39,63,62,34,51,55,66,78,42,46,58,+43 MissingAxioms=0,1,2,3,4,5,7,8,15,16,23,24,32,40,44,47,48,56,64,68,71,76,79 TotalTime=0.4
Step=57 PrevRays=  2528 ResultRays=  2559 RayPairs=    640217 NewAxiom=45 PrevAxioms=6,9,10,11,12,13,14,17,18,20,22,25,26,28,29,31,33,36,41,46,49,50,57,65,72,73,19,21,37,27,59,67,75,61,30,54,53,43,52,74,35,42,78,60,62,38,39,63,34,55,51,66,70,69,77,58,+45 MissingAxioms=0,1,2,3,4,5,7,8,15,16,23,24,32,40,44,47,48,56,64,68,71,76,79 TotalTime=0.4
Step=57 PrevRays=  2528 ResultRays=  2559 RayPairs=    640217 NewAxiom=46 PrevAxioms=6,9,10,11,12,13,14,17,18,20,22,25,26,28,29,31,33,36,41,45,49,50,57,65,72,73,19,21,37,69,77,27,59,61,30,54,67,75,53,43,52,74,70,42,38,39,51,58,55,35,63,62,66,60,78,34,+46 MissingAxioms=0,1,2,3,4,5,7,8,15,16,23,24,32,40,44,47,48,56,64,68,71,76,79 TotalTime=0.4
Step=57 PrevRays=  2457 ResultRays=  2559 RayPairs=    384076 NewAxiom=49 PrevAxioms=6,9,10,11,12,13,14,17,18,20,22,25,26,28,29,31,33,36,41,45,50,51,57,65,72,73,19,21,37,69,77,27,59,58,75,30,54,67,61,52,43,74,70,42,38,39,53,55,35,63,62,60,66,78,46,34,+49 MissingAxioms=0,1,2,3,4,5,7,8,15,16,23,24,32,40,44,47,48,56,64,68,71,76,79 TotalTime=0.4
Step=57 PrevRays=  2332 ResultRays=  2559 RayPairs=    591736 NewAxiom=50 PrevAxioms=6,9,10,11,12,13,14,17,18,20,22,25,26,28,29,31,33,36,41,45,49,52,57,65,72,73,19,21,37,69,77,27,59,61,30,67,75,53,54,43,74,38,39,42,51,66,58,35,63,70,55,62,46,34,60,78,+50 MissingAxioms=0,1,2,3,4,5,7,8,15,16,23,24,32,40,44,47,48,56,64,68,71,76,79 TotalTime=0.5
Step=57 PrevRays=  2707 ResultRays=  2559 RayPairs=    586802 NewAxiom=51 PrevAxioms=6,9,10,11,12,13,14,17,18,20,22,25,26,28,29,31,33,36,41,45,49,50,57,65,72,73,19,21,37,69,77,27,59,61,30,54,67,75,53,43,52,74,70,42,38,39,58,35,63,55,62,60,66,78,46,34,+51 MissingAxioms=0,1,2,3,4,5,7,8,15,16,23,24,32,40,44,47,48,56,64,68,71,76,79 TotalTime=0.5
Step=57 PrevRays=  2457 ResultRays=  2559 RayPairs=    542633 NewAxiom=52 PrevAxioms=6,9,10,11,12,13,14,17,18,20,22,25,26,28,29,31,33,36,41,45,49,50,57,65,72,73,19,21,37,69,77,27,59,61,30,54,67,75,53,43,74,70,38,39,42,51,58,55,35,63,62,60,66,78,46,34,+52 MissingAxioms=0,1,2,3,4,5,7,8,15,16,23,24,32,40,44,47,48,56,64,68,71,76,79 TotalTime=0.5
Step=57 PrevRays=  2630 ResultRays=  2559 RayPairs=    576975 NewAxiom=53 PrevAxioms=6,9,10,11,12,13,14,17,18,20,22,25,26,28,29,31,33,36,41,45,49,50,57,65,72,73,19,21,37,69,77,27,59,61,30,54,67,75,51,55,38,39,66,58,43,52,74,42,35,63,62,70,60,78,46,34,+53 MissingAxioms=0,1,2,3,4,5,7,8,15,16,23,24,32,40,44,47,48,56,64,68,71,76,79 TotalTime=0.4
Step=57 PrevRays=  2534 ResultRays=  2559 RayPairs=    397495 NewAxiom=54 PrevAxioms=6,9,10,11,12,13,14,17,18,20,22,25,26,28,29,31,33,36,41,45,49,50,57,65,72,73,19,21,37,69,77,27,59,61,30,67,75,53,43,52,74,70,42,38,39,51,58,55,35,63,62,34,60,66,46,78,+54 MissingAxioms=0,1,2,3,4,5,7,8,15,16,23,24,32,40,44,47,48,56,64,68,71,76,79 TotalTime=0.5
Step=57 PrevRays=  2153 ResultRays=  2559 RayPairs=    396576 NewAxiom=55 PrevAxioms=6,9,10,11,12,13,14,17,18,20,22,25,26,28,29,31,33,36,41,45,49,50,57,65,72,73,19,21,37,69,77,27,59,61,30,54,67,75,53,43,52,74,70,42,38,39,51,58,35,63,34,62,60,66,78,46,+55 MissingAxioms=0,1,2,3,4,5,7,8,15,16,23,24,32,40,44,47,48,56,64,68,71,76,79 TotalTime=0.4
Step=57 PrevRays=  2457 ResultRays=  2559 RayPairs=    384076 NewAxiom=57 PrevAxioms=6,9,10,11,12,13,14,17,18,20,22,25,26,28,29,31,33,36,41,45,49,50,58,65,72,73,19,21,37,69,77,27,35,43,30,54,75,42,53,52,70,74,38,51,59,39,63,67,61,55,62,60,66,46,78,34,+57 MissingAxioms=0,1,2,3,4,5,7,8,15,16,23,24,32,40,44,47,48,56,64,68,71,76,79 TotalTime=0.4
Step=57 PrevRays=  2332 ResultRays=  2559 RayPairs=    591736 NewAxiom=58 PrevAxioms=6,9,10,11,12,13,14,17,18,20,22,25,26,28,29,31,33,36,41,45,49,50,57,65,72,73,19,21,37,69,77,27,59,61,30,54,67,75,53,43,52,74,70,42,38,39,51,66,55,78,60,62,35,63,34,46,+58 MissingAxioms=0,1,2,3,4,5,7,8,15,16,23,24,32,40,44,47,48,56,64,68,71,76,79 TotalTime=0.3
Step=57 PrevRays=  2707 ResultRays=  2559 RayPairs=    586802 NewAxiom=59 PrevAxioms=6,9,10,11,12,13,14,17,18,20,22,25,26,28,29,31,33,36,41,45,49,50,57,65,72,73,19,21,37,69,77,27,61,67,75,30,54,53,43,52,35,60,62,42,38,39,51,66,34,55,63,74,78,70,46,58,+59 MissingAxioms=0,1,2,3,4,5,7,8,15,16,23,24,32,40,44,47,48,56,64,68,71,76,79 TotalTime=0.3
Step=57 PrevRays=  2457 ResultRays=  2559 RayPairs=    542633 NewAxiom=60 PrevAxioms=6,9,10,11,12,13,14,17,18,20,22,25,26,28,29,31,33,36,41,45,49,50,57,65,72,73,19,21,37,69,77,27,59,61,30,54,67,75,53,43,52,74,70,42,38,39,51,58,55,35,63,62,66,78,34,46,+60 MissingAxioms=0,1,2,3,4,5,7,8,15,16,23,24,32,40,44,47,48,56,64,68,71,76,79 TotalTime=0.4
Step=57 PrevRays=  2630 ResultRays=  2559 RayPairs=    576975 NewAxiom=61 PrevAxioms=6,9,10,11,12,13,14,17,18,20,22,25,26,28,29,31,33,36,41,45,49,50,57,65,72,73,19,21,37,69,77,27,59,67,75,30,54,53,43,52,74,70,42,35,38,39,63,51,58,55,62,34,60,66,46,78,+61 MissingAxioms=0,1,2,3,4,5,7,8,15,16,23,24,32,40,44,47,48,56,64,68,71,76,79 TotalTime=0.5
Step=57 PrevRays=  2534 ResultRays=  2559 RayPairs=    397495 NewAxiom=62 PrevAxioms=6,9,10,11,12,13,14,17,18,20,22,25,26,28,29,31,33,36,41,45,49,50,57,65,72,73,19,21,37,69,77,27,59,61,30,54,67,75,53,43,52,74,70,42,38,39,51,58,55,35,63,66,78,60,46,34,+62 MissingAxioms=0,1,2,3,4,5,7,8,15,16,23,24,32,40,44,47,48,56,64,68,71,76,79 TotalTime=0.4
Step=57 PrevRays=  2153 ResultRays=  2559 RayPairs=    396576 NewAxiom=63 PrevAxioms=6,9,10,11,12,13,14,17,18,20,22,25,26,28,29,31,33,36,41,45,49,50,57,65,72,73,19,21,37,69,77,27,59,61,30,54,67,75,53,43,52,74,70,42,38,39,51,58,55,35,62,34,60,66,78,46,+63 MissingAxioms=0,1,2,3,4,5,7,8,15,16,23,24,32,40,44,47,48,56,64,68,71,76,79 TotalTime=0.4
Step=57 PrevRays=  2490 ResultRays=  2559 RayPairs=    538895 NewAxiom=65 PrevAxioms=6,9,10,11,12,13,14,17,18,20,22,25,26,28,29,31,33,36,41,45,49,50,57,66,72,73,19,21,37,77,27,59,61,30,54,75,53,43,52,74,38,39,42,51,58,67,35,63,34,62,60,55,46,70,78,69,+65 MissingAxioms=0,1,2,3,4,5,7,8,15,16,23,24,32,40,44,47,48,56,64,68,71,76,79 TotalTime=0.3
Step=57 PrevRays=  2490 ResultRays=  2559 RayPairs=    538895 NewAxiom=66 PrevAxioms=6,9,10,11,12,13,14,17,18,20,22,25,26,28,29,31,33,36,41,45,49,50,57,65,72,73,19,21,37,69,77,27,59,61,30,54,67,75,53,43,52,74,70,42,38,39,51,58,55,35,63,62,60,78,46,34,+66 MissingAxioms=0,1,2,3,4,5,7,8,15,16,23,24,32,40,44,47,48,56,64,68,71,76,79 TotalTime=0.4
Step=57 PrevRays=  2566 ResultRays=  2559 RayPairs=    395986 NewAxiom=67 PrevAxioms=6,9,10,11,12,13,14,17,18,20,22,25,26,28,29,31,33,36,41,45,49,50,57,65,72,73,19,21,37,69,77,27,59,61,30,54,75,53,43,52,74,70,42,38,51,58,39,55,35,63,62,60,78,66,46,34,+67 MissingAxioms=0,1,2,3,4,5,7,8,15,16,23,24,32,40,44,47,48,56,64,68,71,76,79 TotalTime=0.4
Step=57 PrevRays=  2528 ResultRays=  2559 RayPairs=    640217 NewAxiom=69 PrevAxioms=6,9,10,11,12,13,14,17,18,20,22,25,26,28,29,31,33,36,41,45,49,50,57,65,72,73,19,21,37,77,27,59,67,61,30,54,75,53,43,52,74,38,39,42,51,58,66,35,63,34,62,60,55,70,46,78,+69 MissingAxioms=0,1,2,3,4,5,7,8,15,16,23,24,32,40,44,47,48,56,64,68,71,76,79 TotalTime=0.3
Step=57 PrevRays=  2528 ResultRays=  2559 RayPairs=    640217 NewAxiom=70 PrevAxioms=6,9,10,11,12,13,14,17,18,20,22,25,26,28,29,31,33,36,41,45,49,50,57,65,72,73,19,21,37,69,77,27,59,61,30,54,67,75,53,43,52,74,38,39,42,51,58,66,35,63,55,62,60,46,78,34,+70 MissingAxioms=0,1,2,3,4,5,7,8,15,16,23,24,32,40,44,47,48,56,64,68,71,76,79 TotalTime=0.3
! VaryAxiom=72 NoInitialAxiomSet
Step=57 PrevRays=  2356 ResultRays=  2559 RayPairs=    323640 NewAxiom=73 PrevAxioms=6,9,10,11,12,13,14,17,18,20,22,25,26,28,29,31,33,36,41,45,49,50,57,65,72,74,19,21,37,69,27,59,61,30,54,67,53,75,43,52,35,70,60,62,42,34,63,38,51,55,58,77,39,66,46,78,+73 MissingAxioms=0,1,2,3,4,5,7,8,15,16,23,24,32,40,44,47,48,56,64,68,71,76,79 TotalTime=0.4
Step=57 PrevRays=  2356 ResultRays=  2559 RayPairs=    323640 NewAxiom=74 PrevAxioms=6,9,10,11,12,13,14,17,18,20,22,25,26,28,29,31,33,36,41,45,49,50,57,65,72,73,19,21,37,69,77,27,59,61,30,54,67,75,53,43,52,35,70,42,60,62,38,39,63,34,51,55,66,46,58,78,+74 MissingAxioms=0,1,2,3,4,5,7,8,15,16,23,24,32,40,44,47,48,56,64,68,71,76,79 TotalTime=0.4
Step=57 PrevRays=  2465 ResultRays=  2559 RayPairs=    323982 NewAxiom=75 PrevAxioms=6,9,10,11,12,13,14,17,18,20,22,25,26,28,29,31,33,36,41,45,49,50,57,65,72,73,19,21,37,69,77,27,59,61,30,54,67,53,43,52,35,70,60,62,42,38,39,63,34,51,55,66,74,78,46,58,+75 MissingAxioms=0,1,2,3,4,5,7,8,15,16,23,24,32,40,44,47,48,56,64,68,71,76,79 TotalTime=0.3
Step=57 PrevRays=  2585 ResultRays=  2559 RayPairs=    717090 NewAxiom=77 PrevAxioms=6,9,10,11,12,13,14,17,18,20,22,25,26,28,29,31,33,36,41,45,49,50,57,65,72,73,19,21,37,69,27,59,75,61,30,54,67,53,43,52,74,35,70,60,62,42,34,63,38,51,39,55,66,78,58,46,+77 MissingAxioms=0,1,2,3,4,5,7,8,15,16,23,24,32,40,44,47,48,56,64,68,71,76,79 TotalTime=0.4
Step=57 PrevRays=  2585 ResultRays=  2559 RayPairs=    717090 NewAxiom=78 PrevAxioms=6,9,10,11,12,13,14,17,18,20,22,25,26,28,29,31,33,36,41,45,49,50,57,65,72,73,19,21,37,69,77,27,59,61,30,54,67,75,53,43,52,74,70,42,38,39,51,58,55,35,63,62,66,60,46,34,+78 MissingAxioms=0,1,2,3,4,5,7,8,15,16,23,24,32,40,44,47,48,56,64,68,71,76,79 TotalTime=0.5

Ordered by number of ray pairs:
Step=57 ############.................. (min) Axiom14 20(3,4) - g2 f(0,3,4) + f(2,3,4) >= f(0,1,2,3,4) + f(3,4)
Step=57 ############.................. (min) Axiom22 21(3,4) - g2 f(1,3,4) + f(2,3,4) >= f(0,1,2,3,4) + f(3,4)
Step=57 #############................. Axiom9 20(1) - g1 f(0,1) + f(1,2) >= f(1) + f(0,1,2)
Step=57 #############................. Axiom17 21(0) - g1 f(0,1) + f(0,2) >= f(0) + f(0,1,2)
Step=57 ##############................ Axiom73 43(0) - g1 f(0,3) + f(0,4) >= f(0) + f(0,3,4)
Step=57 ##############................ Axiom74 43(1) - g1 f(1,3) + f(1,4) >= f(1) + f(1,3,4)
Step=57 ##############................ Axiom75 43(0,1) - g2 f(0,1,3) + f(0,1,4) >= f(0,1) + f(0,1,2,3,4)
Step=57 ################.............. Axiom25 30(1) - g1 f(0,1) + f(1,3) >= f(1) + f(0,1,3)
Step=57 ################.............. Axiom33 31(0) - g1 f(0,1) + f(0,3) >= f(0) + f(0,1,3)
Step=57 ################.............. Axiom49 40(1) - g1 f(0,1) + f(1,4) >= f(1) + f(0,1,4)
Step=57 ################.............. Axiom57 41(0) - g1 f(0,1) + f(0,4) >= f(0) + f(0,1,4)
Step=57 #################............. Axiom43 32(0,1) - g2 f(0,1,2) + f(0,1,3) >= f(0,1) + f(0,1,2,3,4)
Step=57 #################............. Axiom67 42(0,1) - g2 f(0,1,2) + f(0,1,4) >= f(0,1) + f(0,1,2,3,4)
Step=57 #################............. Axiom31 30(1,2,4) - g3 f(0,1,2,3,4) >= f(1,2,4)
Step=57 #################............. Axiom39 31(0,2,4) - g3 f(0,1,2,3,4) >= f(0,2,4)
Step=57 #################............. Axiom55 40(1,2,3) - g3 f(0,1,2,3,4) >= f(1,2,3)
Step=57 #################............. Axiom63 41(0,2,3) - g3 f(0,1,2,3,4) >= f(0,2,3)
Step=57 #################............. Axiom30 30(2,4) - g2 f(0,2,4) + f(2,3,4) >= f(0,1,2,3,4) + f(2,4)
Step=57 #################............. Axiom38 31(2,4) - g2 f(1,2,4) + f(2,3,4) >= f(0,1,2,3,4) + f(2,4)
Step=57 #################............. Axiom54 40(2,3) - g2 f(0,2,3) + f(2,3,4) >= f(2,3) + f(0,1,2,3,4)
Step=57 #################............. Axiom62 41(2,3) - g2 f(1,2,3) + f(2,3,4) >= f(2,3) + f(0,1,2,3,4)
Step=57 ##################............ Axiom11 20(1,3) - g2 f(0,1,3) + f(1,2,3) >= f(1,3) + f(0,1,2,3,4)
Step=57 ##################............ Axiom13 20(1,4) - g2 f(0,1,4) + f(1,2,4) >= f(0,1,2,3,4) + f(1,4)
Step=57 ##################............ Axiom19 21(0,3) - g2 f(0,1,3) + f(0,2,3) >= f(0,3) + f(0,1,2,3,4)
Step=57 ##################............ Axiom21 21(0,4) - g2 f(0,1,4) + f(0,2,4) >= f(0,1,2,3,4) + f(0,4)
Step=57 #######################....... Axiom41 32(0) - g1 f(0,2) + f(0,3) >= f(0) + f(0,2,3)
Step=57 #######################....... Axiom42 32(1) - g1 f(1,2) + f(1,3) >= f(1) + f(1,2,3)
Step=57 #######################....... Axiom65 42(0) - g1 f(0,2) + f(0,4) >= f(0) + f(0,2,4)
Step=57 #######################....... Axiom66 42(1) - g1 f(1,2) + f(1,4) >= f(1) + f(1,2,4)
Step=57 #######################....... Axiom28 30(4) - g1 f(0,4) + f(3,4) >= f(4) + f(0,3,4)
Step=57 #######################....... Axiom36 31(4) - g1 f(1,4) + f(3,4) >= f(4) + f(1,3,4)
Step=57 #######################....... Axiom52 40(3) - g1 f(0,3) + f(3,4) >= f(3) + f(0,3,4)
Step=57 #######################....... Axiom60 41(3) - g1 f(1,3) + f(3,4) >= f(3) + f(1,3,4)
Step=57 ########################...... Axiom29 30(1,4) - g2 f(0,1,4) + f(1,3,4) >= f(0,1,2,3,4) + f(1,4)
Step=57 ########################...... Axiom37 31(0,4) - g2 f(0,1,4) + f(0,3,4) >= f(0,1,2,3,4) + f(0,4)
Step=57 ########################...... Axiom53 40(1,3) - g2 f(0,1,3) + f(1,3,4) >= f(1,3) + f(0,1,2,3,4)
Step=57 ########################...... Axiom61 41(0,3) - g2 f(0,1,3) + f(0,3,4) >= f(0,3) + f(0,1,2,3,4)
Step=57 #########################..... Axiom27 30(1,2) - g2 f(0,1,2) + f(1,2,3) >= f(1,2) + f(0,1,2,3,4)
Step=57 #########################..... Axiom35 31(0,2) - g2 f(0,1,2) + f(0,2,3) >= f(0,2) + f(0,1,2,3,4)
Step=57 #########################..... Axiom51 40(1,2) - g2 f(0,1,2) + f(1,2,4) >= f(1,2) + f(0,1,2,3,4)
Step=57 #########################..... Axiom59 41(0,2) - g2 f(0,1,2) + f(0,2,4) >= f(0,2) + f(0,1,2,3,4)
Step=57 #########################..... Axiom26 30(2) - g1 f(0,2) + f(2,3) >= f(2) + f(0,2,3)
Step=57 #########################..... Axiom34 31(2) - g1 f(1,2) + f(2,3) >= f(2) + f(1,2,3)
Step=57 #########################..... Axiom50 40(2) - g1 f(0,2) + f(2,4) >= f(2) + f(0,2,4)
Step=57 #########################..... Axiom58 41(2) - g1 f(1,2) + f(2,4) >= f(2) + f(1,2,4)
Step=57 ###########################... Axiom45 32(0,4) - g2 f(0,2,4) + f(0,3,4) >= f(0,1,2,3,4) + f(0,4)
Step=57 ###########################... Axiom46 32(1,4) - g2 f(1,2,4) + f(1,3,4) >= f(0,1,2,3,4) + f(1,4)
Step=57 ###########################... Axiom69 42(0,3) - g2 f(0,2,3) + f(0,3,4) >= f(0,3) + f(0,1,2,3,4)
Step=57 ###########################... Axiom70 42(1,3) - g2 f(1,2,3) + f(1,3,4) >= f(1,3) + f(0,1,2,3,4)
Step=57 #############################. Axiom10 20(3) - g1 f(0,3) + f(2,3) >= f(3) + f(0,2,3)
Step=57 #############################. Axiom12 20(4) - g1 f(0,4) + f(2,4) >= f(4) + f(0,2,4)
Step=57 #############################. Axiom18 21(3) - g1 f(1,3) + f(2,3) >= f(3) + f(1,2,3)
Step=57 #############################. Axiom20 21(4) - g1 f(1,4) + f(2,4) >= f(4) + f(1,2,4)
Step=57 ############################## Axiom77 43(0,2) - g2 f(0,2,3) + f(0,2,4) >= f(0,2) + f(0,1,2,3,4)
Step=57 ############################## Axiom78 43(1,2) - g2 f(1,2,3) + f(1,2,4) >= f(1,2) + f(0,1,2,3,4)

Ordered by number of previous rays:
Step=57 $$$$$$$$$$$$$$$$$$$$$$$$...... (min) Axiom31 30(1,2,4) - g3 f(0,1,2,3,4) >= f(1,2,4)
Step=57 $$$$$$$$$$$$$$$$$$$$$$$$...... (min) Axiom39 31(0,2,4) - g3 f(0,1,2,3,4) >= f(0,2,4)
Step=57 $$$$$$$$$$$$$$$$$$$$$$$$...... (min) Axiom55 40(1,2,3) - g3 f(0,1,2,3,4) >= f(1,2,3)
Step=57 $$$$$$$$$$$$$$$$$$$$$$$$...... (min) Axiom63 41(0,2,3) - g3 f(0,1,2,3,4) >= f(0,2,3)
Step=57 $$$$$$$$$$$$$$$$$$$$$$$$$..... Axiom14 20(3,4) - g2 f(0,3,4) + f(2,3,4) >= f(0,1,2,3,4) + f(3,4)
Step=57 $$$$$$$$$$$$$$$$$$$$$$$$$..... Axiom22 21(3,4) - g2 f(1,3,4) + f(2,3,4) >= f(0,1,2,3,4) + f(3,4)
Step=57 $$$$$$$$$$$$$$$$$$$$$$$$$$.... Axiom9 20(1) - g1 f(0,1) + f(1,2) >= f(1) + f(0,1,2)
Step=57 $$$$$$$$$$$$$$$$$$$$$$$$$$.... Axiom17 21(0) - g1 f(0,1) + f(0,2) >= f(0) + f(0,1,2)
Step=57 $$$$$$$$$$$$$$$$$$$$$$$$$$.... Axiom26 30(2) - g1 f(0,2) + f(2,3) >= f(2) + f(0,2,3)
Step=57 $$$$$$$$$$$$$$$$$$$$$$$$$$.... Axiom34 31(2) - g1 f(1,2) + f(2,3) >= f(2) + f(1,2,3)
Step=57 $$$$$$$$$$$$$$$$$$$$$$$$$$.... Axiom50 40(2) - g1 f(0,2) + f(2,4) >= f(2) + f(0,2,4)
Step=57 $$$$$$$$$$$$$$$$$$$$$$$$$$.... Axiom58 41(2) - g1 f(1,2) + f(2,4) >= f(2) + f(1,2,4)
Step=57 $$$$$$$$$$$$$$$$$$$$$$$$$$.... Axiom73 43(0) - g1 f(0,3) + f(0,4) >= f(0) + f(0,3,4)
Step=57 $$$$$$$$$$$$$$$$$$$$$$$$$$.... Axiom74 43(1) - g1 f(1,3) + f(1,4) >= f(1) + f(1,3,4)
Step=57 $$$$$$$$$$$$$$$$$$$$$$$$$$$... Axiom25 30(1) - g1 f(0,1) + f(1,3) >= f(1) + f(0,1,3)
Step=57 $$$$$$$$$$$$$$$$$$$$$$$$$$$... Axiom28 30(4) - g1 f(0,4) + f(3,4) >= f(4) + f(0,3,4)
Step=57 $$$$$$$$$$$$$$$$$$$$$$$$$$$... Axiom33 31(0) - g1 f(0,1) + f(0,3) >= f(0) + f(0,1,3)
Step=57 $$$$$$$$$$$$$$$$$$$$$$$$$$$... Axiom36 31(4) - g1 f(1,4) + f(3,4) >= f(4) + f(1,3,4)
Step=57 $$$$$$$$$$$$$$$$$$$$$$$$$$$... Axiom49 40(1) - g1 f(0,1) + f(1,4) >= f(1) + f(0,1,4)
Step=57 $$$$$$$$$$$$$$$$$$$$$$$$$$$... Axiom52 40(3) - g1 f(0,3) + f(3,4) >= f(3) + f(0,3,4)
Step=57 $$$$$$$$$$$$$$$$$$$$$$$$$$$... Axiom57 41(0) - g1 f(0,1) + f(0,4) >= f(0) + f(0,1,4)
Step=57 $$$$$$$$$$$$$$$$$$$$$$$$$$$... Axiom60 41(3) - g1 f(1,3) + f(3,4) >= f(3) + f(1,3,4)
Step=57 $$$$$$$$$$$$$$$$$$$$$$$$$$$... Axiom75 43(0,1) - g2 f(0,1,3) + f(0,1,4) >= f(0,1) + f(0,1,2,3,4)
Step=57 $$$$$$$$$$$$$$$$$$$$$$$$$$$... Axiom11 20(1,3) - g2 f(0,1,3) + f(1,2,3) >= f(1,3) + f(0,1,2,3,4)
Step=57 $$$$$$$$$$$$$$$$$$$$$$$$$$$... Axiom13 20(1,4) - g2 f(0,1,4) + f(1,2,4) >= f(0,1,2,3,4) + f(1,4)
Step=57 $$$$$$$$$$$$$$$$$$$$$$$$$$$... Axiom19 21(0,3) - g2 f(0,1,3) + f(0,2,3) >= f(0,3) + f(0,1,2,3,4)
Step=57 $$$$$$$$$$$$$$$$$$$$$$$$$$$... Axiom21 21(0,4) - g2 f(0,1,4) + f(0,2,4) >= f(0,1,2,3,4) + f(0,4)
Step=57 $$$$$$$$$$$$$$$$$$$$$$$$$$$$.. Axiom41 32(0) - g1 f(0,2) + f(0,3) >= f(0) + f(0,2,3)
Step=57 $$$$$$$$$$$$$$$$$$$$$$$$$$$$.. Axiom42 32(1) - g1 f(1,2) + f(1,3) >= f(1) + f(1,2,3)
Step=57 $$$$$$$$$$$$$$$$$$$$$$$$$$$$.. Axiom65 42(0) - g1 f(0,2) + f(0,4) >= f(0) + f(0,2,4)
Step=57 $$$$$$$$$$$$$$$$$$$$$$$$$$$$.. Axiom66 42(1) - g1 f(1,2) + f(1,4) >= f(1) + f(1,2,4)
Step=57 $$$$$$$$$$$$$$$$$$$$$$$$$$$$.. Axiom45 32(0,4) - g2 f(0,2,4) + f(0,3,4) >= f(0,1,2,3,4) + f(0,4)
Step=57 $$$$$$$$$$$$$$$$$$$$$$$$$$$$.. Axiom46 32(1,4) - g2 f(1,2,4) + f(1,3,4) >= f(0,1,2,3,4) + f(1,4)
Step=57 $$$$$$$$$$$$$$$$$$$$$$$$$$$$.. Axiom69 42(0,3) - g2 f(0,2,3) + f(0,3,4) >= f(0,3) + f(0,1,2,3,4)
Step=57 $$$$$$$$$$$$$$$$$$$$$$$$$$$$.. Axiom70 42(1,3) - g2 f(1,2,3) + f(1,3,4) >= f(1,3) + f(0,1,2,3,4)
Step=57 $$$$$$$$$$$$$$$$$$$$$$$$$$$$.. Axiom30 30(2,4) - g2 f(0,2,4) + f(2,3,4) >= f(0,1,2,3,4) + f(2,4)
Step=57 $$$$$$$$$$$$$$$$$$$$$$$$$$$$.. Axiom38 31(2,4) - g2 f(1,2,4) + f(2,3,4) >= f(0,1,2,3,4) + f(2,4)
Step=57 $$$$$$$$$$$$$$$$$$$$$$$$$$$$.. Axiom54 40(2,3) - g2 f(0,2,3) + f(2,3,4) >= f(2,3) + f(0,1,2,3,4)
Step=57 $$$$$$$$$$$$$$$$$$$$$$$$$$$$.. Axiom62 41(2,3) - g2 f(1,2,3) + f(2,3,4) >= f(2,3) + f(0,1,2,3,4)
Step=57 $$$$$$$$$$$$$$$$$$$$$$$$$$$$.. Axiom43 32(0,1) - g2 f(0,1,2) + f(0,1,3) >= f(0,1) + f(0,1,2,3,4)
Step=57 $$$$$$$$$$$$$$$$$$$$$$$$$$$$.. Axiom67 42(0,1) - g2 f(0,1,2) + f(0,1,4) >= f(0,1) + f(0,1,2,3,4)
Step=57 $$$$$$$$$$$$$$$$$$$$$$$$$$$$$. Axiom77 43(0,2) - g2 f(0,2,3) + f(0,2,4) >= f(0,2) + f(0,1,2,3,4)
Step=57 $$$$$$$$$$$$$$$$$$$$$$$$$$$$$. Axiom78 43(1,2) - g2 f(1,2,3) + f(1,2,4) >= f(1,2) + f(0,1,2,3,4)
Step=57 $$$$$$$$$$$$$$$$$$$$$$$$$$$$$. Axiom10 20(3) - g1 f(0,3) + f(2,3) >= f(3) + f(0,2,3)
Step=57 $$$$$$$$$$$$$$$$$$$$$$$$$$$$$. Axiom12 20(4) - g1 f(0,4) + f(2,4) >= f(4) + f(0,2,4)
Step=57 $$$$$$$$$$$$$$$$$$$$$$$$$$$$$. Axiom18 21(3) - g1 f(1,3) + f(2,3) >= f(3) + f(1,2,3)
Step=57 $$$$$$$$$$$$$$$$$$$$$$$$$$$$$. Axiom20 21(4) - g1 f(1,4) + f(2,4) >= f(4) + f(1,2,4)
Step=57 $$$$$$$$$$$$$$$$$$$$$$$$$$$$$. Axiom29 30(1,4) - g2 f(0,1,4) + f(1,3,4) >= f(0,1,2,3,4) + f(1,4)
Step=57 $$$$$$$$$$$$$$$$$$$$$$$$$$$$$. Axiom37 31(0,4) - g2 f(0,1,4) + f(0,3,4) >= f(0,1,2,3,4) + f(0,4)
Step=57 $$$$$$$$$$$$$$$$$$$$$$$$$$$$$. Axiom53 40(1,3) - g2 f(0,1,3) + f(1,3,4) >= f(1,3) + f(0,1,2,3,4)
Step=57 $$$$$$$$$$$$$$$$$$$$$$$$$$$$$. Axiom61 41(0,3) - g2 f(0,1,3) + f(0,3,4) >= f(0,3) + f(0,1,2,3,4)
Step=57 $$$$$$$$$$$$$$$$$$$$$$$$$$$$$$ Axiom27 30(1,2) - g2 f(0,1,2) + f(1,2,3) >= f(1,2) + f(0,1,2,3,4)
Step=57 $$$$$$$$$$$$$$$$$$$$$$$$$$$$$$ Axiom35 31(0,2) - g2 f(0,1,2) + f(0,2,3) >= f(0,2) + f(0,1,2,3,4)
Step=57 $$$$$$$$$$$$$$$$$$$$$$$$$$$$$$ Axiom51 40(1,2) - g2 f(0,1,2) + f(1,2,4) >= f(1,2) + f(0,1,2,3,4)
Step=57 $$$$$$$$$$$$$$$$$$$$$$$$$$$$$$ Axiom59 41(0,2) - g2 f(0,1,2) + f(0,2,4) >= f(0,2) + f(0,1,2,3,4)
