! VaryAxiom=6 NoInitialAxiomSet
Step=47 PrevRays=   369 ResultRays=   384 RayPairs=      3808 NewAxiom=9 PrevAxioms=6,10,11,12,13,14,17,18,20,22,25,26,27,28,29,33,36,43,49,50,57,63,66,70,72,73,19,21,37,35,53,34,38,30,54,61,75,74,78,52,59,60,62,58,51,67,+9 MissingAxioms=0,1,2,3,4,5,7,8,15,16,23,24,31,32,39,40,41,42,44,45,46,47,48,55,56,64,65,68,69,71,76,77,79
Step=47 PrevRays=   378 ResultRays=   384 RayPairs=      5712 NewAxiom=10 PrevAxioms=6,9,11,12,13,14,17,18,19,20,22,25,26,28,29,33,36,43,49,50,57,63,66,70,72,73,21,27,35,37,30,54,59,34,51,67,75,61,58,38,62,60,53,74,78,52,+10 MissingAxioms=0,1,2,3,4,5,7,8,15,16,23,24,31,32,39,40,41,42,44,45,46,47,48,55,56,64,65,68,69,71,76,77,79
Step=47 PrevRays=   353 ResultRays=   384 RayPairs=      5800 NewAxiom=11 PrevAxioms=6,9,10,12,13,14,17,18,19,20,22,25,26,28,29,33,36,43,49,50,57,63,66,70,72,73,21,35,37,51,67,53,38,59,30,54,52,61,75,74,78,58,27,34,62,60,+11 MissingAxioms=0,1,2,3,4,5,7,8,15,16,23,24,31,32,39,40,41,42,44,45,46,47,48,55,56,64,65,68,69,71,76,77,79
Step=47 PrevRays=   384 ResultRays=   384 RayPairs=      5838 NewAxiom=12 PrevAxioms=6,9,10,11,13,14,17,18,20,21,22,25,26,28,29,33,36,43,49,50,57,63,66,70,72,73,19,37,51,59,67,38,53,75,61,27,58,35,74,78,34,62,60,30,54,52,+12 MissingAxioms=0,1,2,3,4,5,7,8,15,16,23,24,31,32,39,40,41,42,44,45,46,47,48,55,56,64,65,68,69,71,76,77,79
Step=47 PrevRays=   400 ResultRays=   384 RayPairs=      7680 NewAxiom=13 PrevAxioms=6,9,10,11,12,14,17,18,20,21,22,25,26,28,29,33,36,43,49,50,57,63,66,70,72,73,19,30,38,53,59,54,27,35,52,37,61,75,74,78,60,62,34,58,51,67,+13 MissingAxioms=0,1,2,3,4,5,7,8,15,16,23,24,31,32,39,40,41,42,44,45,46,47,48,55,56,64,65,68,69,71,76,77,79
Step=47 PrevRays=   356 ResultRays=   384 RayPairs=      3815 NewAxiom=14 PrevAxioms=6,9,10,11,12,13,17,18,20,22,25,26,28,29,30,33,36,43,49,50,57,63,66,70,72,73,19,21,37,54,27,59,75,61,53,38,74,78,51,67,58,35,52,34,62,60,+14 MissingAxioms=0,1,2,3,4,5,7,8,15,16,23,24,31,32,39,40,41,42,44,45,46,47,48,55,56,64,65,68,69,71,76,77,79
Step=47 PrevRays=   348 ResultRays=   384 RayPairs=      3774 NewAxiom=17 PrevAxioms=6,9,10,11,12,13,14,18,20,22,25,26,28,29,33,34,36,43,49,50,57,63,66,70,72,73,19,21,37,27,61,75,35,30,38,51,67,54,53,74,78,52,60,62,58,59,+17 MissingAxioms=0,1,2,3,4,5,7,8,15,16,23,24,31,32,39,40,41,42,44,45,46,47,48,55,56,64,65,68,69,71,76,77,79
Step=47 PrevRays=   386 ResultRays=   384 RayPairs=      5760 NewAxiom=18 PrevAxioms=6,9,10,11,12,13,14,17,19,20,22,25,26,28,29,33,36,43,49,50,57,63,66,70,72,73,21,27,35,37,30,54,59,34,51,67,75,52,61,38,58,62,53,74,78,60,+18 MissingAxioms=0,1,2,3,4,5,7,8,15,16,23,24,31,32,39,40,41,42,44,45,46,47,48,55,56,64,65,68,69,71,76,77,79
Step=47 PrevRays=   374 ResultRays=   384 RayPairs=      5580 NewAxiom=19 PrevAxioms=6,9,10,11,12,13,14,17,18,20,22,25,26,28,29,33,36,43,49,50,57,63,66,70,72,73,21,27,37,59,75,61,30,54,51,67,52,38,53,74,78,58,35,34,62,60,+19 MissingAxioms=0,1,2,3,4,5,7,8,15,16,23,24,31,32,39,40,41,42,44,45,46,47,48,55,56,64,65,68,69,71,76,77,79
Step=47 PrevRays=   374 ResultRays=   384 RayPairs=      6298 NewAxiom=20 PrevAxioms=6,9,10,11,12,13,14,17,18,21,22,25,26,28,29,33,36,43,49,50,57,63,66,70,72,73,19,30,51,59,67,53,54,35,52,37,61,75,58,27,74,78,34,60,62,38,+20 MissingAxioms=0,1,2,3,4,5,7,8,15,16,23,24,31,32,39,40,41,42,44,45,46,47,48,55,56,64,65,68,69,71,76,77,79
Step=47 PrevRays=   366 ResultRays=   384 RayPairs=      5535 NewAxiom=21 PrevAxioms=6,9,10,11,12,13,14,17,18,20,22,25,26,28,29,33,36,43,49,50,57,63,66,70,72,73,19,30,38,51,67,35,53,54,52,37,61,75,27,74,78,34,60,62,58,59,+21 MissingAxioms=0,1,2,3,4,5,7,8,15,16,23,24,31,32,39,40,41,42,44,45,46,47,48,55,56,64,65,68,69,71,76,77,79
Step=47 PrevRays=   337 ResultRays=   384 RayPairs=      3237 NewAxiom=22 PrevAxioms=6,9,10,11,12,13,14,17,18,20,25,26,28,29,33,36,38,43,49,50,57,63,66,70,72,73,19,21,37,27,59,75,61,30,54,53,35,52,74,78,60,34,67,51,62,58,+22 MissingAxioms=0,1,2,3,4,5,7,8,15,16,23,24,31,32,39,40,41,42,44,45,46,47,48,55,56,64,65,68,69,71,76,77,79
Step=47 PrevRays=   367 ResultRays=   384 RayPairs=      4653 NewAxiom=25 PrevAxioms=6,9,10,11,12,13,14,17,18,20,22,26,27,28,29,33,36,43,49,50,57,63,66,70,72,73,19,21,37,35,51,67,34,38,61,75,30,54,52,59,58,62,60,53,74,78,+25 MissingAxioms=0,1,2,3,4,5,7,8,15,16,23,24,31,32,39,40,41,42,44,45,46,47,48,55,56,64,65,68,69,71,76,77,79
Step=47 PrevRays=   384 ResultRays=   384 RayPairs=      6026 NewAxiom=26 PrevAxioms=6,9,10,11,12,13,14,17,18,20,22,25,28,29,33,34,36,43,49,50,57,63,66,70,72,73,19,21,37,27,59,75,61,30,53,35,74,78,38,51,58,62,60,67,54,52,+26 MissingAxioms=0,1,2,3,4,5,7,8,15,16,23,24,31,32,39,40,41,42,44,45,46,47,48,55,56,64,65,68,69,71,76,77,79
Step=47 PrevRays=   360 ResultRays=   384 RayPairs=      5929 NewAxiom=27 PrevAxioms=6,9,10,11,12,13,14,17,18,20,22,25,26,28,29,33,36,43,49,50,57,63,66,70,72,73,19,21,37,35,51,67,53,38,61,75,74,78,30,54,52,59,58,60,62,34,+27 MissingAxioms=0,1,2,3,4,5,7,8,15,16,23,24,31,32,39,40,41,42,44,45,46,47,48,55,56,64,65,68,69,71,76,77,79
Step=47 PrevRays=   369 ResultRays=   384 RayPairs=      6496 NewAxiom=28 PrevAxioms=6,9,10,11,12,13,14,17,18,20,22,25,26,29,30,33,36,43,49,50,57,63,66,70,72,73,19,21,53,54,35,67,38,51,52,59,58,27,34,62,60,61,75,74,78,37,+28 MissingAxioms=0,1,2,3,4,5,7,8,15,16,23,24,31,32,39,40,41,42,44,45,46,47,48,55,56,64,65,68,69,71,76,77,79
Step=47 PrevRays=   375 ResultRays=   384 RayPairs=      6930 NewAxiom=29 PrevAxioms=6,9,10,11,12,13,14,17,18,20,22,25,26,28,33,36,37,43,49,50,57,63,66,70,72,73,19,21,61,75,27,30,54,59,38,51,67,58,35,34,62,60,52,53,74,78,+29 MissingAxioms=0,1,2,3,4,5,7,8,15,16,23,24,31,32,39,40,41,42,44,45,46,47,48,55,56,64,65,68,69,71,76,77,79
Step=47 PrevRays=   349 ResultRays=   384 RayPairs=      3690 NewAxiom=30 PrevAxioms=6,9,10,11,12,13,14,17,18,20,22,25,26,28,29,33,36,43,49,50,57,63,66,70,72,73,19,21,37,27,59,75,61,53,38,74,78,51,58,67,54,52,35,34,62,60,+30 MissingAxioms=0,1,2,3,4,5,7,8,15,16,23,24,31,32,39,40,41,42,44,45,46,47,48,55,56,64,65,68,69,71,76,77,79
Step=47 PrevRays=   384 ResultRays=   384 RayPairs=      5150 NewAxiom=33 PrevAxioms=6,9,10,11,12,13,14,17,18,20,22,25,26,28,29,34,36,43,49,50,57,63,66,70,72,73,19,21,37,27,59,35,30,53,38,67,51,54,52,58,62,60,61,75,74,78,+33 MissingAxioms=0,1,2,3,4,5,7,8,15,16,23,24,31,32,39,40,41,42,44,45,46,47,48,55,56,64,65,68,69,71,76,77,79
Step=47 PrevRays=   390 ResultRays=   384 RayPairs=      5940 NewAxiom=34 PrevAxioms=6,9,10,11,12,13,14,17,18,20,22,25,26,28,29,33,36,43,49,50,57,63,66,70,72,73,19,21,37,27,59,75,61,30,54,53,35,52,74,78,38,60,62,51,67,58,+34 MissingAxioms=0,1,2,3,4,5,7,8,15,16,23,24,31,32,39,40,41,42,44,45,46,47,48,55,56,64,65,68,69,71,76,77,79
Step=47 PrevRays=   376 ResultRays=   384 RayPairs=      5625 NewAxiom=35 PrevAxioms=6,9,10,11,12,13,14,17,18,20,22,25,26,28,29,33,36,43,49,50,57,63,66,70,72,73,19,21,37,27,59,75,61,30,54,53,52,74,78,38,51,58,67,60,62,34,+35 MissingAxioms=0,1,2,3,4,5,7,8,15,16,23,24,31,32,39,40,41,42,44,45,46,47,48,55,56,64,65,68,69,71,76,77,79
Step=47 PrevRays=   375 ResultRays=   384 RayPairs=      6160 NewAxiom=36 PrevAxioms=6,9,10,11,12,13,14,17,18,20,22,25,26,28,29,33,37,43,49,50,57,63,66,70,72,73,19,21,53,61,75,67,74,35,51,30,54,78,59,52,60,62,27,34,38,58,+36 MissingAxioms=0,1,2,3,4,5,7,8,15,16,23,24,31,32,39,40,41,42,44,45,46,47,48,55,56,64,65,68,69,71,76,77,79
Step=47 PrevRays=   397 ResultRays=   384 RayPairs=      6384 NewAxiom=37 PrevAxioms=6,9,10,11,12,13,14,17,18,20,22,25,26,28,29,33,36,43,49,50,57,63,66,70,72,73,19,21,53,35,67,38,51,30,54,59,52,58,27,34,62,60,61,75,74,78,+37 MissingAxioms=0,1,2,3,4,5,7,8,15,16,23,24,31,32,39,40,41,42,44,45,46,47,48,55,56,64,65,68,69,71,76,77,79
Step=47 PrevRays=   350 ResultRays=   384 RayPairs=      3193 NewAxiom=38 PrevAxioms=6,9,10,11,12,13,14,17,18,20,22,25,26,28,29,33,36,43,49,50,57,63,66,70,72,73,19,21,37,27,59,75,61,30,54,53,35,52,74,78,60,62,34,67,51,58,+38 MissingAxioms=0,1,2,3,4,5,7,8,15,16,23,24,31,32,39,40,41,42,44,45,46,47,48,55,56,64,65,68,69,71,76,77,79
! VaryAxiom=43 NoInitialAxiomSet
Step=47 PrevRays=   395 ResultRays=   384 RayPairs=      5346 NewAxiom=49 PrevAxioms=6,9,10,11,12,13,14,17,18,20,22,25,26,28,29,33,36,43,50,51,57,63,66,70,72,73,19,21,37,27,59,75,58,61,30,54,74,78,35,52,38,34,62,67,60,53,+49 MissingAxioms=0,1,2,3,4,5,7,8,15,16,23,24,31,32,39,40,41,42,44,45,46,47,48,55,56,64,65,68,69,71,76,77,79
Step=47 PrevRays=   376 ResultRays=   384 RayPairs=      5358 NewAxiom=50 PrevAxioms=6,9,10,11,12,13,14,17,18,20,22,25,26,28,29,33,36,43,49,52,57,63,66,70,72,73,19,21,37,27,59,75,61,30,53,54,35,74,78,38,34,60,62,58,67,51,+50 MissingAxioms=0,1,2,3,4,5,7,8,15,16,23,24,31,32,39,40,41,42,44,45,46,47,48,55,56,64,65,68,69,71,76,77,79
Step=47 PrevRays=   432 ResultRays=   384 RayPairs=     12324 NewAxiom=51 PrevAxioms=6,9,10,11,12,13,14,17,18,20,22,25,26,28,29,33,36,43,49,50,57,63,66,70,72,73,19,21,37,27,59,75,61,30,54,53,35,52,74,78,38,60,34,67,62,58,+51 MissingAxioms=0,1,2,3,4,5,7,8,15,16,23,24,31,32,39,40,41,42,44,45,46,47,48,55,56,64,65,68,69,71,76,77,79
Step=47 PrevRays=   373 ResultRays=   384 RayPairs=      7378 NewAxiom=52 PrevAxioms=6,9,10,11,12,13,14,17,18,20,22,25,26,28,29,33,36,43,49,50,57,63,66,70,72,73,19,21,37,27,59,75,61,30,54,53,35,74,78,38,51,58,67,34,62,60,+52 MissingAxioms=0,1,2,3,4,5,7,8,15,16,23,24,31,32,39,40,41,42,44,45,46,47,48,55,56,64,65,68,69,71,76,77,79
Step=47 PrevRays=   384 ResultRays=   384 RayPairs=      8232 NewAxiom=53 PrevAxioms=6,9,10,11,12,13,14,17,18,20,22,25,26,28,29,33,36,43,49,50,57,63,66,70,72,73,19,21,37,27,59,75,61,30,54,35,52,74,78,38,51,58,67,34,62,60,+53 MissingAxioms=0,1,2,3,4,5,7,8,15,16,23,24,31,32,39,40,41,42,44,45,46,47,48,55,56,64,65,68,69,71,76,77,79
Step=47 PrevRays=   347 ResultRays=   384 RayPairs=      3404 NewAxiom=54 PrevAxioms=6,9,10,11,12,13,14,17,18,20,22,25,26,28,29,33,36,43,49,50,57,63,66,70,72,73,19,21,37,27,59,75,61,30,53,35,52,74,78,38,60,34,67,62,58,51,+54 MissingAxioms=0,1,2,3,4,5,7,8,15,16,23,24,31,32,39,40,41,42,44,45,46,47,48,55,56,64,65,68,69,71,76,77,79
Step=47 PrevRays=   403 ResultRays=   384 RayPairs=      7056 NewAxiom=57 PrevAxioms=6,9,10,11,12,13,14,17,18,20,22,25,26,28,29,33,36,43,49,50,58,63,66,70,72,73,19,21,37,27,75,30,54,35,53,52,74,78,38,51,59,67,61,34,62,60,+57 MissingAxioms=0,1,2,3,4,5,7,8,15,16,23,24,31,32,39,40,41,42,44,45,46,47,48,55,56,64,65,68,69,71,76,77,79
Step=47 PrevRays=   378 ResultRays=   384 RayPairs=      6844 NewAxiom=58 PrevAxioms=6,9,10,11,12,13,14,17,18,20,22,25,26,28,29,33,36,43,49,50,57,63,66,70,72,73,19,21,37,27,59,75,61,30,54,53,35,52,74,78,38,60,34,67,62,51,+58 MissingAxioms=0,1,2,3,4,5,7,8,15,16,23,24,31,32,39,40,41,42,44,45,46,47,48,55,56,64,65,68,69,71,76,77,79
Step=47 PrevRays=   361 ResultRays=   384 RayPairs=      4921 NewAxiom=59 PrevAxioms=6,9,10,11,12,13,14,17,18,20,22,25,26,28,29,33,36,43,49,50,57,63,66,70,72,73,19,21,37,27,61,75,30,54,35,53,52,74,78,38,60,62,51,67,34,58,+59 MissingAxioms=0,1,2,3,4,5,7,8,15,16,23,24,31,32,39,40,41,42,44,45,46,47,48,55,56,64,65,68,69,71,76,77,79
Step=47 PrevRays=   384 ResultRays=   384 RayPairs=      7395 NewAxiom=60 PrevAxioms=6,9,10,11,12,13,14,17,18,20,22,25,26,28,29,33,36,43,49,50,57,63,66,70,72,73,19,21,37,27,59,75,61,30,54,53,35,52,74,78,38,51,58,67,34,62,+60 MissingAxioms=0,1,2,3,4,5,7,8,15,16,23,24,31,32,39,40,41,42,44,45,46,47,48,55,56,64,65,68,69,71,76,77,79
Step=47 PrevRays=   394 ResultRays=   384 RayPairs=      5882 NewAxiom=61 PrevAxioms=6,9,10,11,12,13,14,17,18,20,22,25,26,28,29,33,36,43,49,50,57,63,66,70,72,73,19,21,37,27,59,75,30,54,53,35,52,74,78,38,51,58,67,34,62,60,+61 MissingAxioms=0,1,2,3,4,5,7,8,15,16,23,24,31,32,39,40,41,42,44,45,46,47,48,55,56,64,65,68,69,71,76,77,79
Step=47 PrevRays=   345 ResultRays=   384 RayPairs=      2940 NewAxiom=62 PrevAxioms=6,9,10,11,12,13,14,17,18,20,22,25,26,28,29,33,36,43,49,50,57,63,66,70,72,73,19,21,37,27,59,75,61,30,54,53,35,52,74,78,38,60,34,67,51,58,+62 MissingAxioms=0,1,2,3,4,5,7,8,15,16,23,24,31,32,39,40,41,42,44,45,46,47,48,55,56,64,65,68,69,71,76,77,79
! VaryAxiom=63 NoInitialAxiomSet
Step=47 PrevRays=   404 ResultRays=   384 RayPairs=      4905 NewAxiom=66 PrevAxioms=6,9,10,11,12,13,14,17,18,20,22,25,26,28,29,33,36,43,49,50,57,63,67,70,72,73,19,21,37,27,59,75,61,30,54,53,35,52,74,38,60,34,62,58,51,78,+66 MissingAxioms=0,1,2,3,4,5,7,8,15,16,23,24,31,32,39,40,41,42,44,45,46,47,48,55,56,64,65,68,69,71,76,77,79
Step=47 PrevRays=   341 ResultRays=   384 RayPairs=      3783 NewAxiom=67 PrevAxioms=6,9,10,11,12,13,14,17,18,20,22,25,26,28,29,33,36,43,49,50,57,63,66,70,72,73,19,21,37,27,59,75,61,30,54,53,35,52,74,78,38,60,34,62,58,51,+67 MissingAxioms=0,1,2,3,4,5,7,8,15,16,23,24,31,32,39,40,41,42,44,45,46,47,48,55,56,64,65,68,69,71,76,77,79
Step=47 PrevRays=   315 ResultRays=   384 RayPairs=      2376 NewAxiom=70 PrevAxioms=6,9,10,11,12,13,14,17,18,20,22,25,26,28,29,33,36,43,49,50,57,63,66,72,73,78,19,21,37,27,59,75,61,30,54,53,35,52,74,38,60,67,34,62,51,58,+70 MissingAxioms=0,1,2,3,4,5,7,8,15,16,23,24,31,32,39,40,41,42,44,45,46,47,48,55,56,64,65,68,69,71,76,77,79
! VaryAxiom=72 NoInitialAxiomSet
Step=47 PrevRays=   331 ResultRays=   384 RayPairs=      4292 NewAxiom=73 PrevAxioms=6,9,10,11,12,13,14,17,18,20,22,25,26,28,29,33,36,43,49,50,57,63,66,70,72,74,19,21,37,78,27,59,61,30,54,53,75,35,52,38,60,67,34,62,58,51,+73 MissingAxioms=0,1,2,3,4,5,7,8,15,16,23,24,31,32,39,40,41,42,44,45,46,47,48,55,56,64,65,68,69,71,76,77,79
Step=47 PrevRays=   412 ResultRays=   384 RayPairs=      6854 NewAxiom=74 PrevAxioms=6,9,10,11,12,13,14,17,18,20,22,25,26,28,29,33,36,43,49,50,57,63,66,70,72,73,19,21,37,27,59,75,61,30,54,53,35,52,78,38,51,58,67,34,62,60,+74 MissingAxioms=0,1,2,3,4,5,7,8,15,16,23,24,31,32,39,40,41,42,44,45,46,47,48,55,56,64,65,68,69,71,76,77,79
Step=47 PrevRays=   406 ResultRays=   384 RayPairs=      5396 NewAxiom=75 PrevAxioms=6,9,10,11,12,13,14,17,18,20,22,25,26,28,29,33,36,43,49,50,57,63,66,70,72,73,19,21,37,27,59,61,30,54,53,35,52,74,78,38,60,34,67,62,58,51,+75 MissingAxioms=0,1,2,3,4,5,7,8,15,16,23,24,31,32,39,40,41,42,44,45,46,47,48,55,56,64,65,68,69,71,76,77,79
Step=47 PrevRays=   315 ResultRays=   384 RayPairs=      2336 NewAxiom=78 PrevAxioms=6,9,10,11,12,13,14,17,18,20,22,25,26,28,29,33,36,43,49,50,57,63,66,70,72,73,19,21,37,27,59,75,61,30,54,53,35,52,74,38,60,67,34,62,51,58,+78 MissingAxioms=0,1,2,3,4,5,7,8,15,16,23,24,31,32,39,40,41,42,44,45,46,47,48,55,56,64,65,68,69,71,76,77,79

Ordered by number of ray pairs:
Step=47 ######........................ (min) Axiom78 43(1,2) - g2 f(1,2,3) + f(1,2,4) >= f(1,2) + f(0,1,2,3,4)
Step=47 ######........................ Axiom70 42(1,3) - g2 f(1,2,3) + f(1,3,4) >= f(1,3) + f(0,1,2,3,4)
Step=47 #######....................... Axiom62 41(2,3) - g2 f(1,2,3) + f(2,3,4) >= f(2,3) + f(0,1,2,3,4)
Step=47 ########...................... Axiom38 31(2,4) - g2 f(1,2,4) + f(2,3,4) >= f(0,1,2,3,4) + f(2,4)
Step=47 ########...................... Axiom22 21(3,4) - g2 f(1,3,4) + f(2,3,4) >= f(0,1,2,3,4) + f(3,4)
Step=47 ########...................... Axiom54 40(2,3) - g2 f(0,2,3) + f(2,3,4) >= f(2,3) + f(0,1,2,3,4)
Step=47 #########..................... Axiom30 30(2,4) - g2 f(0,2,4) + f(2,3,4) >= f(0,1,2,3,4) + f(2,4)
Step=47 #########..................... Axiom17 21(0) - g1 f(0,1) + f(0,2) >= f(0) + f(0,1,2)
Step=47 #########..................... Axiom67 42(0,1) - g2 f(0,1,2) + f(0,1,4) >= f(0,1) + f(0,1,2,3,4)
Step=47 #########..................... Axiom9 20(1) - g1 f(0,1) + f(1,2) >= f(1) + f(0,1,2)
Step=47 #########..................... Axiom14 20(3,4) - g2 f(0,3,4) + f(2,3,4) >= f(0,1,2,3,4) + f(3,4)
Step=47 ##########.................... Axiom73 43(0) - g1 f(0,3) + f(0,4) >= f(0) + f(0,3,4)
Step=47 ###########................... Axiom25 30(1) - g1 f(0,1) + f(1,3) >= f(1) + f(0,1,3)
Step=47 ############.................. Axiom66 42(1) - g1 f(1,2) + f(1,4) >= f(1) + f(1,2,4)
Step=47 ############.................. Axiom59 41(0,2) - g2 f(0,1,2) + f(0,2,4) >= f(0,2) + f(0,1,2,3,4)
Step=47 #############................. Axiom33 31(0) - g1 f(0,1) + f(0,3) >= f(0) + f(0,1,3)
Step=47 #############................. Axiom49 40(1) - g1 f(0,1) + f(1,4) >= f(1) + f(0,1,4)
Step=47 #############................. Axiom50 40(2) - g1 f(0,2) + f(2,4) >= f(2) + f(0,2,4)
Step=47 #############................. Axiom75 43(0,1) - g2 f(0,1,3) + f(0,1,4) >= f(0,1) + f(0,1,2,3,4)
Step=47 #############................. Axiom21 21(0,4) - g2 f(0,1,4) + f(0,2,4) >= f(0,1,2,3,4) + f(0,4)
Step=47 ##############................ Axiom19 21(0,3) - g2 f(0,1,3) + f(0,2,3) >= f(0,3) + f(0,1,2,3,4)
Step=47 ##############................ Axiom35 31(0,2) - g2 f(0,1,2) + f(0,2,3) >= f(0,2) + f(0,1,2,3,4)
Step=47 ##############................ Axiom10 20(3) - g1 f(0,3) + f(2,3) >= f(3) + f(0,2,3)
Step=47 ##############................ Axiom18 21(3) - g1 f(1,3) + f(2,3) >= f(3) + f(1,2,3)
Step=47 ##############................ Axiom11 20(1,3) - g2 f(0,1,3) + f(1,2,3) >= f(1,3) + f(0,1,2,3,4)
Step=47 ##############................ Axiom12 20(4) - g1 f(0,4) + f(2,4) >= f(4) + f(0,2,4)
Step=47 ##############................ Axiom61 41(0,3) - g2 f(0,1,3) + f(0,3,4) >= f(0,3) + f(0,1,2,3,4)
Step=47 ##############................ Axiom27 30(1,2) - g2 f(0,1,2) + f(1,2,3) >= f(1,2) + f(0,1,2,3,4)
Step=47 ##############................ Axiom34 31(2) - g1 f(1,2) + f(2,3) >= f(2) + f(1,2,3)
Step=47 ###############............... Axiom26 30(2) - g1 f(0,2) + f(2,3) >= f(2) + f(0,2,3)
Step=47 ###############............... Axiom36 31(4) - g1 f(1,4) + f(3,4) >= f(4) + f(1,3,4)
Step=47 ###############............... Axiom20 21(4) - g1 f(1,4) + f(2,4) >= f(4) + f(1,2,4)
Step=47 ################.............. Axiom37 31(0,4) - g2 f(0,1,4) + f(0,3,4) >= f(0,1,2,3,4) + f(0,4)
Step=47 ################.............. Axiom28 30(4) - g1 f(0,4) + f(3,4) >= f(4) + f(0,3,4)
Step=47 #################............. Axiom58 41(2) - g1 f(1,2) + f(2,4) >= f(2) + f(1,2,4)
Step=47 #################............. Axiom74 43(1) - g1 f(1,3) + f(1,4) >= f(1) + f(1,3,4)
Step=47 #################............. Axiom29 30(1,4) - g2 f(0,1,4) + f(1,3,4) >= f(0,1,2,3,4) + f(1,4)
Step=47 #################............. Axiom57 41(0) - g1 f(0,1) + f(0,4) >= f(0) + f(0,1,4)
Step=47 ##################............ Axiom52 40(3) - g1 f(0,3) + f(3,4) >= f(3) + f(0,3,4)
Step=47 ##################............ Axiom60 41(3) - g1 f(1,3) + f(3,4) >= f(3) + f(1,3,4)
Step=47 ###################........... Axiom13 20(1,4) - g2 f(0,1,4) + f(1,2,4) >= f(0,1,2,3,4) + f(1,4)
Step=47 ####################.......... Axiom53 40(1,3) - g2 f(0,1,3) + f(1,3,4) >= f(1,3) + f(0,1,2,3,4)
Step=47 ############################## Axiom51 40(1,2) - g2 f(0,1,2) + f(1,2,4) >= f(1,2) + f(0,1,2,3,4)

Ordered by number of previous rays:
Step=47 $$$$$$$$$$$$$$$$$$$$$$........ (min) Axiom70 42(1,3) - g2 f(1,2,3) + f(1,3,4) >= f(1,3) + f(0,1,2,3,4)
Step=47 $$$$$$$$$$$$$$$$$$$$$$........ (min) Axiom78 43(1,2) - g2 f(1,2,3) + f(1,2,4) >= f(1,2) + f(0,1,2,3,4)
Step=47 $$$$$$$$$$$$$$$$$$$$$$$....... Axiom73 43(0) - g1 f(0,3) + f(0,4) >= f(0) + f(0,3,4)
Step=47 $$$$$$$$$$$$$$$$$$$$$$$....... Axiom22 21(3,4) - g2 f(1,3,4) + f(2,3,4) >= f(0,1,2,3,4) + f(3,4)
Step=47 $$$$$$$$$$$$$$$$$$$$$$$$...... Axiom67 42(0,1) - g2 f(0,1,2) + f(0,1,4) >= f(0,1) + f(0,1,2,3,4)
Step=47 $$$$$$$$$$$$$$$$$$$$$$$$...... Axiom62 41(2,3) - g2 f(1,2,3) + f(2,3,4) >= f(2,3) + f(0,1,2,3,4)
Step=47 $$$$$$$$$$$$$$$$$$$$$$$$...... Axiom54 40(2,3) - g2 f(0,2,3) + f(2,3,4) >= f(2,3) + f(0,1,2,3,4)
Step=47 $$$$$$$$$$$$$$$$$$$$$$$$...... Axiom17 21(0) - g1 f(0,1) + f(0,2) >= f(0) + f(0,1,2)
Step=47 $$$$$$$$$$$$$$$$$$$$$$$$...... Axiom30 30(2,4) - g2 f(0,2,4) + f(2,3,4) >= f(0,1,2,3,4) + f(2,4)
Step=47 $$$$$$$$$$$$$$$$$$$$$$$$...... Axiom38 31(2,4) - g2 f(1,2,4) + f(2,3,4) >= f(0,1,2,3,4) + f(2,4)
Step=47 $$$$$$$$$$$$$$$$$$$$$$$$$..... Axiom11 20(1,3) - g2 f(0,1,3) + f(1,2,3) >= f(1,3) + f(0,1,2,3,4)
Step=47 $$$$$$$$$$$$$$$$$$$$$$$$$..... Axiom14 20(3,4) - g2 f(0,3,4) + f(2,3,4) >= f(0,1,2,3,4) + f(3,4)
Step=47 $$$$$$$$$$$$$$$$$$$$$$$$$..... Axiom27 30(1,2) - g2 f(0,1,2) + f(1,2,3) >= f(1,2) + f(0,1,2,3,4)
Step=47 $$$$$$$$$$$$$$$$$$$$$$$$$..... Axiom59 41(0,2) - g2 f(0,1,2) + f(0,2,4) >= f(0,2) + f(0,1,2,3,4)
Step=47 $$$$$$$$$$$$$$$$$$$$$$$$$..... Axiom21 21(0,4) - g2 f(0,1,4) + f(0,2,4) >= f(0,1,2,3,4) + f(0,4)
Step=47 $$$$$$$$$$$$$$$$$$$$$$$$$..... Axiom25 30(1) - g1 f(0,1) + f(1,3) >= f(1) + f(0,1,3)
Step=47 $$$$$$$$$$$$$$$$$$$$$$$$$$.... Axiom9 20(1) - g1 f(0,1) + f(1,2) >= f(1) + f(0,1,2)
Step=47 $$$$$$$$$$$$$$$$$$$$$$$$$$.... Axiom28 30(4) - g1 f(0,4) + f(3,4) >= f(4) + f(0,3,4)
Step=47 $$$$$$$$$$$$$$$$$$$$$$$$$$.... Axiom52 40(3) - g1 f(0,3) + f(3,4) >= f(3) + f(0,3,4)
Step=47 $$$$$$$$$$$$$$$$$$$$$$$$$$.... Axiom19 21(0,3) - g2 f(0,1,3) + f(0,2,3) >= f(0,3) + f(0,1,2,3,4)
Step=47 $$$$$$$$$$$$$$$$$$$$$$$$$$.... Axiom20 21(4) - g1 f(1,4) + f(2,4) >= f(4) + f(1,2,4)
Step=47 $$$$$$$$$$$$$$$$$$$$$$$$$$.... Axiom29 30(1,4) - g2 f(0,1,4) + f(1,3,4) >= f(0,1,2,3,4) + f(1,4)
Step=47 $$$$$$$$$$$$$$$$$$$$$$$$$$.... Axiom36 31(4) - g1 f(1,4) + f(3,4) >= f(4) + f(1,3,4)
Step=47 $$$$$$$$$$$$$$$$$$$$$$$$$$.... Axiom35 31(0,2) - g2 f(0,1,2) + f(0,2,3) >= f(0,2) + f(0,1,2,3,4)
Step=47 $$$$$$$$$$$$$$$$$$$$$$$$$$.... Axiom50 40(2) - g1 f(0,2) + f(2,4) >= f(2) + f(0,2,4)
Step=47 $$$$$$$$$$$$$$$$$$$$$$$$$$.... Axiom10 20(3) - g1 f(0,3) + f(2,3) >= f(3) + f(0,2,3)
Step=47 $$$$$$$$$$$$$$$$$$$$$$$$$$.... Axiom58 41(2) - g1 f(1,2) + f(2,4) >= f(2) + f(1,2,4)
Step=47 $$$$$$$$$$$$$$$$$$$$$$$$$$$... Axiom12 20(4) - g1 f(0,4) + f(2,4) >= f(4) + f(0,2,4)
Step=47 $$$$$$$$$$$$$$$$$$$$$$$$$$$... Axiom26 30(2) - g1 f(0,2) + f(2,3) >= f(2) + f(0,2,3)
Step=47 $$$$$$$$$$$$$$$$$$$$$$$$$$$... Axiom33 31(0) - g1 f(0,1) + f(0,3) >= f(0) + f(0,1,3)
Step=47 $$$$$$$$$$$$$$$$$$$$$$$$$$$... Axiom53 40(1,3) - g2 f(0,1,3) + f(1,3,4) >= f(1,3) + f(0,1,2,3,4)
Step=47 $$$$$$$$$$$$$$$$$$$$$$$$$$$... Axiom60 41(3) - g1 f(1,3) + f(3,4) >= f(3) + f(1,3,4)
Step=47 $$$$$$$$$$$$$$$$$$$$$$$$$$$... Axiom18 21(3) - g1 f(1,3) + f(2,3) >= f(3) + f(1,2,3)
Step=47 $$$$$$$$$$$$$$$$$$$$$$$$$$$... Axiom34 31(2) - g1 f(1,2) + f(2,3) >= f(2) + f(1,2,3)
Step=47 $$$$$$$$$$$$$$$$$$$$$$$$$$$... Axiom61 41(0,3) - g2 f(0,1,3) + f(0,3,4) >= f(0,3) + f(0,1,2,3,4)
Step=47 $$$$$$$$$$$$$$$$$$$$$$$$$$$... Axiom49 40(1) - g1 f(0,1) + f(1,4) >= f(1) + f(0,1,4)
Step=47 $$$$$$$$$$$$$$$$$$$$$$$$$$$$.. Axiom37 31(0,4) - g2 f(0,1,4) + f(0,3,4) >= f(0,1,2,3,4) + f(0,4)
Step=47 $$$$$$$$$$$$$$$$$$$$$$$$$$$$.. Axiom13 20(1,4) - g2 f(0,1,4) + f(1,2,4) >= f(0,1,2,3,4) + f(1,4)
Step=47 $$$$$$$$$$$$$$$$$$$$$$$$$$$$.. Axiom57 41(0) - g1 f(0,1) + f(0,4) >= f(0) + f(0,1,4)
Step=47 $$$$$$$$$$$$$$$$$$$$$$$$$$$$.. Axiom66 42(1) - g1 f(1,2) + f(1,4) >= f(1) + f(1,2,4)
Step=47 $$$$$$$$$$$$$$$$$$$$$$$$$$$$.. Axiom75 43(0,1) - g2 f(0,1,3) + f(0,1,4) >= f(0,1) + f(0,1,2,3,4)
Step=47 $$$$$$$$$$$$$$$$$$$$$$$$$$$$$. Axiom74 43(1) - g1 f(1,3) + f(1,4) >= f(1) + f(1,3,4)
Step=47 $$$$$$$$$$$$$$$$$$$$$$$$$$$$$$ Axiom51 40(1,2) - g2 f(0,1,2) + f(1,2,4) >= f(1,2) + f(0,1,2,3,4)
