! VaryAxiom=6 NoInitialAxiomSet
! VaryAxiom=13 NoInitialAxiomSet
! VaryAxiom=21 NoInitialAxiomSet
! VaryAxiom=22 NoInitialAxiomSet
Step=30 PrevRays=    29 ResultRays=    29 RayPairs=         4 NewAxiom=25 PrevAxioms=6,13,21,22,27,29,33,35,36,37,38,43,49,53,54,57,58,59,60,62,63,66,67,72,73,78,61,75,74,+25 MissingAxioms=0,1,2,3,4,5,7,8,9,10,11,12,14,15,16,17,18,19,20,23,24,26,28,30,31,32,34,39,40,41,42,44,45,46,47,48,50,51,52,55,56,64,65,68,69,70,71,76,77,79
! VaryAxiom=27 NoInitialAxiomSet
Step=30 PrevRays=    29 ResultRays=    29 RayPairs=         3 NewAxiom=29 PrevAxioms=6,13,21,22,25,27,33,35,36,37,38,43,49,53,54,57,58,59,60,62,63,66,67,72,73,78,61,75,74,+29 MissingAxioms=0,1,2,3,4,5,7,8,9,10,11,12,14,15,16,17,18,19,20,23,24,26,28,30,31,32,34,39,40,41,42,44,45,46,47,48,50,51,52,55,56,64,65,68,69,70,71,76,77,79
Step=30 PrevRays=    29 ResultRays=    29 RayPairs=         4 NewAxiom=33 PrevAxioms=6,13,21,22,25,27,29,35,36,37,38,43,49,54,57,58,59,60,61,62,63,66,67,72,73,78,53,75,74,+33 MissingAxioms=0,1,2,3,4,5,7,8,9,10,11,12,14,15,16,17,18,19,20,23,24,26,28,30,31,32,34,39,40,41,42,44,45,46,47,48,50,51,52,55,56,64,65,68,69,70,71,76,77,79
! VaryAxiom=35 NoInitialAxiomSet
! VaryAxiom=36 NoInitialAxiomSet
Step=30 PrevRays=    29 ResultRays=    29 RayPairs=         3 NewAxiom=37 PrevAxioms=6,13,21,22,25,27,29,33,35,36,38,43,49,54,57,58,59,60,61,62,63,66,67,72,73,78,53,75,74,+37 MissingAxioms=0,1,2,3,4,5,7,8,9,10,11,12,14,15,16,17,18,19,20,23,24,26,28,30,31,32,34,39,40,41,42,44,45,46,47,48,50,51,52,55,56,64,65,68,69,70,71,76,77,79
! VaryAxiom=38 NoInitialAxiomSet
! VaryAxiom=43 NoInitialAxiomSet
Step=30 PrevRays=    29 ResultRays=    29 RayPairs=         4 NewAxiom=49 PrevAxioms=6,13,21,22,25,27,29,33,35,36,37,38,43,53,54,57,58,59,60,62,63,66,67,72,73,78,61,75,74,+49 MissingAxioms=0,1,2,3,4,5,7,8,9,10,11,12,14,15,16,17,18,19,20,23,24,26,28,30,31,32,34,39,40,41,42,44,45,46,47,48,50,51,52,55,56,64,65,68,69,70,71,76,77,79
Step=30 PrevRays=    29 ResultRays=    29 RayPairs=         3 NewAxiom=53 PrevAxioms=6,13,21,22,25,27,29,33,35,36,37,38,43,49,54,57,58,59,60,62,63,66,67,72,73,78,61,75,74,+53 MissingAxioms=0,1,2,3,4,5,7,8,9,10,11,12,14,15,16,17,18,19,20,23,24,26,28,30,31,32,34,39,40,41,42,44,45,46,47,48,50,51,52,55,56,64,65,68,69,70,71,76,77,79
! VaryAxiom=54 NoInitialAxiomSet
Step=30 PrevRays=    29 ResultRays=    29 RayPairs=         4 NewAxiom=57 PrevAxioms=6,13,21,22,25,27,29,33,35,36,37,38,43,49,54,58,59,60,61,62,63,66,67,72,73,78,53,75,74,+57 MissingAxioms=0,1,2,3,4,5,7,8,9,10,11,12,14,15,16,17,18,19,20,23,24,26,28,30,31,32,34,39,40,41,42,44,45,46,47,48,50,51,52,55,56,64,65,68,69,70,71,76,77,79
! VaryAxiom=58 NoInitialAxiomSet
! VaryAxiom=59 NoInitialAxiomSet
! VaryAxiom=60 NoInitialAxiomSet
Step=30 PrevRays=    29 ResultRays=    29 RayPairs=         3 NewAxiom=61 PrevAxioms=6,13,21,22,25,27,29,33,35,36,37,38,43,49,54,57,58,59,60,62,63,66,67,72,73,78,53,75,74,+61 MissingAxioms=0,1,2,3,4,5,7,8,9,10,11,12,14,15,16,17,18,19,20,23,24,26,28,30,31,32,34,39,40,41,42,44,45,46,47,48,50,51,52,55,56,64,65,68,69,70,71,76,77,79
! VaryAxiom=62 NoInitialAxiomSet
! VaryAxiom=63 NoInitialAxiomSet
! VaryAxiom=66 NoInitialAxiomSet
! VaryAxiom=67 NoInitialAxiomSet
! VaryAxiom=72 NoInitialAxiomSet
Step=30 PrevRays=    28 ResultRays=    29 RayPairs=         3 NewAxiom=73 PrevAxioms=6,13,21,22,25,27,29,33,35,36,37,38,43,49,54,57,58,59,60,62,63,66,67,72,74,78,53,61,75,+73 MissingAxioms=0,1,2,3,4,5,7,8,9,10,11,12,14,15,16,17,18,19,20,23,24,26,28,30,31,32,34,39,40,41,42,44,45,46,47,48,50,51,52,55,56,64,65,68,69,70,71,76,77,79
Step=30 PrevRays=    28 ResultRays=    29 RayPairs=         3 NewAxiom=74 PrevAxioms=6,13,21,22,25,27,29,33,35,36,37,38,43,49,54,57,58,59,60,62,63,66,67,72,73,78,53,61,75,+74 MissingAxioms=0,1,2,3,4,5,7,8,9,10,11,12,14,15,16,17,18,19,20,23,24,26,28,30,31,32,34,39,40,41,42,44,45,46,47,48,50,51,52,55,56,64,65,68,69,70,71,76,77,79
Step=30 PrevRays=    30 ResultRays=    29 RayPairs=         4 NewAxiom=75 PrevAxioms=6,13,21,22,25,27,29,33,35,36,37,38,43,49,54,57,58,59,60,62,63,66,67,72,73,78,53,61,74,+75 MissingAxioms=0,1,2,3,4,5,7,8,9,10,11,12,14,15,16,17,18,19,20,23,24,26,28,30,31,32,34,39,40,41,42,44,45,46,47,48,50,51,52,55,56,64,65,68,69,70,71,76,77,79
! VaryAxiom=78 NoInitialAxiomSet

Ordered by number of ray pairs:
Step=30 #######################....... (min) Axiom29 03(1,4) - g2 f(0,1,4) + f(1,3,4) >= f(0,1,2,3,4) + f(1,4)
Step=30 #######################....... (min) Axiom37 13(0,4) - g2 f(0,1,4) + f(0,3,4) >= f(0,1,2,3,4) + f(0,4)
Step=30 #######################....... (min) Axiom53 04(1,3) - g2 f(0,1,3) + f(1,3,4) >= f(1,3) + f(0,1,2,3,4)
Step=30 #######################....... (min) Axiom61 14(0,3) - g2 f(0,1,3) + f(0,3,4) >= f(0,3) + f(0,1,2,3,4)
Step=30 #######################....... (min) Axiom73 34(0) - g1 f(0,3) + f(0,4) >= f(0) + f(0,3,4)
Step=30 #######################....... (min) Axiom74 34(1) - g1 f(1,3) + f(1,4) >= f(1) + f(1,3,4)
Step=30 ############################## Axiom25 03(1) - g1 f(0,1) + f(1,3) >= f(1) + f(0,1,3)
Step=30 ############################## Axiom33 13(0) - g1 f(0,1) + f(0,3) >= f(0) + f(0,1,3)
Step=30 ############################## Axiom49 04(1) - g1 f(0,1) + f(1,4) >= f(1) + f(0,1,4)
Step=30 ############################## Axiom57 14(0) - g1 f(0,1) + f(0,4) >= f(0) + f(0,1,4)
Step=30 ############################## Axiom75 34(0,1) - g2 f(0,1,3) + f(0,1,4) >= f(0,1) + f(0,1,2,3,4)

Ordered by number of previous rays:
Step=30 $$$$$$$$$$$$$$$$$$$$$$$$$$$$.. (min) Axiom73 34(0) - g1 f(0,3) + f(0,4) >= f(0) + f(0,3,4)
Step=30 $$$$$$$$$$$$$$$$$$$$$$$$$$$$.. (min) Axiom74 34(1) - g1 f(1,3) + f(1,4) >= f(1) + f(1,3,4)
Step=30 $$$$$$$$$$$$$$$$$$$$$$$$$$$$$. Axiom25 03(1) - g1 f(0,1) + f(1,3) >= f(1) + f(0,1,3)
Step=30 $$$$$$$$$$$$$$$$$$$$$$$$$$$$$. Axiom29 03(1,4) - g2 f(0,1,4) + f(1,3,4) >= f(0,1,2,3,4) + f(1,4)
Step=30 $$$$$$$$$$$$$$$$$$$$$$$$$$$$$. Axiom33 13(0) - g1 f(0,1) + f(0,3) >= f(0) + f(0,1,3)
Step=30 $$$$$$$$$$$$$$$$$$$$$$$$$$$$$. Axiom37 13(0,4) - g2 f(0,1,4) + f(0,3,4) >= f(0,1,2,3,4) + f(0,4)
Step=30 $$$$$$$$$$$$$$$$$$$$$$$$$$$$$. Axiom49 04(1) - g1 f(0,1) + f(1,4) >= f(1) + f(0,1,4)
Step=30 $$$$$$$$$$$$$$$$$$$$$$$$$$$$$. Axiom53 04(1,3) - g2 f(0,1,3) + f(1,3,4) >= f(1,3) + f(0,1,2,3,4)
Step=30 $$$$$$$$$$$$$$$$$$$$$$$$$$$$$. Axiom57 14(0) - g1 f(0,1) + f(0,4) >= f(0) + f(0,1,4)
Step=30 $$$$$$$$$$$$$$$$$$$$$$$$$$$$$. Axiom61 14(0,3) - g2 f(0,1,3) + f(0,3,4) >= f(0,3) + f(0,1,2,3,4)
Step=30 $$$$$$$$$$$$$$$$$$$$$$$$$$$$$$ Axiom75 34(0,1) - g2 f(0,1,3) + f(0,1,4) >= f(0,1) + f(0,1,2,3,4)
