! VaryAxiom=6 NoInitialAxiomSet
Step=40 PrevRays=    79 ResultRays=    74 RayPairs=        70 NewAxiom=9 PrevAxioms=6,10,11,13,17,18,20,21,22,25,26,27,29,33,36,37,43,49,54,57,58,63,66,72,73,78,19,38,53,59,75,61,74,35,34,62,60,51,67,+9 MissingAxioms=0,1,2,3,4,5,7,8,12,14,15,16,23,24,28,30,31,32,39,40,41,42,44,45,46,47,48,50,52,55,56,64,65,68,69,70,71,76,77,79
Step=40 PrevRays=    57 ResultRays=    74 RayPairs=        60 NewAxiom=10 PrevAxioms=6,9,11,13,17,18,19,20,21,22,25,26,29,33,36,37,43,49,54,57,58,63,66,72,73,78,27,35,38,51,59,67,34,62,53,60,75,74,61,+10 MissingAxioms=0,1,2,3,4,5,7,8,12,14,15,16,23,24,28,30,31,32,39,40,41,42,44,45,46,47,48,50,52,55,56,64,65,68,69,70,71,76,77,79
Step=40 PrevRays=    80 ResultRays=    74 RayPairs=       160 NewAxiom=11 PrevAxioms=6,9,10,13,17,18,19,20,21,22,25,26,29,33,36,37,43,49,54,57,58,63,66,72,73,78,35,38,51,67,53,59,61,75,74,27,34,62,60,+11 MissingAxioms=0,1,2,3,4,5,7,8,12,14,15,16,23,24,28,30,31,32,39,40,41,42,44,45,46,47,48,50,52,55,56,64,65,68,69,70,71,76,77,79
Step=40 PrevRays=    74 ResultRays=    74 RayPairs=        48 NewAxiom=13 PrevAxioms=6,9,10,11,17,18,20,21,22,25,26,29,33,36,37,43,49,51,54,57,58,63,66,72,73,78,19,38,53,59,75,61,74,27,67,35,34,62,60,+13 MissingAxioms=0,1,2,3,4,5,7,8,12,14,15,16,23,24,28,30,31,32,39,40,41,42,44,45,46,47,48,50,52,55,56,64,65,68,69,70,71,76,77,79
Step=40 PrevRays=    74 ResultRays=    74 RayPairs=        90 NewAxiom=17 PrevAxioms=6,9,10,11,13,18,20,21,22,25,26,29,33,34,36,37,43,49,54,57,58,63,66,72,73,78,19,38,51,61,67,75,53,62,74,27,35,60,59,+17 MissingAxioms=0,1,2,3,4,5,7,8,12,14,15,16,23,24,28,30,31,32,39,40,41,42,44,45,46,47,48,50,52,55,56,64,65,68,69,70,71,76,77,79
Step=40 PrevRays=    84 ResultRays=    74 RayPairs=       190 NewAxiom=18 PrevAxioms=6,9,10,11,13,17,19,20,21,22,25,26,29,33,36,37,43,49,54,57,58,63,66,72,73,78,27,35,38,51,59,67,34,62,53,75,74,61,60,+18 MissingAxioms=0,1,2,3,4,5,7,8,12,14,15,16,23,24,28,30,31,32,39,40,41,42,44,45,46,47,48,50,52,55,56,64,65,68,69,70,71,76,77,79
Step=40 PrevRays=    72 ResultRays=    74 RayPairs=        50 NewAxiom=19 PrevAxioms=6,9,10,11,13,17,18,20,21,22,25,26,29,33,36,37,43,49,54,57,58,63,66,72,73,78,27,38,59,75,61,51,67,74,53,35,34,62,60,+19 MissingAxioms=0,1,2,3,4,5,7,8,12,14,15,16,23,24,28,30,31,32,39,40,41,42,44,45,46,47,48,50,52,55,56,64,65,68,69,70,71,76,77,79
Step=40 PrevRays=    69 ResultRays=    74 RayPairs=        56 NewAxiom=20 PrevAxioms=6,9,10,11,13,17,18,21,22,25,26,29,33,36,37,38,43,49,54,57,58,63,66,72,73,78,19,51,59,67,75,53,61,74,27,35,34,62,60,+20 MissingAxioms=0,1,2,3,4,5,7,8,12,14,15,16,23,24,28,30,31,32,39,40,41,42,44,45,46,47,48,50,52,55,56,64,65,68,69,70,71,76,77,79
Step=40 PrevRays=    67 ResultRays=    74 RayPairs=        56 NewAxiom=21 PrevAxioms=6,9,10,11,13,17,18,20,22,25,26,29,33,36,37,43,49,54,57,58,59,63,66,72,73,78,19,38,51,61,67,75,53,35,74,27,34,62,60,+21 MissingAxioms=0,1,2,3,4,5,7,8,12,14,15,16,23,24,28,30,31,32,39,40,41,42,44,45,46,47,48,50,52,55,56,64,65,68,69,70,71,76,77,79
Step=40 PrevRays=    73 ResultRays=    74 RayPairs=        14 NewAxiom=22 PrevAxioms=6,9,10,11,13,17,18,20,21,25,26,29,33,36,37,38,43,49,54,57,58,63,66,72,73,78,19,51,59,67,75,53,61,74,27,35,34,62,60,+22 MissingAxioms=0,1,2,3,4,5,7,8,12,14,15,16,23,24,28,30,31,32,39,40,41,42,44,45,46,47,48,50,52,55,56,64,65,68,69,70,71,76,77,79
Step=40 PrevRays=    84 ResultRays=    74 RayPairs=       140 NewAxiom=25 PrevAxioms=6,9,10,11,13,17,18,20,21,22,26,27,29,33,36,37,43,49,54,57,58,63,66,72,73,78,19,38,51,59,67,75,61,35,34,62,53,60,74,+25 MissingAxioms=0,1,2,3,4,5,7,8,12,14,15,16,23,24,28,30,31,32,39,40,41,42,44,45,46,47,48,50,52,55,56,64,65,68,69,70,71,76,77,79
Step=40 PrevRays=    57 ResultRays=    74 RayPairs=        60 NewAxiom=26 PrevAxioms=6,9,10,11,13,17,18,20,21,22,25,29,33,34,36,37,43,49,54,57,58,63,66,72,73,78,19,38,51,59,67,75,53,61,62,74,27,60,35,+26 MissingAxioms=0,1,2,3,4,5,7,8,12,14,15,16,23,24,28,30,31,32,39,40,41,42,44,45,46,47,48,50,52,55,56,64,65,68,69,70,71,76,77,79
Step=40 PrevRays=    80 ResultRays=    74 RayPairs=       160 NewAxiom=27 PrevAxioms=6,9,10,11,13,17,18,20,21,22,25,26,29,33,36,37,43,49,54,57,58,63,66,72,73,78,19,38,51,59,67,75,53,61,74,35,34,62,60,+27 MissingAxioms=0,1,2,3,4,5,7,8,12,14,15,16,23,24,28,30,31,32,39,40,41,42,44,45,46,47,48,50,52,55,56,64,65,68,69,70,71,76,77,79
Step=40 PrevRays=    74 ResultRays=    74 RayPairs=        54 NewAxiom=29 PrevAxioms=6,9,10,11,13,17,18,20,21,22,25,26,33,36,37,43,49,53,54,57,58,63,66,72,73,78,19,38,51,59,67,75,61,74,35,27,34,62,60,+29 MissingAxioms=0,1,2,3,4,5,7,8,12,14,15,16,23,24,28,30,31,32,39,40,41,42,44,45,46,47,48,50,52,55,56,64,65,68,69,70,71,76,77,79
Step=40 PrevRays=    86 ResultRays=    74 RayPairs=       180 NewAxiom=33 PrevAxioms=6,9,10,11,13,17,18,20,21,22,25,26,29,34,36,37,43,49,54,57,58,63,66,72,73,78,19,38,51,59,67,53,62,27,35,60,61,75,74,+33 MissingAxioms=0,1,2,3,4,5,7,8,12,14,15,16,23,24,28,30,31,32,39,40,41,42,44,45,46,47,48,50,52,55,56,64,65,68,69,70,71,76,77,79
Step=40 PrevRays=    84 ResultRays=    74 RayPairs=       190 NewAxiom=34 PrevAxioms=6,9,10,11,13,17,18,20,21,22,25,26,29,33,36,37,43,49,54,57,58,63,66,72,73,78,19,38,51,59,67,75,53,61,74,27,35,62,60,+34 MissingAxioms=0,1,2,3,4,5,7,8,12,14,15,16,23,24,28,30,31,32,39,40,41,42,44,45,46,47,48,50,52,55,56,64,65,68,69,70,71,76,77,79
Step=40 PrevRays=    72 ResultRays=    74 RayPairs=        50 NewAxiom=35 PrevAxioms=6,9,10,11,13,17,18,20,21,22,25,26,29,33,36,37,43,49,54,57,58,63,66,72,73,78,19,38,51,59,67,75,53,61,74,27,34,62,60,+35 MissingAxioms=0,1,2,3,4,5,7,8,12,14,15,16,23,24,28,30,31,32,39,40,41,42,44,45,46,47,48,50,52,55,56,64,65,68,69,70,71,76,77,79
Step=40 PrevRays=    69 ResultRays=    74 RayPairs=        56 NewAxiom=36 PrevAxioms=6,9,10,11,13,17,18,20,21,22,25,26,29,33,37,38,43,49,54,57,58,63,66,72,73,78,19,51,59,67,75,53,61,74,27,35,34,62,60,+36 MissingAxioms=0,1,2,3,4,5,7,8,12,14,15,16,23,24,28,30,31,32,39,40,41,42,44,45,46,47,48,50,52,55,56,64,65,68,69,70,71,76,77,79
Step=40 PrevRays=    75 ResultRays=    74 RayPairs=        70 NewAxiom=37 PrevAxioms=6,9,10,11,13,17,18,20,21,22,25,26,29,33,36,43,49,54,57,58,61,63,66,72,73,78,19,38,51,59,67,53,75,74,27,35,34,62,60,+37 MissingAxioms=0,1,2,3,4,5,7,8,12,14,15,16,23,24,28,30,31,32,39,40,41,42,44,45,46,47,48,50,52,55,56,64,65,68,69,70,71,76,77,79
Step=40 PrevRays=    73 ResultRays=    74 RayPairs=        14 NewAxiom=38 PrevAxioms=6,9,10,11,13,17,18,20,21,22,25,26,29,33,36,37,43,49,54,57,58,63,66,72,73,78,19,51,59,67,75,53,61,74,27,35,34,62,60,+38 MissingAxioms=0,1,2,3,4,5,7,8,12,14,15,16,23,24,28,30,31,32,39,40,41,42,44,45,46,47,48,50,52,55,56,64,65,68,69,70,71,76,77,79
! VaryAxiom=43 NoInitialAxiomSet
Step=40 PrevRays=    76 ResultRays=    74 RayPairs=        28 NewAxiom=49 PrevAxioms=6,9,10,11,13,17,18,20,21,22,25,26,29,33,36,37,43,51,54,57,58,63,66,72,73,78,19,38,59,67,75,61,74,27,35,53,34,62,60,+49 MissingAxioms=0,1,2,3,4,5,7,8,12,14,15,16,23,24,28,30,31,32,39,40,41,42,44,45,46,47,48,50,52,55,56,64,65,68,69,70,71,76,77,79
Step=40 PrevRays=    74 ResultRays=    74 RayPairs=        48 NewAxiom=51 PrevAxioms=6,9,10,11,13,17,18,20,21,22,25,26,29,33,36,37,43,49,54,57,58,63,66,72,73,78,19,38,53,59,67,75,61,74,27,35,34,62,60,+51 MissingAxioms=0,1,2,3,4,5,7,8,12,14,15,16,23,24,28,30,31,32,39,40,41,42,44,45,46,47,48,50,52,55,56,64,65,68,69,70,71,76,77,79
Step=40 PrevRays=    74 ResultRays=    74 RayPairs=        54 NewAxiom=53 PrevAxioms=6,9,10,11,13,17,18,20,21,22,25,26,29,33,36,37,43,49,54,57,58,63,66,72,73,78,19,38,51,59,67,75,61,74,27,35,34,62,60,+53 MissingAxioms=0,1,2,3,4,5,7,8,12,14,15,16,23,24,28,30,31,32,39,40,41,42,44,45,46,47,48,50,52,55,56,64,65,68,69,70,71,76,77,79
! VaryAxiom=54 NoInitialAxiomSet
Step=40 PrevRays=    76 ResultRays=    74 RayPairs=        30 NewAxiom=57 PrevAxioms=6,9,10,11,13,17,18,20,21,22,25,26,29,33,36,37,43,49,54,58,59,63,66,72,73,78,19,38,51,67,75,53,35,74,27,61,34,62,60,+57 MissingAxioms=0,1,2,3,4,5,7,8,12,14,15,16,23,24,28,30,31,32,39,40,41,42,44,45,46,47,48,50,52,55,56,64,65,68,69,70,71,76,77,79
Step=40 PrevRays=    68 ResultRays=    74 RayPairs=        54 NewAxiom=58 PrevAxioms=6,9,10,11,13,17,18,20,21,22,25,26,29,33,36,37,43,49,54,57,60,63,66,72,73,78,19,38,51,59,67,75,53,61,74,62,27,35,34,+58 MissingAxioms=0,1,2,3,4,5,7,8,12,14,15,16,23,24,28,30,31,32,39,40,41,42,44,45,46,47,48,50,52,55,56,64,65,68,69,70,71,76,77,79
Step=40 PrevRays=    67 ResultRays=    74 RayPairs=        56 NewAxiom=59 PrevAxioms=6,9,10,11,13,17,18,20,21,22,25,26,29,33,36,37,43,49,54,57,58,63,66,72,73,78,19,38,51,61,67,75,53,35,74,27,34,62,60,+59 MissingAxioms=0,1,2,3,4,5,7,8,12,14,15,16,23,24,28,30,31,32,39,40,41,42,44,45,46,47,48,50,52,55,56,64,65,68,69,70,71,76,77,79
Step=40 PrevRays=    68 ResultRays=    74 RayPairs=        54 NewAxiom=60 PrevAxioms=6,9,10,11,13,17,18,20,21,22,25,26,29,33,36,37,43,49,54,57,58,63,66,72,73,78,19,38,51,59,67,75,53,61,74,27,35,34,62,+60 MissingAxioms=0,1,2,3,4,5,7,8,12,14,15,16,23,24,28,30,31,32,39,40,41,42,44,45,46,47,48,50,52,55,56,64,65,68,69,70,71,76,77,79
Step=40 PrevRays=    75 ResultRays=    74 RayPairs=        70 NewAxiom=61 PrevAxioms=6,9,10,11,13,17,18,20,21,22,25,26,29,33,36,37,43,49,54,57,58,63,66,72,73,78,19,38,51,59,67,75,53,74,27,35,34,62,60,+61 MissingAxioms=0,1,2,3,4,5,7,8,12,14,15,16,23,24,28,30,31,32,39,40,41,42,44,45,46,47,48,50,52,55,56,64,65,68,69,70,71,76,77,79
Step=40 PrevRays=    71 ResultRays=    74 RayPairs=        24 NewAxiom=62 PrevAxioms=6,9,10,11,13,17,18,20,21,22,25,26,29,33,36,37,43,49,54,57,58,63,66,72,73,78,19,38,51,59,67,75,53,61,74,27,35,34,60,+62 MissingAxioms=0,1,2,3,4,5,7,8,12,14,15,16,23,24,28,30,31,32,39,40,41,42,44,45,46,47,48,50,52,55,56,64,65,68,69,70,71,76,77,79
! VaryAxiom=63 NoInitialAxiomSet
Step=40 PrevRays=    73 ResultRays=    74 RayPairs=         8 NewAxiom=66 PrevAxioms=6,9,10,11,13,17,18,20,21,22,25,26,29,33,36,37,43,49,54,57,58,63,67,72,73,78,19,38,51,59,75,53,61,74,27,35,34,62,60,+66 MissingAxioms=0,1,2,3,4,5,7,8,12,14,15,16,23,24,28,30,31,32,39,40,41,42,44,45,46,47,48,50,52,55,56,64,65,68,69,70,71,76,77,79
Step=40 PrevRays=    73 ResultRays=    74 RayPairs=        14 NewAxiom=67 PrevAxioms=6,9,10,11,13,17,18,20,21,22,25,26,29,33,36,37,43,49,54,57,58,63,66,72,73,78,19,38,51,59,75,53,61,74,27,35,34,62,60,+67 MissingAxioms=0,1,2,3,4,5,7,8,12,14,15,16,23,24,28,30,31,32,39,40,41,42,44,45,46,47,48,50,52,55,56,64,65,68,69,70,71,76,77,79
! VaryAxiom=72 NoInitialAxiomSet
Step=40 PrevRays=    72 ResultRays=    74 RayPairs=         9 NewAxiom=73 PrevAxioms=6,9,10,11,13,17,18,20,21,22,25,26,29,33,36,37,43,49,54,57,58,63,66,72,74,78,19,38,51,59,67,75,53,61,27,35,34,62,60,+73 MissingAxioms=0,1,2,3,4,5,7,8,12,14,15,16,23,24,28,30,31,32,39,40,41,42,44,45,46,47,48,50,52,55,56,64,65,68,69,70,71,76,77,79
Step=40 PrevRays=    72 ResultRays=    74 RayPairs=         9 NewAxiom=74 PrevAxioms=6,9,10,11,13,17,18,20,21,22,25,26,29,33,36,37,43,49,54,57,58,63,66,72,73,78,19,38,51,59,67,75,53,61,27,35,34,62,60,+74 MissingAxioms=0,1,2,3,4,5,7,8,12,14,15,16,23,24,28,30,31,32,39,40,41,42,44,45,46,47,48,50,52,55,56,64,65,68,69,70,71,76,77,79
Step=40 PrevRays=    88 ResultRays=    74 RayPairs=        60 NewAxiom=75 PrevAxioms=6,9,10,11,13,17,18,20,21,22,25,26,29,33,36,37,43,49,54,57,58,63,66,72,73,78,19,38,51,59,67,53,61,27,35,74,34,62,60,+75 MissingAxioms=0,1,2,3,4,5,7,8,12,14,15,16,23,24,28,30,31,32,39,40,41,42,44,45,46,47,48,50,52,55,56,64,65,68,69,70,71,76,77,79
! VaryAxiom=78 NoInitialAxiomSet

Ordered by number of ray pairs:
Step=40 #............................. (min) Axiom66 24(1) - g1 f(1,2) + f(1,4) >= f(1) + f(1,2,4)
Step=40 #............................. Axiom73 34(0) - g1 f(0,3) + f(0,4) >= f(0) + f(0,3,4)
Step=40 #............................. Axiom74 34(1) - g1 f(1,3) + f(1,4) >= f(1) + f(1,3,4)
Step=40 ##............................ Axiom22 12(3,4) - g2 f(1,3,4) + f(2,3,4) >= f(0,1,2,3,4) + f(3,4)
Step=40 ##............................ Axiom38 13(2,4) - g2 f(1,2,4) + f(2,3,4) >= f(0,1,2,3,4) + f(2,4)
Step=40 ##............................ Axiom67 24(0,1) - g2 f(0,1,2) + f(0,1,4) >= f(0,1) + f(0,1,2,3,4)
Step=40 ####.......................... Axiom62 14(2,3) - g2 f(1,2,3) + f(2,3,4) >= f(2,3) + f(0,1,2,3,4)
Step=40 ####.......................... Axiom49 04(1) - g1 f(0,1) + f(1,4) >= f(1) + f(0,1,4)
Step=40 #####......................... Axiom57 14(0) - g1 f(0,1) + f(0,4) >= f(0) + f(0,1,4)
Step=40 ########...................... Axiom13 02(1,4) - g2 f(0,1,4) + f(1,2,4) >= f(0,1,2,3,4) + f(1,4)
Step=40 ########...................... Axiom51 04(1,2) - g2 f(0,1,2) + f(1,2,4) >= f(1,2) + f(0,1,2,3,4)
Step=40 ########...................... Axiom19 12(0,3) - g2 f(0,1,3) + f(0,2,3) >= f(0,3) + f(0,1,2,3,4)
Step=40 ########...................... Axiom35 13(0,2) - g2 f(0,1,2) + f(0,2,3) >= f(0,2) + f(0,1,2,3,4)
Step=40 #########..................... Axiom29 03(1,4) - g2 f(0,1,4) + f(1,3,4) >= f(0,1,2,3,4) + f(1,4)
Step=40 #########..................... Axiom53 04(1,3) - g2 f(0,1,3) + f(1,3,4) >= f(1,3) + f(0,1,2,3,4)
Step=40 #########..................... Axiom58 14(2) - g1 f(1,2) + f(2,4) >= f(2) + f(1,2,4)
Step=40 #########..................... Axiom60 14(3) - g1 f(1,3) + f(3,4) >= f(3) + f(1,3,4)
Step=40 #########..................... Axiom20 12(4) - g1 f(1,4) + f(2,4) >= f(4) + f(1,2,4)
Step=40 #########..................... Axiom21 12(0,4) - g2 f(0,1,4) + f(0,2,4) >= f(0,1,2,3,4) + f(0,4)
Step=40 #########..................... Axiom36 13(4) - g1 f(1,4) + f(3,4) >= f(4) + f(1,3,4)
Step=40 #########..................... Axiom59 14(0,2) - g2 f(0,1,2) + f(0,2,4) >= f(0,2) + f(0,1,2,3,4)
Step=40 #########..................... Axiom10 02(3) - g1 f(0,3) + f(2,3) >= f(3) + f(0,2,3)
Step=40 #########..................... Axiom26 03(2) - g1 f(0,2) + f(2,3) >= f(2) + f(0,2,3)
Step=40 #########..................... Axiom75 34(0,1) - g2 f(0,1,3) + f(0,1,4) >= f(0,1) + f(0,1,2,3,4)
Step=40 ###########................... Axiom9 02(1) - g1 f(0,1) + f(1,2) >= f(1) + f(0,1,2)
Step=40 ###########................... Axiom37 13(0,4) - g2 f(0,1,4) + f(0,3,4) >= f(0,1,2,3,4) + f(0,4)
Step=40 ###########................... Axiom61 14(0,3) - g2 f(0,1,3) + f(0,3,4) >= f(0,3) + f(0,1,2,3,4)
Step=40 ##############................ Axiom17 12(0) - g1 f(0,1) + f(0,2) >= f(0) + f(0,1,2)
Step=40 ######################........ Axiom25 03(1) - g1 f(0,1) + f(1,3) >= f(1) + f(0,1,3)
Step=40 #########################..... Axiom11 02(1,3) - g2 f(0,1,3) + f(1,2,3) >= f(1,3) + f(0,1,2,3,4)
Step=40 #########################..... Axiom27 03(1,2) - g2 f(0,1,2) + f(1,2,3) >= f(1,2) + f(0,1,2,3,4)
Step=40 ############################.. Axiom33 13(0) - g1 f(0,1) + f(0,3) >= f(0) + f(0,1,3)
Step=40 ############################## Axiom18 12(3) - g1 f(1,3) + f(2,3) >= f(3) + f(1,2,3)
Step=40 ############################## Axiom34 13(2) - g1 f(1,2) + f(2,3) >= f(2) + f(1,2,3)

Ordered by number of previous rays:
Step=40 $$$$$$$$$$$$$$$$$$$........... (min) Axiom10 02(3) - g1 f(0,3) + f(2,3) >= f(3) + f(0,2,3)
Step=40 $$$$$$$$$$$$$$$$$$$........... (min) Axiom26 03(2) - g1 f(0,2) + f(2,3) >= f(2) + f(0,2,3)
Step=40 $$$$$$$$$$$$$$$$$$$$$$$....... Axiom21 12(0,4) - g2 f(0,1,4) + f(0,2,4) >= f(0,1,2,3,4) + f(0,4)
Step=40 $$$$$$$$$$$$$$$$$$$$$$$....... Axiom59 14(0,2) - g2 f(0,1,2) + f(0,2,4) >= f(0,2) + f(0,1,2,3,4)
Step=40 $$$$$$$$$$$$$$$$$$$$$$$....... Axiom58 14(2) - g1 f(1,2) + f(2,4) >= f(2) + f(1,2,4)
Step=40 $$$$$$$$$$$$$$$$$$$$$$$....... Axiom60 14(3) - g1 f(1,3) + f(3,4) >= f(3) + f(1,3,4)
Step=40 $$$$$$$$$$$$$$$$$$$$$$$$...... Axiom20 12(4) - g1 f(1,4) + f(2,4) >= f(4) + f(1,2,4)
Step=40 $$$$$$$$$$$$$$$$$$$$$$$$...... Axiom36 13(4) - g1 f(1,4) + f(3,4) >= f(4) + f(1,3,4)
Step=40 $$$$$$$$$$$$$$$$$$$$$$$$...... Axiom62 14(2,3) - g2 f(1,2,3) + f(2,3,4) >= f(2,3) + f(0,1,2,3,4)
Step=40 $$$$$$$$$$$$$$$$$$$$$$$$$..... Axiom19 12(0,3) - g2 f(0,1,3) + f(0,2,3) >= f(0,3) + f(0,1,2,3,4)
Step=40 $$$$$$$$$$$$$$$$$$$$$$$$$..... Axiom35 13(0,2) - g2 f(0,1,2) + f(0,2,3) >= f(0,2) + f(0,1,2,3,4)
Step=40 $$$$$$$$$$$$$$$$$$$$$$$$$..... Axiom73 34(0) - g1 f(0,3) + f(0,4) >= f(0) + f(0,3,4)
Step=40 $$$$$$$$$$$$$$$$$$$$$$$$$..... Axiom74 34(1) - g1 f(1,3) + f(1,4) >= f(1) + f(1,3,4)
Step=40 $$$$$$$$$$$$$$$$$$$$$$$$$..... Axiom22 12(3,4) - g2 f(1,3,4) + f(2,3,4) >= f(0,1,2,3,4) + f(3,4)
Step=40 $$$$$$$$$$$$$$$$$$$$$$$$$..... Axiom38 13(2,4) - g2 f(1,2,4) + f(2,3,4) >= f(0,1,2,3,4) + f(2,4)
Step=40 $$$$$$$$$$$$$$$$$$$$$$$$$..... Axiom66 24(1) - g1 f(1,2) + f(1,4) >= f(1) + f(1,2,4)
Step=40 $$$$$$$$$$$$$$$$$$$$$$$$$..... Axiom67 24(0,1) - g2 f(0,1,2) + f(0,1,4) >= f(0,1) + f(0,1,2,3,4)
Step=40 $$$$$$$$$$$$$$$$$$$$$$$$$..... Axiom13 02(1,4) - g2 f(0,1,4) + f(1,2,4) >= f(0,1,2,3,4) + f(1,4)
Step=40 $$$$$$$$$$$$$$$$$$$$$$$$$..... Axiom17 12(0) - g1 f(0,1) + f(0,2) >= f(0) + f(0,1,2)
Step=40 $$$$$$$$$$$$$$$$$$$$$$$$$..... Axiom29 03(1,4) - g2 f(0,1,4) + f(1,3,4) >= f(0,1,2,3,4) + f(1,4)
Step=40 $$$$$$$$$$$$$$$$$$$$$$$$$..... Axiom51 04(1,2) - g2 f(0,1,2) + f(1,2,4) >= f(1,2) + f(0,1,2,3,4)
Step=40 $$$$$$$$$$$$$$$$$$$$$$$$$..... Axiom53 04(1,3) - g2 f(0,1,3) + f(1,3,4) >= f(1,3) + f(0,1,2,3,4)
Step=40 $$$$$$$$$$$$$$$$$$$$$$$$$$.... Axiom37 13(0,4) - g2 f(0,1,4) + f(0,3,4) >= f(0,1,2,3,4) + f(0,4)
Step=40 $$$$$$$$$$$$$$$$$$$$$$$$$$.... Axiom61 14(0,3) - g2 f(0,1,3) + f(0,3,4) >= f(0,3) + f(0,1,2,3,4)
Step=40 $$$$$$$$$$$$$$$$$$$$$$$$$$.... Axiom49 04(1) - g1 f(0,1) + f(1,4) >= f(1) + f(0,1,4)
Step=40 $$$$$$$$$$$$$$$$$$$$$$$$$$.... Axiom57 14(0) - g1 f(0,1) + f(0,4) >= f(0) + f(0,1,4)
Step=40 $$$$$$$$$$$$$$$$$$$$$$$$$$$... Axiom9 02(1) - g1 f(0,1) + f(1,2) >= f(1) + f(0,1,2)
Step=40 $$$$$$$$$$$$$$$$$$$$$$$$$$$... Axiom11 02(1,3) - g2 f(0,1,3) + f(1,2,3) >= f(1,3) + f(0,1,2,3,4)
Step=40 $$$$$$$$$$$$$$$$$$$$$$$$$$$... Axiom27 03(1,2) - g2 f(0,1,2) + f(1,2,3) >= f(1,2) + f(0,1,2,3,4)
Step=40 $$$$$$$$$$$$$$$$$$$$$$$$$$$$$. Axiom18 12(3) - g1 f(1,3) + f(2,3) >= f(3) + f(1,2,3)
Step=40 $$$$$$$$$$$$$$$$$$$$$$$$$$$$$. Axiom25 03(1) - g1 f(0,1) + f(1,3) >= f(1) + f(0,1,3)
Step=40 $$$$$$$$$$$$$$$$$$$$$$$$$$$$$. Axiom34 13(2) - g1 f(1,2) + f(2,3) >= f(2) + f(1,2,3)
Step=40 $$$$$$$$$$$$$$$$$$$$$$$$$$$$$. Axiom33 13(0) - g1 f(0,1) + f(0,3) >= f(0) + f(0,1,3)
Step=40 $$$$$$$$$$$$$$$$$$$$$$$$$$$$$$ Axiom75 34(0,1) - g2 f(0,1,3) + f(0,1,4) >= f(0,1) + f(0,1,2,3,4)
