Step=70 PrevRays= 22648 ResultRays= 23659 RayPairs=  62480190 NewAxiom=1 PrevAxioms=2,3,4,5,6,9,10,12,14,15,17,18,20,22,25,26,28,33,36,41,44,49,57,65,72,73,11,13,19,21,23,27,59,67,29,37,75,61,30,45,69,53,77,71,74,39,68,52,54,76,47,43,31,70,46,38,42,35,63,60,78,34,51,66,62,79,55,50,58,+1 MissingAxioms=0,7,8,16,24,32,40,48,56,64 TotalTime=9.4
Step=70 PrevRays= 22648 ResultRays= 23659 RayPairs=  62480190 NewAxiom=2 PrevAxioms=1,3,4,5,6,9,10,11,12,14,15,17,18,20,22,25,28,33,36,41,44,49,57,65,72,73,13,19,21,23,27,59,67,26,29,37,75,61,30,45,69,77,53,58,71,74,70,68,39,47,43,55,46,51,50,31,38,54,63,35,34,76,78,79,62,60,42,52,66,+2 MissingAxioms=0,7,8,16,24,32,40,48,56,64 TotalTime=12.8
Step=70 PrevRays= 21890 ResultRays= 23659 RayPairs=  34133552 NewAxiom=3 PrevAxioms=1,2,4,5,6,9,10,11,12,14,15,17,18,20,22,25,28,33,36,41,44,49,57,65,72,73,13,19,21,23,27,59,67,29,37,75,61,26,30,45,69,77,53,71,74,58,46,70,68,52,54,47,39,43,31,38,42,35,79,78,63,60,62,55,51,76,66,34,50,+3 MissingAxioms=0,7,8,16,24,32,40,48,56,64 TotalTime=11.5
Step=70 PrevRays= 22648 ResultRays= 23659 RayPairs=  62480190 NewAxiom=4 PrevAxioms=1,2,3,5,6,9,10,12,13,14,15,17,18,20,22,25,28,33,36,41,44,49,57,65,72,73,11,19,21,23,27,59,67,58,30,45,77,69,26,76,35,43,34,39,79,63,51,66,54,50,38,46,47,62,78,37,75,61,60,31,29,53,55,74,70,71,68,52,42,+4 MissingAxioms=0,7,8,16,24,32,40,48,56,64 TotalTime=11.7
Step=70 PrevRays= 21890 ResultRays= 23659 RayPairs=  34133552 NewAxiom=5 PrevAxioms=1,2,3,4,6,9,10,12,13,14,15,17,18,20,22,25,28,33,36,41,44,49,57,65,72,73,11,19,21,23,29,37,27,59,67,75,61,26,45,69,74,53,77,46,47,30,63,68,60,71,43,35,54,39,70,50,34,31,38,79,62,55,51,78,76,66,58,52,42,+5 MissingAxioms=0,7,8,16,24,32,40,48,56,64 TotalTime=10.7
Step=70 PrevRays= 21890 ResultRays= 23659 RayPairs=  34133552 NewAxiom=6 PrevAxioms=1,2,3,4,5,9,10,12,14,15,17,18,20,22,25,28,29,33,36,41,44,49,57,65,72,73,11,13,19,21,23,37,27,59,67,75,61,26,45,69,74,53,58,30,77,70,68,39,71,52,47,54,43,31,42,35,79,46,78,38,63,51,55,76,62,66,34,50,60,+6 MissingAxioms=0,7,8,16,24,32,40,48,56,64 TotalTime=12.7
Step=70 PrevRays= 23522 ResultRays= 23659 RayPairs=  72046814 NewAxiom=9 PrevAxioms=1,2,3,4,5,6,10,12,14,15,17,18,20,22,25,26,28,33,36,41,44,49,57,65,72,73,11,13,19,21,23,27,59,67,29,53,37,75,61,74,45,69,77,58,70,68,30,39,71,52,54,47,43,42,35,79,31,46,78,38,63,60,62,55,51,66,76,50,34,+9 MissingAxioms=0,7,8,16,24,32,40,48,56,64 TotalTime=12.3
Step=70 PrevRays= 23782 ResultRays= 23659 RayPairs=  72357420 NewAxiom=10 PrevAxioms=1,2,3,4,5,6,9,11,12,14,15,17,18,20,22,25,28,33,36,41,44,49,57,65,72,73,13,19,21,23,27,35,43,29,37,42,51,61,75,46,26,38,47,34,60,31,78,39,63,79,55,53,58,59,67,45,30,77,69,62,54,76,66,71,70,68,52,50,74,+10 MissingAxioms=0,7,8,16,24,32,40,48,56,64 TotalTime=10.0
Step=70 PrevRays= 24345 ResultRays= 23659 RayPairs=  46599907 NewAxiom=11 PrevAxioms=1,2,3,4,5,6,9,10,12,14,15,17,18,20,22,25,28,33,36,41,44,49,57,65,72,73,13,19,21,23,35,43,51,29,37,53,34,38,46,47,61,75,79,50,74,26,27,42,59,67,71,45,66,70,78,31,68,69,39,77,63,58,62,30,76,54,55,60,52,+11 MissingAxioms=0,7,8,16,24,32,40,48,56,64 TotalTime=10.4
Step=70 PrevRays= 23782 ResultRays= 23659 RayPairs=  72357420 NewAxiom=12 PrevAxioms=1,2,3,4,5,6,9,10,13,14,15,17,18,20,22,25,28,33,36,41,44,49,57,65,72,73,11,19,21,23,51,35,43,29,37,53,34,38,46,47,59,67,52,66,54,61,75,79,74,27,39,71,77,31,55,78,70,58,62,76,50,45,30,69,63,68,42,26,60,+12 MissingAxioms=0,7,8,16,24,32,40,48,56,64 TotalTime=14.7
Step=70 PrevRays= 24345 ResultRays= 23659 RayPairs=  46599907 NewAxiom=13 PrevAxioms=1,2,3,4,5,6,9,10,12,14,15,17,18,20,22,25,28,33,36,41,44,49,57,65,72,73,11,19,21,23,27,30,45,59,67,37,75,61,26,69,29,77,53,38,74,71,58,70,68,46,52,54,39,31,47,43,42,35,79,78,63,60,62,55,51,76,66,50,34,+13 MissingAxioms=0,7,8,16,24,32,40,48,56,64 TotalTime=12.3
Step=70 PrevRays= 23603 ResultRays= 23659 RayPairs=  44534880 NewAxiom=14 PrevAxioms=1,2,3,4,5,6,9,10,12,15,17,18,20,22,23,25,28,33,36,41,44,49,57,65,72,73,11,13,19,21,27,59,67,29,37,75,61,26,46,47,74,45,53,69,77,50,63,38,60,39,35,31,30,54,76,62,34,43,71,70,51,55,79,78,68,58,66,52,42,+14 MissingAxioms=0,7,8,16,24,32,40,48,56,64 TotalTime=10.9
Step=70 PrevRays= 22184 ResultRays= 23659 RayPairs=  48113884 NewAxiom=15 PrevAxioms=1,2,3,4,5,6,9,10,12,14,17,18,20,22,23,25,28,33,36,41,44,49,57,65,72,73,11,13,19,21,27,59,67,29,37,75,61,26,30,45,69,77,51,76,60,62,66,47,63,53,38,39,35,31,46,43,42,71,74,79,78,70,55,54,68,50,58,52,34,+15 MissingAxioms=0,7,8,16,24,32,40,48,56,64 TotalTime=10.4
Step=70 PrevRays= 23522 ResultRays= 23659 RayPairs=  72046814 NewAxiom=17 PrevAxioms=1,2,3,4,5,6,9,10,12,14,15,18,20,22,25,28,33,34,36,41,44,49,57,65,72,73,11,13,19,21,23,27,29,35,37,61,75,26,30,39,45,69,77,50,79,51,46,76,54,47,38,43,62,78,31,42,53,60,55,63,59,71,70,67,68,58,74,66,52,+17 MissingAxioms=0,7,8,16,24,32,40,48,56,64 TotalTime=11.3
Step=70 PrevRays= 23782 ResultRays= 23659 RayPairs=  72357420 NewAxiom=18 PrevAxioms=1,2,3,4,5,6,9,10,12,14,15,17,19,20,22,25,28,33,36,41,44,49,57,65,72,73,11,13,21,23,35,43,27,29,37,26,34,59,67,30,42,45,75,61,46,47,52,79,50,51,71,58,53,74,63,77,39,31,78,54,69,68,38,55,70,62,60,76,66,+18 MissingAxioms=0,7,8,16,24,32,40,48,56,64 TotalTime=9.9
Step=70 PrevRays= 24345 ResultRays= 23659 RayPairs=  46599907 NewAxiom=19 PrevAxioms=1,2,3,4,5,6,9,10,12,14,15,17,18,20,22,25,28,33,36,41,44,49,57,65,72,73,11,13,21,23,27,59,67,29,37,75,61,26,30,45,69,77,53,71,74,58,46,70,68,39,47,43,42,79,35,51,78,31,38,55,54,63,62,76,52,34,66,50,60,+19 MissingAxioms=0,7,8,16,24,32,40,48,56,64 TotalTime=13.1
Step=70 PrevRays= 23782 ResultRays= 23659 RayPairs=  72357420 NewAxiom=20 PrevAxioms=1,2,3,4,5,6,9,10,12,14,15,17,18,21,22,25,28,33,36,41,44,49,57,65,72,73,11,13,19,23,59,67,27,29,37,75,61,26,30,45,69,39,77,51,50,58,70,68,74,53,71,54,76,47,43,66,35,63,34,79,78,55,31,46,62,38,60,52,42,+20 MissingAxioms=0,7,8,16,24,32,40,48,56,64 TotalTime=12.6
Step=70 PrevRays= 24345 ResultRays= 23659 RayPairs=  46599907 NewAxiom=21 PrevAxioms=1,2,3,4,5,6,9,10,12,14,15,17,18,20,22,25,28,33,36,41,44,49,57,65,72,73,11,13,19,23,27,38,46,29,35,43,37,53,34,47,42,52,61,75,74,30,31,55,39,78,45,54,76,63,62,77,69,71,70,58,51,79,59,67,68,50,60,26,66,+21 MissingAxioms=0,7,8,16,24,32,40,48,56,64 TotalTime=12.3
Step=70 PrevRays= 23603 ResultRays= 23659 RayPairs=  44534880 NewAxiom=22 PrevAxioms=1,2,3,4,5,6,9,10,12,14,15,17,18,20,23,25,28,33,36,41,44,49,57,65,72,73,11,13,19,21,27,59,67,29,37,75,61,26,30,45,69,77,51,70,60,76,66,39,53,71,47,43,35,63,42,46,74,79,31,78,55,38,52,54,68,62,58,34,50,+22 MissingAxioms=0,7,8,16,24,32,40,48,56,64 TotalTime=11.7
Step=70 PrevRays= 22184 ResultRays= 23659 RayPairs=  48113884 NewAxiom=23 PrevAxioms=1,2,3,4,5,6,9,10,12,14,15,17,18,20,22,25,28,33,36,41,44,49,57,65,72,73,11,13,19,21,27,59,67,29,37,75,61,26,30,45,69,77,51,76,60,62,66,47,53,55,31,46,39,52,43,38,71,70,54,63,79,78,68,35,34,58,74,50,42,+23 MissingAxioms=0,7,8,16,24,32,40,48,56,64 TotalTime=11.7
Step=70 PrevRays= 23522 ResultRays= 23659 RayPairs=  72046814 NewAxiom=25 PrevAxioms=1,2,3,4,5,6,9,10,12,14,15,17,18,20,22,26,28,33,36,41,44,49,57,65,72,73,11,13,19,21,23,27,51,29,35,37,43,61,75,46,34,50,38,47,79,59,67,71,45,31,78,69,68,77,39,54,58,30,70,42,63,76,55,53,62,60,74,52,66,+25 MissingAxioms=0,7,8,16,24,32,40,48,56,64 TotalTime=11.4
Step=70 PrevRays= 23782 ResultRays= 23659 RayPairs=  72357420 NewAxiom=26 PrevAxioms=1,2,3,4,5,6,9,10,12,14,15,17,18,20,22,25,28,33,36,41,44,49,57,65,72,73,11,13,19,21,23,27,59,67,29,37,75,61,30,45,69,53,77,58,71,74,70,68,39,52,47,54,43,35,79,31,46,38,34,63,62,42,78,76,55,51,50,60,66,+26 MissingAxioms=0,7,8,16,24,32,40,48,56,64 TotalTime=11.6
Step=70 PrevRays= 24345 ResultRays= 23659 RayPairs=  46599907 NewAxiom=27 PrevAxioms=1,2,3,4,5,6,9,10,12,14,15,17,18,20,22,25,28,33,36,41,44,49,57,65,72,73,11,13,19,21,23,35,43,51,29,37,53,34,38,46,47,61,75,74,79,50,45,59,67,71,58,42,30,62,70,78,76,31,69,77,63,54,60,55,68,39,26,52,66,+27 MissingAxioms=0,7,8,16,24,32,40,48,56,64 TotalTime=11.2
Step=70 PrevRays= 23782 ResultRays= 23659 RayPairs=  72357420 NewAxiom=28 PrevAxioms=1,2,3,4,5,6,9,10,12,14,15,17,18,20,22,25,29,33,36,41,44,49,57,65,72,73,11,13,19,21,23,53,35,43,37,51,34,38,46,31,61,75,74,47,58,79,59,67,45,71,60,42,52,70,69,77,62,68,63,54,30,27,78,55,39,76,26,50,66,+28 MissingAxioms=0,7,8,16,24,32,40,48,56,64 TotalTime=10.8
Step=70 PrevRays= 24345 ResultRays= 23659 RayPairs=  46599907 NewAxiom=29 PrevAxioms=1,2,3,4,5,6,9,10,12,14,15,17,18,20,22,25,28,33,36,41,44,49,57,65,72,73,11,13,19,21,23,27,59,67,37,75,61,26,30,45,69,77,51,76,60,66,62,39,63,35,34,79,43,47,46,52,54,53,31,38,78,55,71,70,68,58,42,50,74,+29 MissingAxioms=0,7,8,16,24,32,40,48,56,64 TotalTime=12.3
Step=70 PrevRays= 23603 ResultRays= 23659 RayPairs=  44534880 NewAxiom=30 PrevAxioms=1,2,3,4,5,6,9,10,12,14,15,17,18,20,22,25,28,33,36,41,44,49,57,65,72,73,11,13,19,21,23,27,59,67,29,37,75,61,26,45,69,74,53,77,58,46,70,47,52,71,68,54,38,60,31,43,39,63,35,34,51,62,55,66,78,79,76,50,42,+30 MissingAxioms=0,7,8,16,24,32,40,48,56,64 TotalTime=10.4
Step=70 PrevRays= 22184 ResultRays= 23659 RayPairs=  48113884 NewAxiom=31 PrevAxioms=1,2,3,4,5,6,9,10,12,14,15,17,18,20,22,25,28,33,36,41,44,49,57,65,72,73,11,13,19,21,23,27,59,67,29,37,75,61,26,30,45,69,77,53,71,74,58,46,70,68,52,54,47,39,43,38,42,35,79,78,63,66,51,55,62,76,34,50,60,+31 MissingAxioms=0,7,8,16,24,32,40,48,56,64 TotalTime=10.1
Step=70 PrevRays= 23522 ResultRays= 23659 RayPairs=  72046814 NewAxiom=33 PrevAxioms=1,2,3,4,5,6,9,10,12,14,15,17,18,20,22,25,28,34,36,41,44,49,57,65,72,73,11,13,19,21,23,27,59,67,29,35,37,53,45,77,69,26,58,30,70,68,39,79,51,50,54,47,46,38,78,63,61,31,43,71,75,55,42,62,76,60,74,52,66,+33 MissingAxioms=0,7,8,16,24,32,40,48,56,64 TotalTime=12.1
Step=70 PrevRays= 23782 ResultRays= 23659 RayPairs=  72357420 NewAxiom=34 PrevAxioms=1,2,3,4,5,6,9,10,12,14,15,17,18,20,22,25,28,33,36,41,44,49,57,65,72,73,11,13,19,21,23,27,59,67,29,37,75,61,26,30,45,69,77,53,71,74,58,46,70,68,52,54,47,39,43,31,38,42,35,79,78,63,60,51,55,62,76,66,50,+34 MissingAxioms=0,7,8,16,24,32,40,48,56,64 TotalTime=11.5
Step=70 PrevRays= 24345 ResultRays= 23659 RayPairs=  46599907 NewAxiom=35 PrevAxioms=1,2,3,4,5,6,9,10,12,14,15,17,18,20,22,25,28,33,36,41,44,49,57,65,72,73,11,13,19,21,23,27,59,67,29,37,75,61,26,30,45,69,77,53,71,74,58,46,70,68,52,54,47,39,43,31,38,42,78,79,63,60,62,55,51,66,76,34,50,+35 MissingAxioms=0,7,8,16,24,32,40,48,56,64 TotalTime=11.5
Step=70 PrevRays= 23782 ResultRays= 23659 RayPairs=  72357420 NewAxiom=36 PrevAxioms=1,2,3,4,5,6,9,10,12,14,15,17,18,20,22,25,28,33,37,41,44,49,57,65,72,73,11,13,19,21,23,61,75,27,67,29,59,26,30,45,69,53,77,39,74,71,50,54,79,63,68,35,43,34,51,70,47,46,58,31,38,55,78,76,62,60,66,52,42,+36 MissingAxioms=0,7,8,16,24,32,40,48,56,64 TotalTime=12.3
Step=70 PrevRays= 24345 ResultRays= 23659 RayPairs=  46599907 NewAxiom=37 PrevAxioms=1,2,3,4,5,6,9,10,12,14,15,17,18,20,22,25,28,33,36,41,44,49,57,65,72,73,11,13,19,21,23,27,59,67,29,26,30,45,77,69,53,35,43,34,52,38,50,54,46,76,78,31,79,63,61,60,39,51,66,75,47,71,55,70,62,68,74,58,42,+37 MissingAxioms=0,7,8,16,24,32,40,48,56,64 TotalTime=10.8
Step=70 PrevRays= 23603 ResultRays= 23659 RayPairs=  44534880 NewAxiom=38 PrevAxioms=1,2,3,4,5,6,9,10,12,14,15,17,18,20,22,25,28,33,36,41,44,49,57,65,72,73,11,13,19,21,23,27,59,67,29,37,75,61,26,30,45,69,77,53,71,74,58,46,70,68,52,54,47,39,43,31,42,35,79,78,63,60,51,55,62,76,66,34,50,+38 MissingAxioms=0,7,8,16,24,32,40,48,56,64 TotalTime=11.8
Step=70 PrevRays= 22184 ResultRays= 23659 RayPairs=  48113884 NewAxiom=39 PrevAxioms=1,2,3,4,5,6,9,10,12,14,15,17,18,20,22,25,28,33,36,41,44,49,57,65,72,73,11,13,19,21,23,27,59,67,29,37,75,61,26,30,45,69,77,53,71,74,58,46,70,68,52,54,47,38,43,42,35,79,63,78,31,60,62,55,51,50,76,34,66,+39 MissingAxioms=0,7,8,16,24,32,40,48,56,64 TotalTime=10.0
Step=70 PrevRays= 23914 ResultRays= 23659 RayPairs=  76343748 NewAxiom=41 PrevAxioms=1,2,3,4,5,6,9,10,12,14,15,17,18,20,22,25,28,33,36,42,44,49,57,65,72,73,11,13,19,21,23,27,43,59,67,29,37,75,61,26,30,45,47,53,74,71,50,35,79,51,46,54,38,78,31,70,68,58,62,69,77,76,34,63,55,39,60,52,66,+41 MissingAxioms=0,7,8,16,24,32,40,48,56,64 TotalTime=12.0
Step=70 PrevRays= 23914 ResultRays= 23659 RayPairs=  76343748 NewAxiom=42 PrevAxioms=1,2,3,4,5,6,9,10,12,14,15,17,18,20,22,25,28,33,36,41,44,49,57,65,72,73,11,13,19,21,23,27,59,67,29,37,75,61,26,30,45,69,77,53,71,74,58,46,70,68,52,54,47,39,43,31,38,79,35,34,78,63,51,55,62,76,66,60,50,+42 MissingAxioms=0,7,8,16,24,32,40,48,56,64 TotalTime=11.5
Step=70 PrevRays= 23936 ResultRays= 23659 RayPairs=  41219760 NewAxiom=43 PrevAxioms=1,2,3,4,5,6,9,10,12,14,15,17,18,20,22,25,28,33,36,41,44,49,57,65,72,73,11,13,19,21,23,27,59,67,29,37,75,61,26,30,45,69,77,53,71,74,58,46,70,68,52,54,47,39,31,38,63,35,34,51,55,62,79,78,76,66,60,42,50,+43 MissingAxioms=0,7,8,16,24,32,40,48,56,64 TotalTime=11.8
Step=70 PrevRays= 22090 ResultRays= 23659 RayPairs=  52040115 NewAxiom=44 PrevAxioms=1,2,3,4,5,6,9,10,12,14,15,17,18,20,22,25,28,33,36,41,45,49,57,65,72,73,11,13,19,21,23,69,77,27,59,29,37,61,26,30,67,75,47,53,74,71,50,54,43,76,52,68,39,35,79,63,42,58,51,70,55,38,31,46,78,62,34,60,66,+44 MissingAxioms=0,7,8,16,24,32,40,48,56,64 TotalTime=11.8
Step=70 PrevRays= 23963 ResultRays= 23659 RayPairs=  40579950 NewAxiom=45 PrevAxioms=1,2,3,4,5,6,9,10,12,14,15,17,18,20,22,25,28,33,36,41,44,49,57,65,72,73,11,13,19,21,23,27,59,67,29,37,75,61,26,30,43,53,74,35,46,42,47,71,50,79,51,38,58,54,70,68,78,55,66,69,31,39,77,76,63,62,60,52,34,+45 MissingAxioms=0,7,8,16,24,32,40,48,56,64 TotalTime=12.3
Step=70 PrevRays= 23963 ResultRays= 23659 RayPairs=  40579950 NewAxiom=46 PrevAxioms=1,2,3,4,5,6,9,10,12,14,15,17,18,20,22,25,28,33,36,41,44,49,57,65,72,73,11,13,19,21,23,27,59,67,29,37,75,61,26,30,45,69,77,53,71,74,58,70,68,39,52,47,54,43,31,42,35,79,38,63,51,55,78,62,76,34,60,50,66,+46 MissingAxioms=0,7,8,16,24,32,40,48,56,64 TotalTime=13.9
Step=70 PrevRays= 23233 ResultRays= 23659 RayPairs=  56200532 NewAxiom=47 PrevAxioms=1,2,3,4,5,6,9,10,12,14,15,17,18,20,22,25,28,33,36,41,44,49,57,65,72,73,11,13,19,21,23,27,59,67,29,37,75,61,26,30,45,69,77,53,71,74,58,46,70,68,52,54,39,31,55,51,38,35,63,62,34,43,79,78,76,42,66,50,60,+47 MissingAxioms=0,7,8,16,24,32,40,48,56,64 TotalTime=11.8
Step=70 PrevRays= 23522 ResultRays= 23659 RayPairs=  72046814 NewAxiom=49 PrevAxioms=1,2,3,4,5,6,9,10,12,14,15,17,18,20,22,25,28,33,36,41,44,50,57,65,72,73,11,13,19,21,23,27,51,35,43,29,37,61,75,42,45,74,46,47,26,38,34,68,70,71,66,78,31,55,53,67,59,79,69,77,63,58,62,30,54,76,39,52,60,+49 MissingAxioms=0,7,8,16,24,32,40,48,56,64 TotalTime=10.8
Step=70 PrevRays= 23782 ResultRays= 23659 RayPairs=  72357420 NewAxiom=50 PrevAxioms=1,2,3,4,5,6,9,10,12,14,15,17,18,20,22,25,28,33,36,41,44,49,57,65,72,73,11,13,19,21,23,27,59,67,29,37,75,61,26,30,45,69,77,53,71,74,58,46,70,68,52,54,47,39,43,31,38,42,35,79,78,63,60,51,55,62,76,66,34,+50 MissingAxioms=0,7,8,16,24,32,40,48,56,64 TotalTime=11.3
Step=70 PrevRays= 24345 ResultRays= 23659 RayPairs=  46599907 NewAxiom=51 PrevAxioms=1,2,3,4,5,6,9,10,12,14,15,17,18,20,22,25,28,33,36,41,44,49,57,65,72,73,11,13,19,21,23,27,59,67,29,37,75,61,26,30,45,69,77,53,71,74,58,46,70,68,52,54,47,39,43,31,38,42,35,79,78,63,60,62,55,34,76,50,66,+51 MissingAxioms=0,7,8,16,24,32,40,48,56,64 TotalTime=11.2
Step=70 PrevRays= 23782 ResultRays= 23659 RayPairs=  72357420 NewAxiom=52 PrevAxioms=1,2,3,4,5,6,9,10,12,14,15,17,18,20,22,25,28,33,36,41,44,49,57,65,72,73,11,13,19,21,23,27,59,67,29,37,75,61,26,30,45,69,77,53,71,74,58,46,70,68,39,47,43,42,35,79,55,78,31,38,54,51,63,62,76,60,50,34,66,+52 MissingAxioms=0,7,8,16,24,32,40,48,56,64 TotalTime=12.6
Step=70 PrevRays= 24345 ResultRays= 23659 RayPairs=  46599907 NewAxiom=53 PrevAxioms=1,2,3,4,5,6,9,10,12,14,15,17,18,20,22,25,28,33,36,41,44,49,57,65,72,73,11,13,19,21,23,27,59,67,29,37,75,61,26,30,45,69,77,51,60,76,66,62,39,63,35,34,79,43,47,46,42,71,70,68,38,78,31,55,54,50,58,52,74,+53 MissingAxioms=0,7,8,16,24,32,40,48,56,64 TotalTime=10.0
Step=70 PrevRays= 23603 ResultRays= 23659 RayPairs=  44534880 NewAxiom=54 PrevAxioms=1,2,3,4,5,6,9,10,12,14,15,17,18,20,22,25,28,33,36,41,44,49,57,65,72,73,11,13,19,21,23,27,59,67,29,37,75,61,26,30,45,69,77,53,71,74,58,46,70,68,52,47,39,43,51,42,35,79,31,38,78,63,55,62,76,66,34,50,60,+54 MissingAxioms=0,7,8,16,24,32,40,48,56,64 TotalTime=12.1
Step=70 PrevRays= 22184 ResultRays= 23659 RayPairs=  48113884 NewAxiom=55 PrevAxioms=1,2,3,4,5,6,9,10,12,14,15,17,18,20,22,25,28,33,36,41,44,49,57,65,72,73,11,13,19,21,23,27,59,67,29,37,75,61,26,30,45,69,77,53,71,74,58,46,70,68,52,54,47,39,43,31,38,42,35,79,78,63,60,51,62,66,34,76,50,+55 MissingAxioms=0,7,8,16,24,32,40,48,56,64 TotalTime=10.4
Step=70 PrevRays= 23522 ResultRays= 23659 RayPairs=  72046814 NewAxiom=57 PrevAxioms=1,2,3,4,5,6,9,10,12,14,15,17,18,20,22,25,28,33,36,41,44,49,58,65,72,73,11,13,19,21,23,27,59,35,43,29,37,53,45,69,77,34,46,26,30,68,39,63,79,71,61,70,67,47,51,75,74,42,66,78,55,50,54,38,62,76,31,60,52,+57 MissingAxioms=0,7,8,16,24,32,40,48,56,64 TotalTime=10.9
Step=70 PrevRays= 23782 ResultRays= 23659 RayPairs=  72357420 NewAxiom=58 PrevAxioms=1,2,3,4,5,6,9,10,12,14,15,17,18,20,22,25,28,33,36,41,44,49,57,65,72,73,11,13,19,21,23,27,59,67,29,37,75,61,26,30,45,69,77,53,71,74,39,68,50,54,76,47,43,70,46,35,63,34,51,79,31,38,78,55,62,60,66,52,42,+58 MissingAxioms=0,7,8,16,24,32,40,48,56,64 TotalTime=10.3
Step=70 PrevRays= 24345 ResultRays= 23659 RayPairs=  46599907 NewAxiom=59 PrevAxioms=1,2,3,4,5,6,9,10,12,14,15,17,18,20,22,25,28,33,36,41,44,49,57,65,72,73,11,13,19,21,23,27,67,29,37,61,75,26,30,43,45,35,42,50,77,63,52,53,39,69,60,76,54,47,71,31,70,51,38,55,62,46,79,78,68,66,34,58,74,+59 MissingAxioms=0,7,8,16,24,32,40,48,56,64 TotalTime=10.6
Step=70 PrevRays= 23782 ResultRays= 23659 RayPairs=  72357420 NewAxiom=60 PrevAxioms=1,2,3,4,5,6,9,10,12,14,15,17,18,20,22,25,28,33,36,41,44,49,57,65,72,73,11,13,19,21,23,27,59,67,29,37,75,61,26,30,45,69,77,53,71,74,58,46,70,68,52,54,47,39,43,31,38,42,35,79,78,63,51,55,62,76,66,34,50,+60 MissingAxioms=0,7,8,16,24,32,40,48,56,64 TotalTime=12.1
Step=70 PrevRays= 24345 ResultRays= 23659 RayPairs=  46599907 NewAxiom=61 PrevAxioms=1,2,3,4,5,6,9,10,12,14,15,17,18,20,22,25,28,33,36,41,44,49,57,65,72,73,11,13,19,21,23,27,59,67,29,37,75,26,30,43,45,35,42,50,77,69,52,53,74,47,71,51,58,54,68,79,39,63,70,46,38,31,78,55,62,76,34,60,66,+61 MissingAxioms=0,7,8,16,24,32,40,48,56,64 TotalTime=10.3
Step=70 PrevRays= 23603 ResultRays= 23659 RayPairs=  44534880 NewAxiom=62 PrevAxioms=1,2,3,4,5,6,9,10,12,14,15,17,18,20,22,25,28,33,36,41,44,49,57,65,72,73,11,13,19,21,23,27,59,67,29,37,75,61,26,30,45,69,77,53,71,74,58,46,70,68,52,54,47,39,43,31,38,42,35,79,78,63,60,51,55,66,76,50,34,+62 MissingAxioms=0,7,8,16,24,32,40,48,56,64 TotalTime=11.1
Step=70 PrevRays= 22184 ResultRays= 23659 RayPairs=  48113884 NewAxiom=63 PrevAxioms=1,2,3,4,5,6,9,10,12,14,15,17,18,20,22,25,28,33,36,41,44,49,57,65,72,73,11,13,19,21,23,27,59,67,29,37,75,61,26,30,45,69,77,53,71,74,58,46,70,68,52,54,47,39,43,31,38,42,35,79,78,60,62,55,51,76,66,50,34,+63 MissingAxioms=0,7,8,16,24,32,40,48,56,64 TotalTime=10.5
Step=70 PrevRays= 23914 ResultRays= 23659 RayPairs=  76343748 NewAxiom=65 PrevAxioms=1,2,3,4,5,6,9,10,12,14,15,17,18,20,22,25,28,33,36,41,44,49,57,66,72,73,11,13,19,21,23,27,59,29,37,75,61,26,30,45,77,53,63,46,58,74,47,39,35,34,43,31,67,51,55,50,54,38,62,79,78,71,69,76,70,68,52,60,42,+65 MissingAxioms=0,7,8,16,24,32,40,48,56,64 TotalTime=9.8
Step=70 PrevRays= 23914 ResultRays= 23659 RayPairs=  76343748 NewAxiom=66 PrevAxioms=1,2,3,4,5,6,9,10,12,14,15,17,18,20,22,25,28,33,36,41,44,49,57,65,72,73,11,13,19,21,23,27,59,67,29,37,75,61,26,30,45,69,77,53,71,74,58,46,70,68,52,54,47,39,43,31,38,42,35,79,78,63,60,51,55,62,76,50,34,+66 MissingAxioms=0,7,8,16,24,32,40,48,56,64 TotalTime=11.6
Step=70 PrevRays= 23936 ResultRays= 23659 RayPairs=  41219760 NewAxiom=67 PrevAxioms=1,2,3,4,5,6,9,10,12,14,15,17,18,20,22,25,28,33,36,41,44,49,57,65,72,73,11,13,19,21,23,27,59,29,37,75,61,26,30,45,69,77,53,71,74,58,68,35,43,39,63,79,70,47,42,55,46,78,31,38,62,54,51,76,52,66,34,60,50,+67 MissingAxioms=0,7,8,16,24,32,40,48,56,64 TotalTime=12.5
Step=70 PrevRays= 22090 ResultRays= 23659 RayPairs=  52040115 NewAxiom=68 PrevAxioms=1,2,3,4,5,6,9,10,12,14,15,17,18,20,22,25,28,33,36,41,44,49,57,65,72,73,11,13,19,21,23,27,59,67,29,37,75,61,26,30,45,69,77,53,71,74,58,46,70,52,47,54,60,38,31,39,63,35,43,34,51,55,62,79,78,76,66,42,50,+68 MissingAxioms=0,7,8,16,24,32,40,48,56,64 TotalTime=9.0
Step=70 PrevRays= 23963 ResultRays= 23659 RayPairs=  40579950 NewAxiom=69 PrevAxioms=1,2,3,4,5,6,9,10,12,14,15,17,18,20,22,25,28,33,36,41,44,49,57,65,72,73,11,13,19,21,23,27,59,67,29,37,75,61,26,30,45,77,53,63,46,58,74,68,47,39,35,43,71,42,70,79,51,78,31,38,55,62,54,76,50,60,34,52,66,+69 MissingAxioms=0,7,8,16,24,32,40,48,56,64 TotalTime=12.2
Step=70 PrevRays= 23963 ResultRays= 23659 RayPairs=  40579950 NewAxiom=70 PrevAxioms=1,2,3,4,5,6,9,10,12,14,15,17,18,20,22,25,28,33,36,41,44,49,57,65,72,73,11,13,19,21,23,27,59,67,29,37,75,61,26,30,45,69,77,53,71,74,58,46,68,39,47,43,42,35,79,78,31,63,38,52,54,60,62,51,55,76,66,34,50,+70 MissingAxioms=0,7,8,16,24,32,40,48,56,64 TotalTime=11.1
Step=70 PrevRays= 23233 ResultRays= 23659 RayPairs=  56200532 NewAxiom=71 PrevAxioms=1,2,3,4,5,6,9,10,12,14,15,17,18,20,22,25,28,33,36,41,44,49,57,65,72,73,11,13,19,21,23,27,59,67,29,37,75,61,26,30,45,69,77,53,58,74,70,68,39,51,50,47,46,55,31,38,54,43,35,79,78,63,34,62,76,60,66,52,42,+71 MissingAxioms=0,7,8,16,24,32,40,48,56,64 TotalTime=11.7
! VaryAxiom=72 NoInitialAxiomSet
Step=70 PrevRays= 23914 ResultRays= 23659 RayPairs=  76343748 NewAxiom=73 PrevAxioms=1,2,3,4,5,6,9,10,12,14,15,17,18,20,22,25,28,33,36,41,44,49,57,65,72,74,11,13,19,21,23,27,59,67,29,37,61,26,30,45,69,53,75,58,70,68,39,71,52,47,77,54,43,31,42,46,38,79,35,78,63,51,55,62,76,34,50,60,66,+73 MissingAxioms=0,7,8,16,24,32,40,48,56,64 TotalTime=14.6
Step=70 PrevRays= 23914 ResultRays= 23659 RayPairs=  76343748 NewAxiom=74 PrevAxioms=1,2,3,4,5,6,9,10,12,14,15,17,18,20,22,25,28,33,36,41,44,49,57,65,72,73,11,13,19,21,23,27,59,67,29,37,75,61,26,30,45,69,77,53,71,58,79,70,68,52,35,54,43,39,47,46,60,31,63,51,55,78,66,38,62,76,34,42,50,+74 MissingAxioms=0,7,8,16,24,32,40,48,56,64 TotalTime=10.1
Step=70 PrevRays= 23936 ResultRays= 23659 RayPairs=  41219760 NewAxiom=75 PrevAxioms=1,2,3,4,5,6,9,10,12,14,15,17,18,20,22,25,28,33,36,41,44,49,57,65,72,73,11,13,19,21,23,27,59,67,29,37,61,26,30,45,77,69,53,58,70,68,39,71,52,47,54,43,35,63,79,42,74,31,46,78,38,60,51,62,55,76,66,34,50,+75 MissingAxioms=0,7,8,16,24,32,40,48,56,64 TotalTime=13.2
Step=70 PrevRays= 22090 ResultRays= 23659 RayPairs=  52040115 NewAxiom=76 PrevAxioms=1,2,3,4,5,6,9,10,12,14,15,17,18,20,22,25,28,33,36,41,44,49,57,65,72,73,11,13,19,21,23,27,59,67,29,37,75,61,26,30,45,69,77,53,71,74,58,46,70,68,52,54,47,39,43,31,38,42,35,79,78,63,60,51,55,62,66,34,50,+76 MissingAxioms=0,7,8,16,24,32,40,48,56,64 TotalTime=10.6
Step=70 PrevRays= 23963 ResultRays= 23659 RayPairs=  40579950 NewAxiom=77 PrevAxioms=1,2,3,4,5,6,9,10,12,14,15,17,18,20,22,25,28,33,36,41,44,49,57,65,72,73,11,13,19,21,23,27,59,67,29,37,75,61,26,30,45,69,53,58,74,70,68,39,71,52,47,54,43,35,79,63,34,51,31,46,38,62,55,78,76,66,60,50,42,+77 MissingAxioms=0,7,8,16,24,32,40,48,56,64 TotalTime=12.8
Step=70 PrevRays= 23963 ResultRays= 23659 RayPairs=  40579950 NewAxiom=78 PrevAxioms=1,2,3,4,5,6,9,10,12,14,15,17,18,20,22,25,28,33,36,41,44,49,57,65,72,73,11,13,19,21,23,27,59,67,29,37,75,61,26,30,45,69,77,53,71,74,58,46,70,68,52,54,47,39,43,31,38,42,35,79,63,51,55,62,34,76,60,66,50,+78 MissingAxioms=0,7,8,16,24,32,40,48,56,64 TotalTime=12.1
Step=70 PrevRays= 23233 ResultRays= 23659 RayPairs=  56200532 NewAxiom=79 PrevAxioms=1,2,3,4,5,6,9,10,12,14,15,17,18,20,22,25,28,33,36,41,44,49,57,65,72,73,11,13,19,21,23,27,59,67,29,37,75,61,26,30,45,69,77,53,71,74,58,46,70,68,52,54,47,39,43,31,38,42,35,63,78,60,62,55,51,76,66,34,50,+79 MissingAxioms=0,7,8,16,24,32,40,48,56,64 TotalTime=11.5

Ordered by number of ray pairs:
Step=70 #############................. (min) Axiom3 01(2,3) - g2 f(0,2,3) + f(1,2,3) >= f(2,3) + f(0,1,2,3,4)
Step=70 #############................. (min) Axiom5 01(2,4) - g2 f(0,2,4) + f(1,2,4) >= f(0,1,2,3,4) + f(2,4)
Step=70 #############................. (min) Axiom6 01(3,4) - g2 f(0,3,4) + f(1,3,4) >= f(0,1,2,3,4) + f(3,4)
Step=70 ################.............. Axiom45 23(0,4) - g2 f(0,2,4) + f(0,3,4) >= f(0,1,2,3,4) + f(0,4)
Step=70 ################.............. Axiom46 23(1,4) - g2 f(1,2,4) + f(1,3,4) >= f(0,1,2,3,4) + f(1,4)
Step=70 ################.............. Axiom69 24(0,3) - g2 f(0,2,3) + f(0,3,4) >= f(0,3) + f(0,1,2,3,4)
Step=70 ################.............. Axiom70 24(1,3) - g2 f(1,2,3) + f(1,3,4) >= f(1,3) + f(0,1,2,3,4)
Step=70 ################.............. Axiom77 34(0,2) - g2 f(0,2,3) + f(0,2,4) >= f(0,2) + f(0,1,2,3,4)
Step=70 ################.............. Axiom78 34(1,2) - g2 f(1,2,3) + f(1,2,4) >= f(1,2) + f(0,1,2,3,4)
Step=70 ################.............. Axiom43 23(0,1) - g2 f(0,1,2) + f(0,1,3) >= f(0,1) + f(0,1,2,3,4)
Step=70 ################.............. Axiom67 24(0,1) - g2 f(0,1,2) + f(0,1,4) >= f(0,1) + f(0,1,2,3,4)
Step=70 ################.............. Axiom75 34(0,1) - g2 f(0,1,3) + f(0,1,4) >= f(0,1) + f(0,1,2,3,4)
Step=70 ##################............ Axiom14 02(3,4) - g2 f(0,3,4) + f(2,3,4) >= f(0,1,2,3,4) + f(3,4)
Step=70 ##################............ Axiom22 12(3,4) - g2 f(1,3,4) + f(2,3,4) >= f(0,1,2,3,4) + f(3,4)
Step=70 ##################............ Axiom30 03(2,4) - g2 f(0,2,4) + f(2,3,4) >= f(0,1,2,3,4) + f(2,4)
Step=70 ##################............ Axiom38 13(2,4) - g2 f(1,2,4) + f(2,3,4) >= f(0,1,2,3,4) + f(2,4)
Step=70 ##################............ Axiom54 04(2,3) - g2 f(0,2,3) + f(2,3,4) >= f(2,3) + f(0,1,2,3,4)
Step=70 ##################............ Axiom62 14(2,3) - g2 f(1,2,3) + f(2,3,4) >= f(2,3) + f(0,1,2,3,4)
Step=70 ##################............ Axiom11 02(1,3) - g2 f(0,1,3) + f(1,2,3) >= f(1,3) + f(0,1,2,3,4)
Step=70 ##################............ Axiom13 02(1,4) - g2 f(0,1,4) + f(1,2,4) >= f(0,1,2,3,4) + f(1,4)
Step=70 ##################............ Axiom19 12(0,3) - g2 f(0,1,3) + f(0,2,3) >= f(0,3) + f(0,1,2,3,4)
Step=70 ##################............ Axiom21 12(0,4) - g2 f(0,1,4) + f(0,2,4) >= f(0,1,2,3,4) + f(0,4)
Step=70 ##################............ Axiom27 03(1,2) - g2 f(0,1,2) + f(1,2,3) >= f(1,2) + f(0,1,2,3,4)
Step=70 ##################............ Axiom29 03(1,4) - g2 f(0,1,4) + f(1,3,4) >= f(0,1,2,3,4) + f(1,4)
Step=70 ##################............ Axiom35 13(0,2) - g2 f(0,1,2) + f(0,2,3) >= f(0,2) + f(0,1,2,3,4)
Step=70 ##################............ Axiom37 13(0,4) - g2 f(0,1,4) + f(0,3,4) >= f(0,1,2,3,4) + f(0,4)
Step=70 ##################............ Axiom51 04(1,2) - g2 f(0,1,2) + f(1,2,4) >= f(1,2) + f(0,1,2,3,4)
Step=70 ##################............ Axiom53 04(1,3) - g2 f(0,1,3) + f(1,3,4) >= f(1,3) + f(0,1,2,3,4)
Step=70 ##################............ Axiom59 14(0,2) - g2 f(0,1,2) + f(0,2,4) >= f(0,2) + f(0,1,2,3,4)
Step=70 ##################............ Axiom61 14(0,3) - g2 f(0,1,3) + f(0,3,4) >= f(0,3) + f(0,1,2,3,4)
Step=70 ###################........... Axiom15 02(1,3,4) - g3 f(0,1,2,3,4) >= f(1,3,4)
Step=70 ###################........... Axiom23 12(0,3,4) - g3 f(0,1,2,3,4) >= f(0,3,4)
Step=70 ###################........... Axiom31 03(1,2,4) - g3 f(0,1,2,3,4) >= f(1,2,4)
Step=70 ###################........... Axiom39 13(0,2,4) - g3 f(0,1,2,3,4) >= f(0,2,4)
Step=70 ###################........... Axiom55 04(1,2,3) - g3 f(0,1,2,3,4) >= f(1,2,3)
Step=70 ###################........... Axiom63 14(0,2,3) - g3 f(0,1,2,3,4) >= f(0,2,3)
Step=70 ####################.......... Axiom44 23(4) - g1 f(2,4) + f(3,4) >= f(4) + f(2,3,4)
Step=70 ####################.......... Axiom68 24(3) - g1 f(2,3) + f(3,4) >= f(3) + f(2,3,4)
Step=70 ####################.......... Axiom76 34(2) - g1 f(2,3) + f(2,4) >= f(2) + f(2,3,4)
Step=70 ######################........ Axiom47 23(0,1,4) - g3 f(0,1,2,3,4) >= f(0,1,4)
Step=70 ######################........ Axiom71 24(0,1,3) - g3 f(0,1,2,3,4) >= f(0,1,3)
Step=70 ######################........ Axiom79 34(0,1,2) - g3 f(0,1,2,3,4) >= f(0,1,2)
Step=70 #########################..... Axiom1 01(2) - g1 f(0,2) + f(1,2) >= f(2) + f(0,1,2)
Step=70 #########################..... Axiom2 01(3) - g1 f(0,3) + f(1,3) >= f(3) + f(0,1,3)
Step=70 #########################..... Axiom4 01(4) - g1 f(0,4) + f(1,4) >= f(4) + f(0,1,4)
Step=70 ############################.. Axiom9 02(1) - g1 f(0,1) + f(1,2) >= f(1) + f(0,1,2)
Step=70 ############################.. Axiom17 12(0) - g1 f(0,1) + f(0,2) >= f(0) + f(0,1,2)
Step=70 ############################.. Axiom25 03(1) - g1 f(0,1) + f(1,3) >= f(1) + f(0,1,3)
Step=70 ############################.. Axiom33 13(0) - g1 f(0,1) + f(0,3) >= f(0) + f(0,1,3)
Step=70 ############################.. Axiom49 04(1) - g1 f(0,1) + f(1,4) >= f(1) + f(0,1,4)
Step=70 ############################.. Axiom57 14(0) - g1 f(0,1) + f(0,4) >= f(0) + f(0,1,4)
Step=70 ############################.. Axiom10 02(3) - g1 f(0,3) + f(2,3) >= f(3) + f(0,2,3)
Step=70 ############################.. Axiom12 02(4) - g1 f(0,4) + f(2,4) >= f(4) + f(0,2,4)
Step=70 ############################.. Axiom18 12(3) - g1 f(1,3) + f(2,3) >= f(3) + f(1,2,3)
Step=70 ############################.. Axiom20 12(4) - g1 f(1,4) + f(2,4) >= f(4) + f(1,2,4)
Step=70 ############################.. Axiom26 03(2) - g1 f(0,2) + f(2,3) >= f(2) + f(0,2,3)
Step=70 ############################.. Axiom28 03(4) - g1 f(0,4) + f(3,4) >= f(4) + f(0,3,4)
Step=70 ############################.. Axiom34 13(2) - g1 f(1,2) + f(2,3) >= f(2) + f(1,2,3)
Step=70 ############################.. Axiom36 13(4) - g1 f(1,4) + f(3,4) >= f(4) + f(1,3,4)
Step=70 ############################.. Axiom50 04(2) - g1 f(0,2) + f(2,4) >= f(2) + f(0,2,4)
Step=70 ############################.. Axiom52 04(3) - g1 f(0,3) + f(3,4) >= f(3) + f(0,3,4)
Step=70 ############################.. Axiom58 14(2) - g1 f(1,2) + f(2,4) >= f(2) + f(1,2,4)
Step=70 ############################.. Axiom60 14(3) - g1 f(1,3) + f(3,4) >= f(3) + f(1,3,4)
Step=70 ############################## Axiom41 23(0) - g1 f(0,2) + f(0,3) >= f(0) + f(0,2,3)
Step=70 ############################## Axiom42 23(1) - g1 f(1,2) + f(1,3) >= f(1) + f(1,2,3)
Step=70 ############################## Axiom65 24(0) - g1 f(0,2) + f(0,4) >= f(0) + f(0,2,4)
Step=70 ############################## Axiom66 24(1) - g1 f(1,2) + f(1,4) >= f(1) + f(1,2,4)
Step=70 ############################## Axiom73 34(0) - g1 f(0,3) + f(0,4) >= f(0) + f(0,3,4)
Step=70 ############################## Axiom74 34(1) - g1 f(1,3) + f(1,4) >= f(1) + f(1,3,4)

Ordered by number of previous rays:
Step=70 $$$$$$$$$$$$$$$$$$$$$$$$$$$... (min) Axiom3 01(2,3) - g2 f(0,2,3) + f(1,2,3) >= f(2,3) + f(0,1,2,3,4)
Step=70 $$$$$$$$$$$$$$$$$$$$$$$$$$$... (min) Axiom5 01(2,4) - g2 f(0,2,4) + f(1,2,4) >= f(0,1,2,3,4) + f(2,4)
Step=70 $$$$$$$$$$$$$$$$$$$$$$$$$$$... (min) Axiom6 01(3,4) - g2 f(0,3,4) + f(1,3,4) >= f(0,1,2,3,4) + f(3,4)
Step=70 $$$$$$$$$$$$$$$$$$$$$$$$$$$... Axiom44 23(4) - g1 f(2,4) + f(3,4) >= f(4) + f(2,3,4)
Step=70 $$$$$$$$$$$$$$$$$$$$$$$$$$$... Axiom68 24(3) - g1 f(2,3) + f(3,4) >= f(3) + f(2,3,4)
Step=70 $$$$$$$$$$$$$$$$$$$$$$$$$$$... Axiom76 34(2) - g1 f(2,3) + f(2,4) >= f(2) + f(2,3,4)
Step=70 $$$$$$$$$$$$$$$$$$$$$$$$$$$... Axiom15 02(1,3,4) - g3 f(0,1,2,3,4) >= f(1,3,4)
Step=70 $$$$$$$$$$$$$$$$$$$$$$$$$$$... Axiom23 12(0,3,4) - g3 f(0,1,2,3,4) >= f(0,3,4)
Step=70 $$$$$$$$$$$$$$$$$$$$$$$$$$$... Axiom31 03(1,2,4) - g3 f(0,1,2,3,4) >= f(1,2,4)
Step=70 $$$$$$$$$$$$$$$$$$$$$$$$$$$... Axiom39 13(0,2,4) - g3 f(0,1,2,3,4) >= f(0,2,4)
Step=70 $$$$$$$$$$$$$$$$$$$$$$$$$$$... Axiom55 04(1,2,3) - g3 f(0,1,2,3,4) >= f(1,2,3)
Step=70 $$$$$$$$$$$$$$$$$$$$$$$$$$$... Axiom63 14(0,2,3) - g3 f(0,1,2,3,4) >= f(0,2,3)
Step=70 $$$$$$$$$$$$$$$$$$$$$$$$$$$$.. Axiom1 01(2) - g1 f(0,2) + f(1,2) >= f(2) + f(0,1,2)
Step=70 $$$$$$$$$$$$$$$$$$$$$$$$$$$$.. Axiom2 01(3) - g1 f(0,3) + f(1,3) >= f(3) + f(0,1,3)
Step=70 $$$$$$$$$$$$$$$$$$$$$$$$$$$$.. Axiom4 01(4) - g1 f(0,4) + f(1,4) >= f(4) + f(0,1,4)
Step=70 $$$$$$$$$$$$$$$$$$$$$$$$$$$$$. Axiom47 23(0,1,4) - g3 f(0,1,2,3,4) >= f(0,1,4)
Step=70 $$$$$$$$$$$$$$$$$$$$$$$$$$$$$. Axiom71 24(0,1,3) - g3 f(0,1,2,3,4) >= f(0,1,3)
Step=70 $$$$$$$$$$$$$$$$$$$$$$$$$$$$$. Axiom79 34(0,1,2) - g3 f(0,1,2,3,4) >= f(0,1,2)
Step=70 $$$$$$$$$$$$$$$$$$$$$$$$$$$$$. Axiom9 02(1) - g1 f(0,1) + f(1,2) >= f(1) + f(0,1,2)
Step=70 $$$$$$$$$$$$$$$$$$$$$$$$$$$$$. Axiom17 12(0) - g1 f(0,1) + f(0,2) >= f(0) + f(0,1,2)
Step=70 $$$$$$$$$$$$$$$$$$$$$$$$$$$$$. Axiom25 03(1) - g1 f(0,1) + f(1,3) >= f(1) + f(0,1,3)
Step=70 $$$$$$$$$$$$$$$$$$$$$$$$$$$$$. Axiom33 13(0) - g1 f(0,1) + f(0,3) >= f(0) + f(0,1,3)
Step=70 $$$$$$$$$$$$$$$$$$$$$$$$$$$$$. Axiom49 04(1) - g1 f(0,1) + f(1,4) >= f(1) + f(0,1,4)
Step=70 $$$$$$$$$$$$$$$$$$$$$$$$$$$$$. Axiom57 14(0) - g1 f(0,1) + f(0,4) >= f(0) + f(0,1,4)
Step=70 $$$$$$$$$$$$$$$$$$$$$$$$$$$$$. Axiom14 02(3,4) - g2 f(0,3,4) + f(2,3,4) >= f(0,1,2,3,4) + f(3,4)
Step=70 $$$$$$$$$$$$$$$$$$$$$$$$$$$$$. Axiom22 12(3,4) - g2 f(1,3,4) + f(2,3,4) >= f(0,1,2,3,4) + f(3,4)
Step=70 $$$$$$$$$$$$$$$$$$$$$$$$$$$$$. Axiom30 03(2,4) - g2 f(0,2,4) + f(2,3,4) >= f(0,1,2,3,4) + f(2,4)
Step=70 $$$$$$$$$$$$$$$$$$$$$$$$$$$$$. Axiom38 13(2,4) - g2 f(1,2,4) + f(2,3,4) >= f(0,1,2,3,4) + f(2,4)
Step=70 $$$$$$$$$$$$$$$$$$$$$$$$$$$$$. Axiom54 04(2,3) - g2 f(0,2,3) + f(2,3,4) >= f(2,3) + f(0,1,2,3,4)
Step=70 $$$$$$$$$$$$$$$$$$$$$$$$$$$$$. Axiom62 14(2,3) - g2 f(1,2,3) + f(2,3,4) >= f(2,3) + f(0,1,2,3,4)
Step=70 $$$$$$$$$$$$$$$$$$$$$$$$$$$$$. Axiom10 02(3) - g1 f(0,3) + f(2,3) >= f(3) + f(0,2,3)
Step=70 $$$$$$$$$$$$$$$$$$$$$$$$$$$$$. Axiom12 02(4) - g1 f(0,4) + f(2,4) >= f(4) + f(0,2,4)
Step=70 $$$$$$$$$$$$$$$$$$$$$$$$$$$$$. Axiom18 12(3) - g1 f(1,3) + f(2,3) >= f(3) + f(1,2,3)
Step=70 $$$$$$$$$$$$$$$$$$$$$$$$$$$$$. Axiom20 12(4) - g1 f(1,4) + f(2,4) >= f(4) + f(1,2,4)
Step=70 $$$$$$$$$$$$$$$$$$$$$$$$$$$$$. Axiom26 03(2) - g1 f(0,2) + f(2,3) >= f(2) + f(0,2,3)
Step=70 $$$$$$$$$$$$$$$$$$$$$$$$$$$$$. Axiom28 03(4) - g1 f(0,4) + f(3,4) >= f(4) + f(0,3,4)
Step=70 $$$$$$$$$$$$$$$$$$$$$$$$$$$$$. Axiom34 13(2) - g1 f(1,2) + f(2,3) >= f(2) + f(1,2,3)
Step=70 $$$$$$$$$$$$$$$$$$$$$$$$$$$$$. Axiom36 13(4) - g1 f(1,4) + f(3,4) >= f(4) + f(1,3,4)
Step=70 $$$$$$$$$$$$$$$$$$$$$$$$$$$$$. Axiom50 04(2) - g1 f(0,2) + f(2,4) >= f(2) + f(0,2,4)
Step=70 $$$$$$$$$$$$$$$$$$$$$$$$$$$$$. Axiom52 04(3) - g1 f(0,3) + f(3,4) >= f(3) + f(0,3,4)
Step=70 $$$$$$$$$$$$$$$$$$$$$$$$$$$$$. Axiom58 14(2) - g1 f(1,2) + f(2,4) >= f(2) + f(1,2,4)
Step=70 $$$$$$$$$$$$$$$$$$$$$$$$$$$$$. Axiom60 14(3) - g1 f(1,3) + f(3,4) >= f(3) + f(1,3,4)
Step=70 $$$$$$$$$$$$$$$$$$$$$$$$$$$$$. Axiom41 23(0) - g1 f(0,2) + f(0,3) >= f(0) + f(0,2,3)
Step=70 $$$$$$$$$$$$$$$$$$$$$$$$$$$$$. Axiom42 23(1) - g1 f(1,2) + f(1,3) >= f(1) + f(1,2,3)
Step=70 $$$$$$$$$$$$$$$$$$$$$$$$$$$$$. Axiom65 24(0) - g1 f(0,2) + f(0,4) >= f(0) + f(0,2,4)
Step=70 $$$$$$$$$$$$$$$$$$$$$$$$$$$$$. Axiom66 24(1) - g1 f(1,2) + f(1,4) >= f(1) + f(1,2,4)
Step=70 $$$$$$$$$$$$$$$$$$$$$$$$$$$$$. Axiom73 34(0) - g1 f(0,3) + f(0,4) >= f(0) + f(0,3,4)
Step=70 $$$$$$$$$$$$$$$$$$$$$$$$$$$$$. Axiom74 34(1) - g1 f(1,3) + f(1,4) >= f(1) + f(1,3,4)
Step=70 $$$$$$$$$$$$$$$$$$$$$$$$$$$$$. Axiom43 23(0,1) - g2 f(0,1,2) + f(0,1,3) >= f(0,1) + f(0,1,2,3,4)
Step=70 $$$$$$$$$$$$$$$$$$$$$$$$$$$$$. Axiom67 24(0,1) - g2 f(0,1,2) + f(0,1,4) >= f(0,1) + f(0,1,2,3,4)
Step=70 $$$$$$$$$$$$$$$$$$$$$$$$$$$$$. Axiom75 34(0,1) - g2 f(0,1,3) + f(0,1,4) >= f(0,1) + f(0,1,2,3,4)
Step=70 $$$$$$$$$$$$$$$$$$$$$$$$$$$$$$ Axiom45 23(0,4) - g2 f(0,2,4) + f(0,3,4) >= f(0,1,2,3,4) + f(0,4)
Step=70 $$$$$$$$$$$$$$$$$$$$$$$$$$$$$$ Axiom46 23(1,4) - g2 f(1,2,4) + f(1,3,4) >= f(0,1,2,3,4) + f(1,4)
Step=70 $$$$$$$$$$$$$$$$$$$$$$$$$$$$$$ Axiom69 24(0,3) - g2 f(0,2,3) + f(0,3,4) >= f(0,3) + f(0,1,2,3,4)
Step=70 $$$$$$$$$$$$$$$$$$$$$$$$$$$$$$ Axiom70 24(1,3) - g2 f(1,2,3) + f(1,3,4) >= f(1,3) + f(0,1,2,3,4)
Step=70 $$$$$$$$$$$$$$$$$$$$$$$$$$$$$$ Axiom77 34(0,2) - g2 f(0,2,3) + f(0,2,4) >= f(0,2) + f(0,1,2,3,4)
Step=70 $$$$$$$$$$$$$$$$$$$$$$$$$$$$$$ Axiom78 34(1,2) - g2 f(1,2,3) + f(1,2,4) >= f(1,2) + f(0,1,2,3,4)
Step=70 $$$$$$$$$$$$$$$$$$$$$$$$$$$$$$ Axiom11 02(1,3) - g2 f(0,1,3) + f(1,2,3) >= f(1,3) + f(0,1,2,3,4)
Step=70 $$$$$$$$$$$$$$$$$$$$$$$$$$$$$$ Axiom13 02(1,4) - g2 f(0,1,4) + f(1,2,4) >= f(0,1,2,3,4) + f(1,4)
Step=70 $$$$$$$$$$$$$$$$$$$$$$$$$$$$$$ Axiom19 12(0,3) - g2 f(0,1,3) + f(0,2,3) >= f(0,3) + f(0,1,2,3,4)
Step=70 $$$$$$$$$$$$$$$$$$$$$$$$$$$$$$ Axiom21 12(0,4) - g2 f(0,1,4) + f(0,2,4) >= f(0,1,2,3,4) + f(0,4)
Step=70 $$$$$$$$$$$$$$$$$$$$$$$$$$$$$$ Axiom27 03(1,2) - g2 f(0,1,2) + f(1,2,3) >= f(1,2) + f(0,1,2,3,4)
Step=70 $$$$$$$$$$$$$$$$$$$$$$$$$$$$$$ Axiom29 03(1,4) - g2 f(0,1,4) + f(1,3,4) >= f(0,1,2,3,4) + f(1,4)
Step=70 $$$$$$$$$$$$$$$$$$$$$$$$$$$$$$ Axiom35 13(0,2) - g2 f(0,1,2) + f(0,2,3) >= f(0,2) + f(0,1,2,3,4)
Step=70 $$$$$$$$$$$$$$$$$$$$$$$$$$$$$$ Axiom37 13(0,4) - g2 f(0,1,4) + f(0,3,4) >= f(0,1,2,3,4) + f(0,4)
Step=70 $$$$$$$$$$$$$$$$$$$$$$$$$$$$$$ Axiom51 04(1,2) - g2 f(0,1,2) + f(1,2,4) >= f(1,2) + f(0,1,2,3,4)
Step=70 $$$$$$$$$$$$$$$$$$$$$$$$$$$$$$ Axiom53 04(1,3) - g2 f(0,1,3) + f(1,3,4) >= f(1,3) + f(0,1,2,3,4)
Step=70 $$$$$$$$$$$$$$$$$$$$$$$$$$$$$$ Axiom59 14(0,2) - g2 f(0,1,2) + f(0,2,4) >= f(0,2) + f(0,1,2,3,4)
Step=70 $$$$$$$$$$$$$$$$$$$$$$$$$$$$$$ Axiom61 14(0,3) - g2 f(0,1,3) + f(0,3,4) >= f(0,3) + f(0,1,2,3,4)
