! VaryAxiom=6 NoInitialAxiomSet
Step=44 PrevRays=   260 ResultRays=   244 RayPairs=      2070 NewAxiom=9 PrevAxioms=6,10,11,12,13,17,18,20,22,25,26,27,28,29,33,36,43,49,50,54,57,63,66,72,73,78,19,21,37,35,53,34,38,59,75,74,61,52,60,62,58,51,67,+9 MissingAxioms=0,1,2,3,4,5,7,8,14,15,16,23,24,30,31,32,39,40,41,42,44,45,46,47,48,55,56,64,65,68,69,70,71,76,77,79
Step=44 PrevRays=   210 ResultRays=   244 RayPairs=      1625 NewAxiom=10 PrevAxioms=6,9,11,12,13,17,18,19,20,22,25,26,28,29,33,36,43,49,50,54,57,63,66,72,73,78,21,27,35,37,34,38,51,67,59,53,58,62,60,75,74,61,52,+10 MissingAxioms=0,1,2,3,4,5,7,8,14,15,16,23,24,30,31,32,39,40,41,42,44,45,46,47,48,55,56,64,65,68,69,70,71,76,77,79
Step=44 PrevRays=   234 ResultRays=   244 RayPairs=      2108 NewAxiom=11 PrevAxioms=6,9,10,12,13,17,18,19,20,22,25,26,28,29,33,36,43,49,50,54,57,63,66,72,73,78,21,35,37,51,67,53,38,59,58,75,61,74,52,27,34,62,60,+11 MissingAxioms=0,1,2,3,4,5,7,8,14,15,16,23,24,30,31,32,39,40,41,42,44,45,46,47,48,55,56,64,65,68,69,70,71,76,77,79
Step=44 PrevRays=   206 ResultRays=   244 RayPairs=      1656 NewAxiom=12 PrevAxioms=6,9,10,11,13,17,18,20,21,22,25,26,28,29,33,36,43,49,50,54,57,63,66,72,73,78,19,37,51,59,67,38,53,75,61,27,58,35,74,34,62,60,52,+12 MissingAxioms=0,1,2,3,4,5,7,8,14,15,16,23,24,30,31,32,39,40,41,42,44,45,46,47,48,55,56,64,65,68,69,70,71,76,77,79
Step=44 PrevRays=   261 ResultRays=   244 RayPairs=      2618 NewAxiom=13 PrevAxioms=6,9,10,11,12,17,18,20,21,22,25,26,28,29,33,36,43,49,50,54,57,63,66,72,73,78,19,37,59,27,38,75,61,53,74,35,52,60,62,34,58,51,67,+13 MissingAxioms=0,1,2,3,4,5,7,8,14,15,16,23,24,30,31,32,39,40,41,42,44,45,46,47,48,55,56,64,65,68,69,70,71,76,77,79
Step=44 PrevRays=   212 ResultRays=   244 RayPairs=      1633 NewAxiom=17 PrevAxioms=6,9,10,11,12,13,18,20,22,25,26,28,29,33,34,36,43,49,50,54,57,63,66,72,73,78,19,21,37,27,61,75,35,38,51,67,74,53,59,58,62,60,52,+17 MissingAxioms=0,1,2,3,4,5,7,8,14,15,16,23,24,30,31,32,39,40,41,42,44,45,46,47,48,55,56,64,65,68,69,70,71,76,77,79
Step=44 PrevRays=   262 ResultRays=   244 RayPairs=      2805 NewAxiom=18 PrevAxioms=6,9,10,11,12,13,17,19,20,22,25,26,28,29,33,36,43,49,50,54,57,63,66,72,73,78,21,27,35,37,34,38,51,67,59,53,58,62,75,74,61,52,60,+18 MissingAxioms=0,1,2,3,4,5,7,8,14,15,16,23,24,30,31,32,39,40,41,42,44,45,46,47,48,55,56,64,65,68,69,70,71,76,77,79
Step=44 PrevRays=   234 ResultRays=   244 RayPairs=      2132 NewAxiom=19 PrevAxioms=6,9,10,11,12,13,17,18,20,22,25,26,28,29,33,36,43,49,50,54,57,63,66,72,73,78,21,27,37,59,75,61,51,67,38,53,74,58,52,35,34,62,60,+19 MissingAxioms=0,1,2,3,4,5,7,8,14,15,16,23,24,30,31,32,39,40,41,42,44,45,46,47,48,55,56,64,65,68,69,70,71,76,77,79
Step=44 PrevRays=   256 ResultRays=   244 RayPairs=      3120 NewAxiom=20 PrevAxioms=6,9,10,11,12,13,17,18,21,22,25,26,28,29,33,36,43,49,50,54,57,63,66,72,73,78,19,37,51,59,67,75,61,53,74,27,58,35,52,34,60,62,38,+20 MissingAxioms=0,1,2,3,4,5,7,8,14,15,16,23,24,30,31,32,39,40,41,42,44,45,46,47,48,55,56,64,65,68,69,70,71,76,77,79
Step=44 PrevRays=   226 ResultRays=   244 RayPairs=      1978 NewAxiom=21 PrevAxioms=6,9,10,11,12,13,17,18,20,22,25,26,28,29,33,36,43,49,50,54,57,63,66,72,73,78,19,37,51,67,35,38,53,61,75,52,27,74,34,60,62,58,59,+21 MissingAxioms=0,1,2,3,4,5,7,8,14,15,16,23,24,30,31,32,39,40,41,42,44,45,46,47,48,55,56,64,65,68,69,70,71,76,77,79
Step=44 PrevRays=   221 ResultRays=   244 RayPairs=       980 NewAxiom=22 PrevAxioms=6,9,10,11,12,13,17,18,20,25,26,28,29,33,36,38,43,49,50,54,57,63,66,72,73,78,19,21,37,27,59,75,61,53,74,35,52,60,34,67,51,62,58,+22 MissingAxioms=0,1,2,3,4,5,7,8,14,15,16,23,24,30,31,32,39,40,41,42,44,45,46,47,48,55,56,64,65,68,69,70,71,76,77,79
Step=44 PrevRays=   257 ResultRays=   244 RayPairs=      2640 NewAxiom=25 PrevAxioms=6,9,10,11,12,13,17,18,20,22,26,27,28,29,33,36,43,49,50,54,57,63,66,72,73,78,19,21,37,35,51,67,34,38,61,75,59,58,62,60,53,74,52,+25 MissingAxioms=0,1,2,3,4,5,7,8,14,15,16,23,24,30,31,32,39,40,41,42,44,45,46,47,48,55,56,64,65,68,69,70,71,76,77,79
Step=44 PrevRays=   209 ResultRays=   244 RayPairs=      1740 NewAxiom=26 PrevAxioms=6,9,10,11,12,13,17,18,20,22,25,28,29,33,34,36,43,49,50,54,57,63,66,72,73,78,19,21,37,27,59,75,61,53,38,74,67,51,58,62,60,35,52,+26 MissingAxioms=0,1,2,3,4,5,7,8,14,15,16,23,24,30,31,32,39,40,41,42,44,45,46,47,48,55,56,64,65,68,69,70,71,76,77,79
Step=44 PrevRays=   232 ResultRays=   244 RayPairs=      2100 NewAxiom=27 PrevAxioms=6,9,10,11,12,13,17,18,20,22,25,26,28,29,33,36,43,49,50,54,57,63,66,72,73,78,19,21,37,35,51,67,53,38,61,75,74,59,52,58,60,62,34,+27 MissingAxioms=0,1,2,3,4,5,7,8,14,15,16,23,24,30,31,32,39,40,41,42,44,45,46,47,48,55,56,64,65,68,69,70,71,76,77,79
Step=44 PrevRays=   199 ResultRays=   244 RayPairs=      1888 NewAxiom=28 PrevAxioms=6,9,10,11,12,13,17,18,20,22,25,26,29,33,36,37,43,49,50,54,57,63,66,72,73,78,19,21,53,61,75,67,74,35,38,51,27,34,59,58,62,60,52,+28 MissingAxioms=0,1,2,3,4,5,7,8,14,15,16,23,24,30,31,32,39,40,41,42,44,45,46,47,48,55,56,64,65,68,69,70,71,76,77,79
Step=44 PrevRays=   244 ResultRays=   244 RayPairs=      2356 NewAxiom=29 PrevAxioms=6,9,10,11,12,13,17,18,20,22,25,26,28,33,36,37,43,49,50,54,57,63,66,72,73,78,19,21,61,75,27,38,35,51,67,34,74,53,59,58,62,60,52,+29 MissingAxioms=0,1,2,3,4,5,7,8,14,15,16,23,24,30,31,32,39,40,41,42,44,45,46,47,48,55,56,64,65,68,69,70,71,76,77,79
Step=44 PrevRays=   247 ResultRays=   244 RayPairs=      2370 NewAxiom=33 PrevAxioms=6,9,10,11,12,13,17,18,20,22,25,26,28,29,34,36,43,49,50,54,57,63,66,72,73,78,19,21,37,27,59,35,38,53,67,51,58,62,60,75,74,61,52,+33 MissingAxioms=0,1,2,3,4,5,7,8,14,15,16,23,24,30,31,32,39,40,41,42,44,45,46,47,48,55,56,64,65,68,69,70,71,76,77,79
Step=44 PrevRays=   258 ResultRays=   244 RayPairs=      2728 NewAxiom=34 PrevAxioms=6,9,10,11,12,13,17,18,20,22,25,26,28,29,33,36,43,49,50,54,57,63,66,72,73,78,19,21,37,27,59,75,61,53,38,74,67,51,58,35,52,62,60,+34 MissingAxioms=0,1,2,3,4,5,7,8,14,15,16,23,24,30,31,32,39,40,41,42,44,45,46,47,48,55,56,64,65,68,69,70,71,76,77,79
Step=44 PrevRays=   234 ResultRays=   244 RayPairs=      1800 NewAxiom=35 PrevAxioms=6,9,10,11,12,13,17,18,20,22,25,26,28,29,33,36,43,49,50,54,57,63,66,72,73,78,19,21,37,27,59,75,61,53,38,74,67,51,58,52,60,62,34,+35 MissingAxioms=0,1,2,3,4,5,7,8,14,15,16,23,24,30,31,32,39,40,41,42,44,45,46,47,48,55,56,64,65,68,69,70,71,76,77,79
Step=44 PrevRays=   257 ResultRays=   244 RayPairs=      3219 NewAxiom=36 PrevAxioms=6,9,10,11,12,13,17,18,20,22,25,26,28,29,33,37,43,49,50,54,57,63,66,72,73,78,19,21,53,61,75,67,74,35,51,27,34,59,52,60,62,38,58,+36 MissingAxioms=0,1,2,3,4,5,7,8,14,15,16,23,24,30,31,32,39,40,41,42,44,45,46,47,48,55,56,64,65,68,69,70,71,76,77,79
Step=44 PrevRays=   247 ResultRays=   244 RayPairs=      1976 NewAxiom=37 PrevAxioms=6,9,10,11,12,13,17,18,20,22,25,26,28,29,33,36,43,49,50,54,57,63,66,72,73,78,19,21,53,35,67,38,51,27,34,59,58,62,60,75,74,61,52,+37 MissingAxioms=0,1,2,3,4,5,7,8,14,15,16,23,24,30,31,32,39,40,41,42,44,45,46,47,48,55,56,64,65,68,69,70,71,76,77,79
Step=44 PrevRays=   222 ResultRays=   244 RayPairs=       928 NewAxiom=38 PrevAxioms=6,9,10,11,12,13,17,18,20,22,25,26,28,29,33,36,43,49,50,54,57,63,66,72,73,78,19,21,37,27,59,75,61,53,74,35,52,60,62,34,67,51,58,+38 MissingAxioms=0,1,2,3,4,5,7,8,14,15,16,23,24,30,31,32,39,40,41,42,44,45,46,47,48,55,56,64,65,68,69,70,71,76,77,79
! VaryAxiom=43 NoInitialAxiomSet
Step=44 PrevRays=   271 ResultRays=   244 RayPairs=      2820 NewAxiom=49 PrevAxioms=6,9,10,11,12,13,17,18,20,22,25,26,28,29,33,36,43,50,51,54,57,63,66,72,73,78,19,21,37,27,59,75,58,61,74,38,67,53,35,34,62,60,52,+49 MissingAxioms=0,1,2,3,4,5,7,8,14,15,16,23,24,30,31,32,39,40,41,42,44,45,46,47,48,55,56,64,65,68,69,70,71,76,77,79
Step=44 PrevRays=   200 ResultRays=   244 RayPairs=      1575 NewAxiom=50 PrevAxioms=6,9,10,11,12,13,17,18,20,22,25,26,28,29,33,36,43,49,52,54,57,63,66,72,73,78,19,21,37,27,59,75,61,53,38,74,67,60,62,51,35,34,58,+50 MissingAxioms=0,1,2,3,4,5,7,8,14,15,16,23,24,30,31,32,39,40,41,42,44,45,46,47,48,55,56,64,65,68,69,70,71,76,77,79
Step=44 PrevRays=   256 ResultRays=   244 RayPairs=      2349 NewAxiom=51 PrevAxioms=6,9,10,11,12,13,17,18,20,22,25,26,28,29,33,36,43,49,50,54,57,63,66,72,73,78,19,21,37,27,59,75,61,53,38,74,67,58,35,34,62,60,52,+51 MissingAxioms=0,1,2,3,4,5,7,8,14,15,16,23,24,30,31,32,39,40,41,42,44,45,46,47,48,55,56,64,65,68,69,70,71,76,77,79
Step=44 PrevRays=   196 ResultRays=   244 RayPairs=      1800 NewAxiom=52 PrevAxioms=6,9,10,11,12,13,17,18,20,22,25,26,28,29,33,36,43,49,50,54,57,63,66,72,73,78,19,21,37,27,59,75,61,53,38,74,67,51,58,35,34,62,60,+52 MissingAxioms=0,1,2,3,4,5,7,8,14,15,16,23,24,30,31,32,39,40,41,42,44,45,46,47,48,55,56,64,65,68,69,70,71,76,77,79
Step=44 PrevRays=   242 ResultRays=   244 RayPairs=      2132 NewAxiom=53 PrevAxioms=6,9,10,11,12,13,17,18,20,22,25,26,28,29,33,36,43,49,50,54,57,63,66,72,73,78,19,21,37,27,59,75,61,74,38,51,67,58,35,34,62,60,52,+53 MissingAxioms=0,1,2,3,4,5,7,8,14,15,16,23,24,30,31,32,39,40,41,42,44,45,46,47,48,55,56,64,65,68,69,70,71,76,77,79
! VaryAxiom=54 NoInitialAxiomSet
Step=44 PrevRays=   247 ResultRays=   244 RayPairs=      2400 NewAxiom=57 PrevAxioms=6,9,10,11,12,13,17,18,20,22,25,26,28,29,33,36,43,49,50,54,58,63,66,72,73,78,19,21,37,27,75,35,38,53,67,74,51,59,34,62,60,61,52,+57 MissingAxioms=0,1,2,3,4,5,7,8,14,15,16,23,24,30,31,32,39,40,41,42,44,45,46,47,48,55,56,64,65,68,69,70,71,76,77,79
Step=44 PrevRays=   257 ResultRays=   244 RayPairs=      3311 NewAxiom=58 PrevAxioms=6,9,10,11,12,13,17,18,20,22,25,26,28,29,33,36,43,49,50,54,57,63,66,72,73,78,19,21,37,27,59,75,61,53,38,74,67,51,35,34,62,60,52,+58 MissingAxioms=0,1,2,3,4,5,7,8,14,15,16,23,24,30,31,32,39,40,41,42,44,45,46,47,48,55,56,64,65,68,69,70,71,76,77,79
Step=44 PrevRays=   229 ResultRays=   244 RayPairs=      1805 NewAxiom=59 PrevAxioms=6,9,10,11,12,13,17,18,20,22,25,26,28,29,33,36,43,49,50,54,57,63,66,72,73,78,19,21,37,27,61,75,35,38,53,67,74,51,34,52,60,62,58,+59 MissingAxioms=0,1,2,3,4,5,7,8,14,15,16,23,24,30,31,32,39,40,41,42,44,45,46,47,48,55,56,64,65,68,69,70,71,76,77,79
Step=44 PrevRays=   261 ResultRays=   244 RayPairs=      3403 NewAxiom=60 PrevAxioms=6,9,10,11,12,13,17,18,20,22,25,26,28,29,33,36,43,49,50,54,57,63,66,72,73,78,19,21,37,27,59,75,61,53,38,74,67,51,58,35,34,62,52,+60 MissingAxioms=0,1,2,3,4,5,7,8,14,15,16,23,24,30,31,32,39,40,41,42,44,45,46,47,48,55,56,64,65,68,69,70,71,76,77,79
Step=44 PrevRays=   248 ResultRays=   244 RayPairs=      1995 NewAxiom=61 PrevAxioms=6,9,10,11,12,13,17,18,20,22,25,26,28,29,33,36,43,49,50,54,57,63,66,72,73,78,19,21,37,27,59,75,53,38,74,67,51,58,35,34,62,60,52,+61 MissingAxioms=0,1,2,3,4,5,7,8,14,15,16,23,24,30,31,32,39,40,41,42,44,45,46,47,48,55,56,64,65,68,69,70,71,76,77,79
Step=44 PrevRays=   220 ResultRays=   244 RayPairs=       893 NewAxiom=62 PrevAxioms=6,9,10,11,12,13,17,18,20,22,25,26,28,29,33,36,43,49,50,54,57,63,66,72,73,78,19,21,37,27,59,75,61,53,38,74,67,51,58,35,34,60,52,+62 MissingAxioms=0,1,2,3,4,5,7,8,14,15,16,23,24,30,31,32,39,40,41,42,44,45,46,47,48,55,56,64,65,68,69,70,71,76,77,79
! VaryAxiom=63 NoInitialAxiomSet
Step=44 PrevRays=   223 ResultRays=   244 RayPairs=       735 NewAxiom=66 PrevAxioms=6,9,10,11,12,13,17,18,20,22,25,26,28,29,33,36,43,49,50,54,57,63,67,72,73,78,19,21,37,27,59,75,61,53,38,74,51,58,35,34,62,60,52,+66 MissingAxioms=0,1,2,3,4,5,7,8,14,15,16,23,24,30,31,32,39,40,41,42,44,45,46,47,48,55,56,64,65,68,69,70,71,76,77,79
Step=44 PrevRays=   223 ResultRays=   244 RayPairs=       748 NewAxiom=67 PrevAxioms=6,9,10,11,12,13,17,18,20,22,25,26,28,29,33,36,43,49,50,54,57,63,66,72,73,78,19,21,37,27,59,75,61,53,38,74,51,58,35,34,62,60,52,+67 MissingAxioms=0,1,2,3,4,5,7,8,14,15,16,23,24,30,31,32,39,40,41,42,44,45,46,47,48,55,56,64,65,68,69,70,71,76,77,79
! VaryAxiom=72 NoInitialAxiomSet
Step=44 PrevRays=   230 ResultRays=   244 RayPairs=      1813 NewAxiom=73 PrevAxioms=6,9,10,11,12,13,17,18,20,22,25,26,28,29,33,36,43,49,50,54,57,63,66,72,74,78,19,21,37,27,59,61,53,75,38,67,51,58,35,34,62,60,52,+73 MissingAxioms=0,1,2,3,4,5,7,8,14,15,16,23,24,30,31,32,39,40,41,42,44,45,46,47,48,55,56,64,65,68,69,70,71,76,77,79
Step=44 PrevRays=   230 ResultRays=   244 RayPairs=      1680 NewAxiom=74 PrevAxioms=6,9,10,11,12,13,17,18,20,22,25,26,28,29,33,36,43,49,50,54,57,63,66,72,73,78,19,21,37,27,59,75,61,53,38,67,51,58,35,34,62,60,52,+74 MissingAxioms=0,1,2,3,4,5,7,8,14,15,16,23,24,30,31,32,39,40,41,42,44,45,46,47,48,55,56,64,65,68,69,70,71,76,77,79
Step=44 PrevRays=   267 ResultRays=   244 RayPairs=      2046 NewAxiom=75 PrevAxioms=6,9,10,11,12,13,17,18,20,22,25,26,28,29,33,36,43,49,50,54,57,63,66,72,73,78,19,21,37,27,59,61,53,38,67,51,74,58,35,34,62,60,52,+75 MissingAxioms=0,1,2,3,4,5,7,8,14,15,16,23,24,30,31,32,39,40,41,42,44,45,46,47,48,55,56,64,65,68,69,70,71,76,77,79
! VaryAxiom=78 NoInitialAxiomSet

Ordered by number of ray pairs:
Step=44 ######........................ (min) Axiom66 24(1) - g1 f(1,2) + f(1,4) >= f(1) + f(1,2,4)
Step=44 #######....................... Axiom67 24(0,1) - g2 f(0,1,2) + f(0,1,4) >= f(0,1) + f(0,1,2,3,4)
Step=44 ########...................... Axiom62 14(2,3) - g2 f(1,2,3) + f(2,3,4) >= f(2,3) + f(0,1,2,3,4)
Step=44 ########...................... Axiom38 13(2,4) - g2 f(1,2,4) + f(2,3,4) >= f(0,1,2,3,4) + f(2,4)
Step=44 #########..................... Axiom22 12(3,4) - g2 f(1,3,4) + f(2,3,4) >= f(0,1,2,3,4) + f(3,4)
Step=44 ##############................ Axiom50 04(2) - g1 f(0,2) + f(2,4) >= f(2) + f(0,2,4)
Step=44 ##############................ Axiom10 02(3) - g1 f(0,3) + f(2,3) >= f(3) + f(0,2,3)
Step=44 ##############................ Axiom17 12(0) - g1 f(0,1) + f(0,2) >= f(0) + f(0,1,2)
Step=44 ###############............... Axiom12 02(4) - g1 f(0,4) + f(2,4) >= f(4) + f(0,2,4)
Step=44 ###############............... Axiom74 34(1) - g1 f(1,3) + f(1,4) >= f(1) + f(1,3,4)
Step=44 ###############............... Axiom26 03(2) - g1 f(0,2) + f(2,3) >= f(2) + f(0,2,3)
Step=44 ################.............. Axiom35 13(0,2) - g2 f(0,1,2) + f(0,2,3) >= f(0,2) + f(0,1,2,3,4)
Step=44 ################.............. Axiom52 04(3) - g1 f(0,3) + f(3,4) >= f(3) + f(0,3,4)
Step=44 ################.............. Axiom59 14(0,2) - g2 f(0,1,2) + f(0,2,4) >= f(0,2) + f(0,1,2,3,4)
Step=44 ################.............. Axiom73 34(0) - g1 f(0,3) + f(0,4) >= f(0) + f(0,3,4)
Step=44 #################............. Axiom28 03(4) - g1 f(0,4) + f(3,4) >= f(4) + f(0,3,4)
Step=44 #################............. Axiom37 13(0,4) - g2 f(0,1,4) + f(0,3,4) >= f(0,1,2,3,4) + f(0,4)
Step=44 #################............. Axiom21 12(0,4) - g2 f(0,1,4) + f(0,2,4) >= f(0,1,2,3,4) + f(0,4)
Step=44 ##################............ Axiom61 14(0,3) - g2 f(0,1,3) + f(0,3,4) >= f(0,3) + f(0,1,2,3,4)
Step=44 ##################............ Axiom75 34(0,1) - g2 f(0,1,3) + f(0,1,4) >= f(0,1) + f(0,1,2,3,4)
Step=44 ##################............ Axiom9 02(1) - g1 f(0,1) + f(1,2) >= f(1) + f(0,1,2)
Step=44 ###################........... Axiom27 03(1,2) - g2 f(0,1,2) + f(1,2,3) >= f(1,2) + f(0,1,2,3,4)
Step=44 ###################........... Axiom11 02(1,3) - g2 f(0,1,3) + f(1,2,3) >= f(1,3) + f(0,1,2,3,4)
Step=44 ###################........... Axiom19 12(0,3) - g2 f(0,1,3) + f(0,2,3) >= f(0,3) + f(0,1,2,3,4)
Step=44 ###################........... Axiom53 04(1,3) - g2 f(0,1,3) + f(1,3,4) >= f(1,3) + f(0,1,2,3,4)
Step=44 #####################......... Axiom51 04(1,2) - g2 f(0,1,2) + f(1,2,4) >= f(1,2) + f(0,1,2,3,4)
Step=44 #####################......... Axiom29 03(1,4) - g2 f(0,1,4) + f(1,3,4) >= f(0,1,2,3,4) + f(1,4)
Step=44 #####################......... Axiom33 13(0) - g1 f(0,1) + f(0,3) >= f(0) + f(0,1,3)
Step=44 #####################......... Axiom57 14(0) - g1 f(0,1) + f(0,4) >= f(0) + f(0,1,4)
Step=44 #######################....... Axiom13 02(1,4) - g2 f(0,1,4) + f(1,2,4) >= f(0,1,2,3,4) + f(1,4)
Step=44 #######################....... Axiom25 03(1) - g1 f(0,1) + f(1,3) >= f(1) + f(0,1,3)
Step=44 ########################...... Axiom34 13(2) - g1 f(1,2) + f(2,3) >= f(2) + f(1,2,3)
Step=44 #########################..... Axiom18 12(3) - g1 f(1,3) + f(2,3) >= f(3) + f(1,2,3)
Step=44 #########################..... Axiom49 04(1) - g1 f(0,1) + f(1,4) >= f(1) + f(0,1,4)
Step=44 ############################.. Axiom20 12(4) - g1 f(1,4) + f(2,4) >= f(4) + f(1,2,4)
Step=44 ############################.. Axiom36 13(4) - g1 f(1,4) + f(3,4) >= f(4) + f(1,3,4)
Step=44 #############################. Axiom58 14(2) - g1 f(1,2) + f(2,4) >= f(2) + f(1,2,4)
Step=44 ############################## Axiom60 14(3) - g1 f(1,3) + f(3,4) >= f(3) + f(1,3,4)

Ordered by number of previous rays:
Step=44 $$$$$$$$$$$$$$$$$$$$$$........ (min) Axiom52 04(3) - g1 f(0,3) + f(3,4) >= f(3) + f(0,3,4)
Step=44 $$$$$$$$$$$$$$$$$$$$$$........ Axiom28 03(4) - g1 f(0,4) + f(3,4) >= f(4) + f(0,3,4)
Step=44 $$$$$$$$$$$$$$$$$$$$$$........ Axiom50 04(2) - g1 f(0,2) + f(2,4) >= f(2) + f(0,2,4)
Step=44 $$$$$$$$$$$$$$$$$$$$$$$....... Axiom12 02(4) - g1 f(0,4) + f(2,4) >= f(4) + f(0,2,4)
Step=44 $$$$$$$$$$$$$$$$$$$$$$$....... Axiom26 03(2) - g1 f(0,2) + f(2,3) >= f(2) + f(0,2,3)
Step=44 $$$$$$$$$$$$$$$$$$$$$$$....... Axiom10 02(3) - g1 f(0,3) + f(2,3) >= f(3) + f(0,2,3)
Step=44 $$$$$$$$$$$$$$$$$$$$$$$....... Axiom17 12(0) - g1 f(0,1) + f(0,2) >= f(0) + f(0,1,2)
Step=44 $$$$$$$$$$$$$$$$$$$$$$$$...... Axiom62 14(2,3) - g2 f(1,2,3) + f(2,3,4) >= f(2,3) + f(0,1,2,3,4)
Step=44 $$$$$$$$$$$$$$$$$$$$$$$$...... Axiom22 12(3,4) - g2 f(1,3,4) + f(2,3,4) >= f(0,1,2,3,4) + f(3,4)
Step=44 $$$$$$$$$$$$$$$$$$$$$$$$$..... Axiom38 13(2,4) - g2 f(1,2,4) + f(2,3,4) >= f(0,1,2,3,4) + f(2,4)
Step=44 $$$$$$$$$$$$$$$$$$$$$$$$$..... Axiom66 24(1) - g1 f(1,2) + f(1,4) >= f(1) + f(1,2,4)
Step=44 $$$$$$$$$$$$$$$$$$$$$$$$$..... Axiom67 24(0,1) - g2 f(0,1,2) + f(0,1,4) >= f(0,1) + f(0,1,2,3,4)
Step=44 $$$$$$$$$$$$$$$$$$$$$$$$$..... Axiom21 12(0,4) - g2 f(0,1,4) + f(0,2,4) >= f(0,1,2,3,4) + f(0,4)
Step=44 $$$$$$$$$$$$$$$$$$$$$$$$$..... Axiom59 14(0,2) - g2 f(0,1,2) + f(0,2,4) >= f(0,2) + f(0,1,2,3,4)
Step=44 $$$$$$$$$$$$$$$$$$$$$$$$$..... Axiom73 34(0) - g1 f(0,3) + f(0,4) >= f(0) + f(0,3,4)
Step=44 $$$$$$$$$$$$$$$$$$$$$$$$$..... Axiom74 34(1) - g1 f(1,3) + f(1,4) >= f(1) + f(1,3,4)
Step=44 $$$$$$$$$$$$$$$$$$$$$$$$$$.... Axiom27 03(1,2) - g2 f(0,1,2) + f(1,2,3) >= f(1,2) + f(0,1,2,3,4)
Step=44 $$$$$$$$$$$$$$$$$$$$$$$$$$.... Axiom11 02(1,3) - g2 f(0,1,3) + f(1,2,3) >= f(1,3) + f(0,1,2,3,4)
Step=44 $$$$$$$$$$$$$$$$$$$$$$$$$$.... Axiom19 12(0,3) - g2 f(0,1,3) + f(0,2,3) >= f(0,3) + f(0,1,2,3,4)
Step=44 $$$$$$$$$$$$$$$$$$$$$$$$$$.... Axiom35 13(0,2) - g2 f(0,1,2) + f(0,2,3) >= f(0,2) + f(0,1,2,3,4)
Step=44 $$$$$$$$$$$$$$$$$$$$$$$$$$$... Axiom53 04(1,3) - g2 f(0,1,3) + f(1,3,4) >= f(1,3) + f(0,1,2,3,4)
Step=44 $$$$$$$$$$$$$$$$$$$$$$$$$$$... Axiom29 03(1,4) - g2 f(0,1,4) + f(1,3,4) >= f(0,1,2,3,4) + f(1,4)
Step=44 $$$$$$$$$$$$$$$$$$$$$$$$$$$... Axiom33 13(0) - g1 f(0,1) + f(0,3) >= f(0) + f(0,1,3)
Step=44 $$$$$$$$$$$$$$$$$$$$$$$$$$$... Axiom37 13(0,4) - g2 f(0,1,4) + f(0,3,4) >= f(0,1,2,3,4) + f(0,4)
Step=44 $$$$$$$$$$$$$$$$$$$$$$$$$$$... Axiom57 14(0) - g1 f(0,1) + f(0,4) >= f(0) + f(0,1,4)
Step=44 $$$$$$$$$$$$$$$$$$$$$$$$$$$... Axiom61 14(0,3) - g2 f(0,1,3) + f(0,3,4) >= f(0,3) + f(0,1,2,3,4)
Step=44 $$$$$$$$$$$$$$$$$$$$$$$$$$$$.. Axiom20 12(4) - g1 f(1,4) + f(2,4) >= f(4) + f(1,2,4)
Step=44 $$$$$$$$$$$$$$$$$$$$$$$$$$$$.. Axiom51 04(1,2) - g2 f(0,1,2) + f(1,2,4) >= f(1,2) + f(0,1,2,3,4)
Step=44 $$$$$$$$$$$$$$$$$$$$$$$$$$$$.. Axiom25 03(1) - g1 f(0,1) + f(1,3) >= f(1) + f(0,1,3)
Step=44 $$$$$$$$$$$$$$$$$$$$$$$$$$$$.. Axiom36 13(4) - g1 f(1,4) + f(3,4) >= f(4) + f(1,3,4)
Step=44 $$$$$$$$$$$$$$$$$$$$$$$$$$$$.. Axiom58 14(2) - g1 f(1,2) + f(2,4) >= f(2) + f(1,2,4)
Step=44 $$$$$$$$$$$$$$$$$$$$$$$$$$$$$. Axiom34 13(2) - g1 f(1,2) + f(2,3) >= f(2) + f(1,2,3)
Step=44 $$$$$$$$$$$$$$$$$$$$$$$$$$$$$. Axiom9 02(1) - g1 f(0,1) + f(1,2) >= f(1) + f(0,1,2)
Step=44 $$$$$$$$$$$$$$$$$$$$$$$$$$$$$. Axiom13 02(1,4) - g2 f(0,1,4) + f(1,2,4) >= f(0,1,2,3,4) + f(1,4)
Step=44 $$$$$$$$$$$$$$$$$$$$$$$$$$$$$. Axiom60 14(3) - g1 f(1,3) + f(3,4) >= f(3) + f(1,3,4)
Step=44 $$$$$$$$$$$$$$$$$$$$$$$$$$$$$. Axiom18 12(3) - g1 f(1,3) + f(2,3) >= f(3) + f(1,2,3)
Step=44 $$$$$$$$$$$$$$$$$$$$$$$$$$$$$$ Axiom75 34(0,1) - g2 f(0,1,3) + f(0,1,4) >= f(0,1) + f(0,1,2,3,4)
Step=44 $$$$$$$$$$$$$$$$$$$$$$$$$$$$$$ Axiom49 04(1) - g1 f(0,1) + f(1,4) >= f(1) + f(0,1,4)
