Step=80 PrevRays=111712 ResultRays=117978 RayPairs=1087109287 NewAxiom=0 PrevAxioms=1,2,3,4,5,6,7,8,9,10,12,14,16,18,20,22,24,28,32,36,40,44,48,56,64,72,11,13,15,17,19,21,23,52,60,68,73,74,76,29,31,34,35,46,33,47,54,55,27,51,53,38,37,62,70,75,71,58,61,78,79,43,67,41,63,69,65,45,26,66,39,59,77,57,50,42,49,30,25,+0 MissingAxioms= TotalTime=322.0
Step=80 PrevRays=122642 ResultRays=117978 RayPairs=1844339044 NewAxiom=1 PrevAxioms=0,2,3,4,5,6,7,8,9,10,12,14,16,18,20,22,24,28,32,36,40,44,48,56,64,72,11,13,15,17,19,21,23,52,60,68,73,74,25,76,37,39,27,45,42,47,46,33,53,55,61,63,49,30,75,31,51,70,71,34,78,79,43,66,69,57,58,35,41,26,67,38,65,77,62,54,50,29,59,+1 MissingAxioms= TotalTime=325.9
Step=80 PrevRays=122642 ResultRays=117978 RayPairs=1844339044 NewAxiom=2 PrevAxioms=0,1,3,4,5,6,7,8,10,11,12,14,16,18,20,22,24,28,32,36,40,44,48,56,64,72,9,13,15,17,19,21,23,52,60,68,73,74,76,29,31,34,35,46,47,33,30,69,41,71,43,37,65,50,53,67,39,54,77,79,62,51,26,42,55,63,59,75,57,70,38,58,45,78,49,25,66,61,27,+2 MissingAxioms= TotalTime=465.2
Step=80 PrevRays=122642 ResultRays=117978 RayPairs=1844339044 NewAxiom=3 PrevAxioms=0,1,2,4,5,6,7,8,10,11,12,14,16,18,20,22,24,28,32,36,40,44,48,56,64,72,9,13,15,17,19,21,23,52,60,68,73,74,53,76,61,45,26,47,63,25,41,43,46,54,69,71,33,37,67,75,70,79,35,65,66,27,42,57,29,31,30,78,49,38,39,51,77,59,55,62,58,34,50,+3 MissingAxioms= TotalTime=316.4
Step=80 PrevRays=122642 ResultRays=117978 RayPairs=1844339044 NewAxiom=4 PrevAxioms=0,1,2,3,5,6,7,8,10,12,13,14,16,18,20,22,24,28,32,36,40,44,48,56,64,72,9,11,15,17,19,21,23,52,60,68,73,74,76,30,31,33,35,29,46,47,34,41,45,62,70,71,61,26,39,43,25,53,55,67,27,65,49,75,79,77,42,50,38,63,59,54,37,57,58,78,66,69,51,+4 MissingAxioms= TotalTime=428.7
Step=80 PrevRays=122642 ResultRays=117978 RayPairs=1844339044 NewAxiom=5 PrevAxioms=0,1,2,3,4,6,7,8,10,12,13,14,16,18,20,22,24,28,32,36,40,44,48,56,64,72,9,11,15,17,19,21,23,52,60,68,73,74,29,76,37,45,47,25,27,46,39,26,30,53,55,43,70,71,67,61,62,54,66,33,75,79,35,77,58,31,78,50,69,63,57,59,38,65,51,34,41,42,49,+5 MissingAxioms= TotalTime=362.1
Step=80 PrevRays=122642 ResultRays=117978 RayPairs=1844339044 NewAxiom=6 PrevAxioms=0,1,2,3,4,5,7,8,10,12,14,15,16,18,20,22,24,28,32,36,40,44,48,56,64,72,9,11,13,17,19,21,23,52,60,68,73,74,76,30,31,33,35,46,29,34,47,45,62,70,71,43,63,67,78,25,54,55,75,79,69,27,65,51,50,26,38,39,77,37,41,61,58,57,53,66,59,42,49,+6 MissingAxioms= TotalTime=362.6
Step=80 PrevRays=111712 ResultRays=117978 RayPairs=1087109287 NewAxiom=7 PrevAxioms=0,1,2,3,4,5,6,8,10,12,14,15,16,18,20,22,24,28,32,36,40,44,48,56,64,72,9,11,13,17,19,21,23,52,60,68,73,74,76,29,62,31,70,71,49,61,51,57,58,37,39,66,67,47,43,42,25,75,79,45,69,53,59,41,63,46,34,55,78,27,26,35,77,50,30,38,54,65,33,+7 MissingAxioms= TotalTime=314.6
Step=80 PrevRays=111712 ResultRays=117978 RayPairs=1087109287 NewAxiom=8 PrevAxioms=0,1,2,3,4,5,6,7,9,10,12,14,16,18,20,22,24,28,32,36,40,44,48,56,64,72,11,13,15,17,19,21,23,52,60,68,73,74,76,29,31,33,35,46,47,34,30,38,37,69,71,70,27,61,63,55,57,51,42,43,66,58,78,79,39,59,26,25,77,75,67,45,62,41,54,49,65,53,50,+8 MissingAxioms= TotalTime=365.2
Step=80 PrevRays=122642 ResultRays=117978 RayPairs=1844339044 NewAxiom=9 PrevAxioms=0,1,2,3,4,5,6,7,8,10,12,14,16,18,20,22,24,28,32,36,40,44,48,56,64,72,11,13,15,17,19,21,23,52,60,68,73,74,41,29,76,31,43,38,33,37,70,71,26,25,62,63,61,35,55,57,65,54,49,75,39,59,58,66,78,30,45,47,79,27,34,42,77,46,53,50,67,69,51,+9 MissingAxioms= TotalTime=405.2
Step=80 PrevRays=122642 ResultRays=117978 RayPairs=1844339044 NewAxiom=10 PrevAxioms=0,1,2,3,4,5,6,7,8,11,12,14,16,18,20,22,24,28,32,36,40,44,48,56,64,72,9,13,15,17,19,21,23,52,60,68,73,74,76,29,31,33,35,46,47,34,30,61,63,53,55,50,65,39,59,67,62,54,77,79,57,26,27,58,37,45,69,41,51,25,71,70,38,43,78,66,75,42,49,+10 MissingAxioms= TotalTime=416.7
Step=80 PrevRays=122642 ResultRays=117978 RayPairs=1844339044 NewAxiom=11 PrevAxioms=0,1,2,3,4,5,6,7,8,10,12,14,16,18,20,22,24,28,32,36,40,44,48,56,64,72,9,13,15,17,19,21,23,52,60,68,73,74,54,76,69,37,25,39,71,26,33,35,38,53,61,63,41,45,59,77,62,79,43,57,58,27,34,65,30,31,29,78,50,46,47,51,75,67,55,70,66,42,49,+11 MissingAxioms= TotalTime=317.1
Step=80 PrevRays=122642 ResultRays=117978 RayPairs=1844339044 NewAxiom=12 PrevAxioms=0,1,2,3,4,5,6,7,8,10,13,14,16,18,20,22,24,28,32,36,40,44,48,56,64,72,9,11,15,17,19,21,23,52,60,68,73,74,76,29,31,33,35,30,46,47,34,69,71,43,61,53,63,54,39,59,67,45,65,77,79,50,51,58,38,62,26,57,37,41,66,55,27,70,75,25,78,49,42,+12 MissingAxioms= TotalTime=452.8
Step=80 PrevRays=122642 ResultRays=117978 RayPairs=1844339044 NewAxiom=13 PrevAxioms=0,1,2,3,4,5,6,7,8,10,12,14,16,18,20,22,24,28,32,36,40,44,48,56,64,72,9,11,15,17,19,21,23,52,60,68,73,74,30,76,45,37,39,25,27,38,47,26,29,54,55,35,62,63,59,69,70,53,58,41,77,79,43,75,66,31,78,49,61,71,65,67,46,57,51,42,33,34,50,+13 MissingAxioms= TotalTime=409.3
Step=80 PrevRays=122642 ResultRays=117978 RayPairs=1844339044 NewAxiom=14 PrevAxioms=0,1,2,3,4,5,6,7,8,10,12,15,16,18,20,22,24,28,32,36,40,44,48,56,64,72,9,11,13,17,19,21,23,52,60,68,73,74,76,29,31,33,35,46,47,34,30,61,53,55,27,62,51,38,37,58,66,78,79,45,67,25,26,39,77,41,63,43,54,71,75,59,42,49,50,69,57,70,65,+14 MissingAxioms= TotalTime=420.3
Step=80 PrevRays=111712 ResultRays=117978 RayPairs=1087109287 NewAxiom=15 PrevAxioms=0,1,2,3,4,5,6,7,8,10,12,14,16,18,20,22,24,28,32,36,40,44,48,56,64,72,9,11,13,17,19,21,23,52,60,68,73,74,76,30,61,45,47,62,49,63,50,69,71,65,67,31,43,77,57,54,55,75,79,59,51,42,34,35,66,39,38,46,78,27,25,37,53,33,41,29,70,58,26,+15 MissingAxioms= TotalTime=328.1
Step=80 PrevRays=111712 ResultRays=117978 RayPairs=1087109287 NewAxiom=16 PrevAxioms=0,1,2,3,4,5,6,7,8,10,12,14,17,18,20,22,24,28,32,36,40,44,48,56,64,72,9,11,13,15,19,21,23,52,60,68,73,74,76,29,31,33,35,46,34,47,54,55,27,51,62,70,63,69,30,42,78,79,43,50,38,61,39,77,59,65,67,71,75,57,37,53,41,49,25,66,45,26,58,+16 MissingAxioms= TotalTime=378.2
Step=80 PrevRays=122642 ResultRays=117978 RayPairs=1844339044 NewAxiom=17 PrevAxioms=0,1,2,3,4,5,6,7,8,10,12,14,16,18,20,22,24,28,32,36,40,44,48,56,64,72,9,11,13,15,19,21,23,52,60,68,73,74,42,29,34,31,43,49,76,30,61,63,57,39,69,71,37,54,53,75,38,47,67,33,45,79,55,70,51,66,35,41,27,58,65,26,78,77,25,50,59,46,62,+17 MissingAxioms= TotalTime=391.7
Step=80 PrevRays=122642 ResultRays=117978 RayPairs=1844339044 NewAxiom=18 PrevAxioms=0,1,2,3,4,5,6,7,8,10,12,14,16,19,20,22,24,28,32,36,40,44,48,56,64,72,9,11,13,15,17,21,23,52,60,68,73,74,76,29,31,33,35,46,47,34,30,69,71,25,61,63,27,53,54,42,43,67,65,41,45,37,57,75,79,66,55,62,39,59,51,78,77,58,50,26,49,70,38,+18 MissingAxioms= TotalTime=447.6
Step=80 PrevRays=122642 ResultRays=117978 RayPairs=1844339044 NewAxiom=19 PrevAxioms=0,1,2,3,4,5,6,7,8,10,12,14,16,18,20,22,24,28,32,36,40,44,48,56,64,72,9,11,13,15,17,21,23,52,60,68,73,74,62,76,70,29,31,33,71,34,25,27,30,61,53,55,42,46,51,78,54,79,43,49,50,35,26,66,38,39,37,77,58,45,47,59,75,67,63,69,65,41,57,+19 MissingAxioms= TotalTime=314.7
Step=80 PrevRays=122642 ResultRays=117978 RayPairs=1844339044 NewAxiom=20 PrevAxioms=0,1,2,3,4,5,6,7,8,10,12,14,16,18,21,22,24,28,32,36,40,44,48,56,64,72,9,11,13,15,17,19,23,52,60,68,73,74,76,29,31,33,35,30,45,47,34,46,37,39,62,38,61,26,25,53,55,41,43,70,71,27,75,79,67,69,63,58,57,54,78,51,77,50,49,42,66,65,59,+20 MissingAxioms= TotalTime=350.5
Step=80 PrevRays=122642 ResultRays=117978 RayPairs=1844339044 NewAxiom=21 PrevAxioms=0,1,2,3,4,5,6,7,8,10,12,14,16,18,20,22,24,28,32,36,40,44,48,56,64,72,9,11,13,15,17,19,23,52,60,68,73,74,38,76,46,29,31,33,35,30,47,34,37,62,63,27,54,55,51,70,69,61,50,42,78,79,43,75,65,39,77,57,53,71,66,67,45,49,59,41,25,26,58,+21 MissingAxioms= TotalTime=369.0
Step=80 PrevRays=122642 ResultRays=117978 RayPairs=1844339044 NewAxiom=22 PrevAxioms=0,1,2,3,4,5,6,7,8,10,12,14,16,18,20,23,24,28,32,36,40,44,48,56,64,72,9,11,13,15,17,19,21,52,60,68,73,74,76,29,31,33,35,30,45,47,34,46,61,53,55,27,63,51,75,42,69,71,78,79,54,43,50,67,65,41,37,39,77,38,26,62,57,58,70,49,59,25,66,+22 MissingAxioms= TotalTime=358.9
Step=80 PrevRays=111712 ResultRays=117978 RayPairs=1087109287 NewAxiom=23 PrevAxioms=0,1,2,3,4,5,6,7,8,10,12,14,16,18,20,22,24,28,32,36,40,44,48,56,64,72,9,11,13,15,17,19,21,52,60,68,73,74,76,38,53,46,47,54,57,55,58,70,71,66,67,39,43,78,49,62,63,75,79,51,59,41,26,27,65,31,30,45,77,35,33,29,61,25,42,37,69,50,34,+23 MissingAxioms= TotalTime=328.3
Step=80 PrevRays=111712 ResultRays=117978 RayPairs=1087109287 NewAxiom=24 PrevAxioms=0,1,2,3,4,5,6,7,8,10,12,14,16,18,20,22,25,28,32,36,40,44,48,56,64,72,9,11,13,15,17,19,21,23,60,68,74,76,26,29,37,27,31,42,38,43,30,39,41,45,47,70,46,69,57,49,34,53,62,75,71,55,35,66,78,51,79,77,63,54,61,58,59,67,52,73,50,65,33,+24 MissingAxioms= TotalTime=267.2
Step=80 PrevRays=122642 ResultRays=117978 RayPairs=1844339044 NewAxiom=25 PrevAxioms=0,1,2,3,4,5,6,7,8,10,12,14,16,18,20,22,24,28,32,36,40,44,48,56,64,72,9,11,13,15,17,19,21,23,52,60,68,73,74,76,29,31,33,35,46,47,34,30,69,71,43,67,61,53,63,54,37,57,65,39,45,50,77,79,59,62,51,58,26,38,70,55,41,66,27,78,75,42,49,+25 MissingAxioms= TotalTime=376.3
Step=80 PrevRays=122642 ResultRays=117978 RayPairs=1844339044 NewAxiom=26 PrevAxioms=0,1,2,3,4,5,6,7,8,10,12,14,16,18,20,22,24,28,32,36,40,44,48,56,64,72,9,11,13,15,17,19,21,23,52,60,68,73,74,76,29,31,33,35,46,47,34,30,69,71,43,67,61,53,63,54,25,75,79,27,65,37,45,57,62,39,55,50,77,59,51,58,70,38,41,42,66,78,49,+26 MissingAxioms= TotalTime=385.0
Step=80 PrevRays=122642 ResultRays=117978 RayPairs=1844339044 NewAxiom=27 PrevAxioms=0,1,2,3,4,5,6,7,8,10,12,14,16,18,20,22,24,28,32,36,40,44,48,56,64,72,9,11,13,15,17,19,21,23,52,60,68,73,74,76,29,31,33,35,46,47,34,30,69,71,43,67,61,53,63,54,25,75,79,65,37,45,39,50,77,51,26,62,55,59,58,66,70,78,38,49,42,57,41,+27 MissingAxioms= TotalTime=396.6
Step=80 PrevRays=122642 ResultRays=117978 RayPairs=1844339044 NewAxiom=28 PrevAxioms=0,1,2,3,4,5,6,7,8,10,12,14,16,18,20,22,24,29,32,36,40,44,48,56,64,72,9,11,13,15,17,19,21,23,60,68,74,76,25,30,38,26,31,46,27,39,41,43,47,42,37,70,71,35,62,63,77,79,59,34,75,67,57,49,53,55,65,73,45,33,50,54,52,51,61,58,78,69,66,+28 MissingAxioms= TotalTime=387.2
Step=80 PrevRays=122642 ResultRays=117978 RayPairs=1844339044 NewAxiom=29 PrevAxioms=0,1,2,3,4,5,6,7,8,10,12,14,16,18,20,22,24,28,32,36,40,44,48,56,64,72,9,11,13,15,17,19,21,23,52,60,68,73,74,76,30,31,33,35,46,34,45,47,61,53,55,27,62,51,70,71,50,42,54,78,79,43,63,65,66,39,77,59,37,25,75,49,38,67,26,58,69,57,41,+29 MissingAxioms= TotalTime=465.6
Step=80 PrevRays=122642 ResultRays=117978 RayPairs=1844339044 NewAxiom=30 PrevAxioms=0,1,2,3,4,5,6,7,8,10,12,14,16,18,20,22,24,28,32,36,40,44,48,56,64,72,9,11,13,15,17,19,21,23,52,60,68,73,74,76,29,31,33,35,46,47,34,45,54,55,27,51,62,70,63,69,42,78,79,43,50,38,26,53,58,71,61,37,39,59,66,25,49,67,77,65,75,57,41,+30 MissingAxioms= TotalTime=403.0
Step=80 PrevRays=111712 ResultRays=117978 RayPairs=1087109287 NewAxiom=31 PrevAxioms=0,1,2,3,4,5,6,7,8,10,12,14,16,18,20,22,24,28,32,36,40,44,48,56,64,72,9,11,13,15,17,19,21,23,52,60,68,73,74,76,29,62,63,41,42,37,39,30,34,35,61,71,26,59,27,54,53,50,55,57,69,43,77,79,58,38,70,45,47,65,67,33,49,51,46,66,75,25,78,+31 MissingAxioms= TotalTime=306.7
Step=80 PrevRays=111712 ResultRays=117978 RayPairs=1087109287 NewAxiom=32 PrevAxioms=0,1,2,3,4,5,6,7,8,10,12,14,16,18,20,22,24,28,33,36,40,44,48,56,64,72,9,11,13,15,17,19,21,23,52,68,73,76,34,37,29,35,39,41,30,43,38,31,42,46,47,69,45,70,49,57,26,61,54,75,71,63,27,65,77,59,79,78,55,62,53,50,51,67,60,74,58,66,25,+32 MissingAxioms= TotalTime=269.4
Step=80 PrevRays=122642 ResultRays=117978 RayPairs=1844339044 NewAxiom=33 PrevAxioms=0,1,2,3,4,5,6,7,8,10,12,14,16,18,20,22,24,28,32,36,40,44,48,56,64,72,9,11,13,15,17,19,21,23,52,60,68,73,74,76,29,31,34,35,46,47,30,41,61,42,63,53,55,71,69,26,27,51,50,38,37,70,78,79,43,66,25,39,49,67,58,59,77,57,62,75,45,54,65,+33 MissingAxioms= TotalTime=435.1
Step=80 PrevRays=122642 ResultRays=117978 RayPairs=1844339044 NewAxiom=34 PrevAxioms=0,1,2,3,4,5,6,7,8,10,12,14,16,18,20,22,24,28,32,36,40,44,48,56,64,72,9,11,13,15,17,19,21,23,52,60,68,73,74,76,29,31,33,35,46,47,30,41,62,70,71,63,25,43,26,67,69,53,55,65,78,77,50,66,61,57,37,75,79,39,59,38,58,27,51,42,49,54,45,+34 MissingAxioms= TotalTime=360.6
Step=80 PrevRays=122642 ResultRays=117978 RayPairs=1844339044 NewAxiom=35 PrevAxioms=0,1,2,3,4,5,6,7,8,10,12,14,16,18,20,22,24,28,32,36,40,44,48,56,64,72,9,11,13,15,17,19,21,23,52,60,68,73,74,76,29,31,33,34,46,47,30,41,43,62,70,71,61,37,67,57,49,51,65,38,75,79,59,42,69,39,53,55,27,50,63,54,45,77,78,58,26,66,25,+35 MissingAxioms= TotalTime=423.9
Step=80 PrevRays=122642 ResultRays=117978 RayPairs=1844339044 NewAxiom=36 PrevAxioms=0,1,2,3,4,5,6,7,8,10,12,14,16,18,20,22,24,28,32,37,40,44,48,56,64,72,9,11,13,15,17,19,21,23,52,68,73,76,33,38,30,34,39,45,35,31,41,47,42,29,69,71,26,27,54,55,51,79,43,78,75,67,49,57,61,63,66,74,46,25,58,62,60,59,53,50,77,70,65,+36 MissingAxioms= TotalTime=389.7
Step=80 PrevRays=122642 ResultRays=117978 RayPairs=1844339044 NewAxiom=37 PrevAxioms=0,1,2,3,4,5,6,7,8,10,12,14,16,18,20,22,24,28,32,36,40,44,48,56,64,72,9,11,13,15,17,19,21,23,52,60,68,73,74,76,29,31,33,35,46,47,34,30,69,71,43,67,61,53,63,54,25,75,79,27,65,45,39,77,59,62,50,55,51,26,70,58,78,66,57,38,41,49,42,+37 MissingAxioms= TotalTime=456.1
Step=80 PrevRays=122642 ResultRays=117978 RayPairs=1844339044 NewAxiom=38 PrevAxioms=0,1,2,3,4,5,6,7,8,10,12,14,16,18,20,22,24,28,32,36,40,44,48,56,64,72,9,11,13,15,17,19,21,23,52,60,68,73,74,76,29,31,33,35,46,47,34,30,69,71,43,67,61,53,63,54,25,75,79,27,65,37,45,57,62,39,55,50,77,59,51,58,70,78,26,66,41,49,42,+38 MissingAxioms= TotalTime=393.5
Step=80 PrevRays=111712 ResultRays=117978 RayPairs=1087109287 NewAxiom=39 PrevAxioms=0,1,2,3,4,5,6,7,8,10,12,14,16,18,20,22,24,28,32,36,40,44,48,56,64,72,9,11,13,15,17,19,21,23,52,60,68,73,74,76,29,31,33,35,46,47,34,30,69,71,43,67,61,53,63,54,25,75,79,27,65,37,45,57,62,55,50,38,58,70,49,51,26,66,41,42,59,78,77,+39 MissingAxioms= TotalTime=355.4
Step=80 PrevRays=111712 ResultRays=117978 RayPairs=1087109287 NewAxiom=40 PrevAxioms=0,1,2,3,4,5,6,7,8,10,12,14,16,18,20,22,24,28,32,36,41,44,48,56,64,72,9,11,13,15,17,19,21,23,52,60,73,74,42,45,30,33,43,47,29,35,46,31,34,38,39,61,37,62,50,65,25,69,53,77,63,71,27,57,75,67,79,78,55,70,54,49,51,59,68,76,66,58,26,+40 MissingAxioms= TotalTime=269.6
Step=80 PrevRays=122642 ResultRays=117978 RayPairs=1844339044 NewAxiom=41 PrevAxioms=0,1,2,3,4,5,6,7,8,10,12,14,16,18,20,22,24,28,32,36,40,44,48,56,64,72,9,11,13,15,17,19,21,23,52,60,68,73,74,76,29,31,33,35,46,47,34,30,69,71,43,67,61,53,63,54,25,75,79,27,65,37,45,57,62,39,55,50,77,59,51,58,70,38,26,78,66,42,49,+41 MissingAxioms= TotalTime=382.3
Step=80 PrevRays=122642 ResultRays=117978 RayPairs=1844339044 NewAxiom=42 PrevAxioms=0,1,2,3,4,5,6,7,8,10,12,14,16,18,20,22,24,28,32,36,40,44,48,56,64,72,9,11,13,15,17,19,21,23,52,60,68,73,74,76,29,31,33,35,46,47,34,30,69,71,43,67,61,53,63,54,25,75,79,27,65,37,45,57,62,39,55,50,77,59,51,58,70,38,26,41,66,78,49,+42 MissingAxioms= TotalTime=381.0
Step=80 PrevRays=122642 ResultRays=117978 RayPairs=1844339044 NewAxiom=43 PrevAxioms=0,1,2,3,4,5,6,7,8,10,12,14,16,18,20,22,24,28,32,36,40,44,48,56,64,72,9,11,13,15,17,19,21,23,52,60,68,73,74,76,29,31,33,35,46,47,34,30,69,71,41,37,61,63,39,59,75,54,53,26,77,79,27,67,62,57,55,58,38,70,78,49,50,42,45,51,65,25,66,+43 MissingAxioms= TotalTime=453.8
Step=80 PrevRays=122642 ResultRays=117978 RayPairs=1844339044 NewAxiom=44 PrevAxioms=0,1,2,3,4,5,6,7,8,10,12,14,16,18,20,22,24,28,32,36,40,45,48,56,64,72,9,11,13,15,17,19,21,23,52,60,73,74,41,46,29,42,47,37,43,31,33,39,34,30,61,63,25,27,53,55,51,79,35,78,77,59,50,65,69,71,58,76,38,26,66,70,68,67,54,49,75,62,57,+44 MissingAxioms= TotalTime=383.8
Step=80 PrevRays=122642 ResultRays=117978 RayPairs=1844339044 NewAxiom=45 PrevAxioms=0,1,2,3,4,5,6,7,8,10,12,14,16,18,20,22,24,28,32,36,40,44,48,56,64,72,9,11,13,15,17,19,21,23,52,60,68,73,74,76,29,31,33,35,46,47,34,30,69,71,43,67,61,53,63,54,25,75,79,27,65,37,41,70,57,55,62,38,39,59,49,42,66,51,77,50,78,58,26,+45 MissingAxioms= TotalTime=403.5
Step=80 PrevRays=122642 ResultRays=117978 RayPairs=1844339044 NewAxiom=46 PrevAxioms=0,1,2,3,4,5,6,7,8,10,12,14,16,18,20,22,24,28,32,36,40,44,48,56,64,72,9,11,13,15,17,19,21,23,52,60,68,73,74,76,29,31,33,35,30,45,47,34,62,70,71,43,61,67,53,55,65,25,69,75,79,27,63,50,49,39,77,59,38,42,78,66,37,51,41,57,54,58,26,+46 MissingAxioms= TotalTime=471.1
Step=80 PrevRays=111712 ResultRays=117978 RayPairs=1087109287 NewAxiom=47 PrevAxioms=0,1,2,3,4,5,6,7,8,10,12,14,16,18,20,22,24,28,32,36,40,44,48,56,64,72,9,11,13,15,17,19,21,23,52,60,68,73,74,76,29,31,33,35,46,34,30,45,62,70,71,43,61,53,55,69,25,75,57,79,27,67,65,37,41,49,42,54,63,66,39,59,51,38,50,77,78,58,26,+47 MissingAxioms= TotalTime=337.9
Step=80 PrevRays=111712 ResultRays=117978 RayPairs=1087109287 NewAxiom=48 PrevAxioms=0,1,2,3,4,5,6,7,8,10,12,14,16,18,20,22,24,28,32,36,40,44,49,56,64,72,9,11,13,15,17,19,21,23,60,68,73,74,76,50,38,51,69,71,42,46,39,34,61,63,37,30,31,70,41,26,78,45,77,54,55,27,79,43,35,59,25,47,67,66,58,52,53,29,33,65,75,62,57,+48 MissingAxioms= TotalTime=350.4
Step=80 PrevRays=122642 ResultRays=117978 RayPairs=1844339044 NewAxiom=49 PrevAxioms=0,1,2,3,4,5,6,7,8,10,12,14,16,18,20,22,24,28,32,36,40,44,48,56,64,72,9,11,13,15,17,19,21,23,52,60,68,73,74,76,29,31,33,35,46,47,34,30,69,71,43,67,61,53,63,54,25,75,79,27,65,37,45,57,62,39,55,50,77,59,51,58,70,38,26,41,66,78,42,+49 MissingAxioms= TotalTime=386.2
Step=80 PrevRays=122642 ResultRays=117978 RayPairs=1844339044 NewAxiom=50 PrevAxioms=0,1,2,3,4,5,6,7,8,10,12,14,16,18,20,22,24,28,32,36,40,44,48,56,64,72,9,11,13,15,17,19,21,23,52,60,68,73,74,76,29,31,33,35,46,47,34,30,69,71,43,67,61,53,63,54,25,75,79,27,65,37,45,57,62,39,55,59,70,51,58,41,38,77,26,66,78,49,42,+50 MissingAxioms= TotalTime=429.7
Step=80 PrevRays=122642 ResultRays=117978 RayPairs=1844339044 NewAxiom=51 PrevAxioms=0,1,2,3,4,5,6,7,8,10,12,14,16,18,20,22,24,28,32,36,40,44,48,56,64,72,9,11,13,15,17,19,21,23,52,60,68,73,74,76,29,31,33,35,46,47,34,30,69,71,43,67,61,53,63,54,25,75,79,27,65,37,45,57,62,39,55,50,77,59,58,70,38,78,49,42,26,41,66,+51 MissingAxioms= TotalTime=367.1
Step=80 PrevRays=122642 ResultRays=117978 RayPairs=1844339044 NewAxiom=52 PrevAxioms=0,1,2,3,4,5,6,7,8,10,12,14,16,18,20,22,24,28,32,36,40,44,48,56,64,72,9,11,13,15,17,19,21,23,60,68,73,74,76,49,61,50,63,51,69,65,67,71,46,47,45,31,43,53,29,37,38,25,75,79,70,42,39,33,66,35,41,30,57,26,62,27,55,54,59,58,78,77,34,+52 MissingAxioms= TotalTime=362.5
Step=80 PrevRays=122642 ResultRays=117978 RayPairs=1844339044 NewAxiom=53 PrevAxioms=0,1,2,3,4,5,6,7,8,10,12,14,16,18,20,22,24,28,32,36,40,44,48,56,64,72,9,11,13,15,17,19,21,23,52,60,68,73,74,76,29,31,33,35,46,47,34,30,69,71,43,67,61,45,63,39,54,59,65,50,77,79,51,58,38,70,26,62,57,41,42,55,27,49,78,75,25,66,37,+53 MissingAxioms= TotalTime=389.1
Step=80 PrevRays=122642 ResultRays=117978 RayPairs=1844339044 NewAxiom=54 PrevAxioms=0,1,2,3,4,5,6,7,8,10,12,14,16,18,20,22,24,28,32,36,40,44,48,56,64,72,9,11,13,15,17,19,21,23,52,60,68,73,74,76,29,31,33,35,46,47,34,30,69,71,43,67,61,53,63,37,57,39,45,75,79,58,65,50,55,70,38,78,27,66,62,77,41,26,42,51,25,59,49,+54 MissingAxioms= TotalTime=438.7
Step=80 PrevRays=111712 ResultRays=117978 RayPairs=1087109287 NewAxiom=55 PrevAxioms=0,1,2,3,4,5,6,7,8,10,12,14,16,18,20,22,24,28,32,36,40,44,48,56,64,72,9,11,13,15,17,19,21,23,52,60,68,73,74,76,29,31,33,35,46,47,34,30,69,71,43,67,61,53,63,54,25,75,79,27,65,37,45,57,62,39,50,77,59,51,58,26,42,66,41,49,38,70,78,+55 MissingAxioms= TotalTime=338.6
Step=80 PrevRays=111712 ResultRays=117978 RayPairs=1087109287 NewAxiom=56 PrevAxioms=0,1,2,3,4,5,6,7,8,10,12,14,16,18,20,22,24,28,32,36,40,44,48,57,64,72,9,11,13,15,17,19,21,23,52,68,73,74,76,58,30,59,70,71,41,45,31,26,53,55,29,38,39,69,42,34,77,46,78,62,63,35,79,43,27,51,33,47,67,65,50,60,61,37,25,66,75,54,49,+56 MissingAxioms= TotalTime=354.1
Step=80 PrevRays=122642 ResultRays=117978 RayPairs=1844339044 NewAxiom=57 PrevAxioms=0,1,2,3,4,5,6,7,8,10,12,14,16,18,20,22,24,28,32,36,40,44,48,56,64,72,9,11,13,15,17,19,21,23,52,60,68,73,74,76,29,31,33,35,46,47,34,30,69,71,43,67,61,53,63,54,25,75,79,27,65,37,45,62,39,55,50,51,77,26,59,70,78,58,66,38,49,42,41,+57 MissingAxioms= TotalTime=397.3
Step=80 PrevRays=122642 ResultRays=117978 RayPairs=1844339044 NewAxiom=58 PrevAxioms=0,1,2,3,4,5,6,7,8,10,12,14,16,18,20,22,24,28,32,36,40,44,48,56,64,72,9,11,13,15,17,19,21,23,52,60,68,73,74,76,29,31,33,35,46,47,34,30,69,71,43,67,61,53,63,54,25,75,79,27,65,37,45,57,62,39,55,50,77,59,51,70,26,38,42,66,78,49,41,+58 MissingAxioms= TotalTime=398.8
Step=80 PrevRays=122642 ResultRays=117978 RayPairs=1844339044 NewAxiom=59 PrevAxioms=0,1,2,3,4,5,6,7,8,10,12,14,16,18,20,22,24,28,32,36,40,44,48,56,64,72,9,11,13,15,17,19,21,23,52,60,68,73,74,76,29,31,33,35,46,47,34,30,69,71,43,67,61,53,63,54,25,75,79,27,65,37,45,57,62,39,55,50,77,51,26,58,70,38,41,66,78,42,49,+59 MissingAxioms= TotalTime=401.7
Step=80 PrevRays=122642 ResultRays=117978 RayPairs=1844339044 NewAxiom=60 PrevAxioms=0,1,2,3,4,5,6,7,8,10,12,14,16,18,20,22,24,28,32,36,40,44,48,56,64,72,9,11,13,15,17,19,21,23,52,68,73,74,76,57,53,58,55,59,70,65,71,66,45,69,46,38,39,49,51,31,27,54,41,42,78,79,62,67,63,47,37,77,35,29,61,26,75,25,33,30,43,34,50,+60 MissingAxioms= TotalTime=433.1
Step=80 PrevRays=122642 ResultRays=117978 RayPairs=1844339044 NewAxiom=61 PrevAxioms=0,1,2,3,4,5,6,7,8,10,12,14,16,18,20,22,24,28,32,36,40,44,48,56,64,72,9,11,13,15,17,19,21,23,52,60,68,73,74,76,29,31,33,35,46,47,34,30,69,71,43,67,53,63,54,25,75,79,27,41,65,45,37,62,55,42,57,70,39,59,49,38,50,77,66,51,78,26,58,+61 MissingAxioms= TotalTime=423.2
Step=80 PrevRays=122642 ResultRays=117978 RayPairs=1844339044 NewAxiom=62 PrevAxioms=0,1,2,3,4,5,6,7,8,10,12,14,16,18,20,22,24,28,32,36,40,44,48,56,64,72,9,11,13,15,17,19,21,23,52,60,68,73,74,76,29,31,33,35,46,47,34,30,69,71,43,67,61,53,63,54,25,75,79,27,65,37,45,57,39,58,50,26,38,41,70,55,49,42,51,77,78,66,59,+62 MissingAxioms= TotalTime=382.4
Step=80 PrevRays=111712 ResultRays=117978 RayPairs=1087109287 NewAxiom=63 PrevAxioms=0,1,2,3,4,5,6,7,8,10,12,14,16,18,20,22,24,28,32,36,40,44,48,56,64,72,9,11,13,15,17,19,21,23,52,60,68,73,74,76,29,31,33,35,46,47,34,30,69,71,43,67,61,53,54,25,75,79,27,41,65,37,70,38,55,39,62,42,49,45,57,59,66,51,26,50,78,58,77,+63 MissingAxioms= TotalTime=347.2
Step=80 PrevRays=111712 ResultRays=117978 RayPairs=1087109287 NewAxiom=64 PrevAxioms=0,1,2,3,4,5,6,7,8,10,12,14,16,18,20,22,24,28,32,36,40,44,48,56,65,72,9,11,13,15,17,19,21,23,52,60,73,74,76,66,29,67,62,63,33,37,31,25,54,55,30,46,47,61,34,42,75,38,78,70,71,43,79,35,27,51,41,39,59,57,49,68,69,45,26,58,77,53,50,+64 MissingAxioms= TotalTime=367.2
Step=80 PrevRays=122642 ResultRays=117978 RayPairs=1844339044 NewAxiom=65 PrevAxioms=0,1,2,3,4,5,6,7,8,10,12,14,16,18,20,22,24,28,32,36,40,44,48,56,64,72,9,11,13,15,17,19,21,23,52,60,68,73,74,76,29,31,33,35,46,47,34,30,69,71,43,67,61,53,63,54,25,75,79,27,45,57,37,39,26,62,55,41,77,59,70,51,58,78,50,38,66,49,42,+65 MissingAxioms= TotalTime=393.5
Step=80 PrevRays=122642 ResultRays=117978 RayPairs=1844339044 NewAxiom=66 PrevAxioms=0,1,2,3,4,5,6,7,8,10,12,14,16,18,20,22,24,28,32,36,40,44,48,56,64,72,9,11,13,15,17,19,21,23,52,60,68,73,74,76,29,31,33,35,46,47,34,30,69,71,43,67,61,53,63,54,25,75,79,27,65,37,45,57,62,39,55,50,77,59,51,58,70,38,26,41,78,42,49,+66 MissingAxioms= TotalTime=449.0
Step=80 PrevRays=122642 ResultRays=117978 RayPairs=1844339044 NewAxiom=67 PrevAxioms=0,1,2,3,4,5,6,7,8,10,12,14,16,18,20,22,24,28,32,36,40,44,48,56,64,72,9,11,13,15,17,19,21,23,52,60,68,73,74,76,29,31,33,35,46,47,34,30,69,71,43,61,63,37,57,53,54,39,59,75,79,45,62,25,27,55,26,50,77,58,51,78,65,66,41,70,38,49,42,+67 MissingAxioms= TotalTime=515.2
Step=80 PrevRays=122642 ResultRays=117978 RayPairs=1844339044 NewAxiom=68 PrevAxioms=0,1,2,3,4,5,6,7,8,10,12,14,16,18,20,22,24,28,32,36,40,44,48,56,64,72,9,11,13,15,17,19,21,23,52,60,73,74,76,65,53,66,55,67,62,57,61,58,45,30,31,47,29,51,27,39,46,59,37,33,34,50,26,41,25,63,69,71,75,79,43,54,77,78,35,70,38,42,49,+68 MissingAxioms= TotalTime=444.7
Step=80 PrevRays=122642 ResultRays=117978 RayPairs=1844339044 NewAxiom=69 PrevAxioms=0,1,2,3,4,5,6,7,8,10,12,14,16,18,20,22,24,28,32,36,40,44,48,56,64,72,9,11,13,15,17,19,21,23,52,60,68,73,74,76,29,31,33,35,46,47,34,30,41,45,62,70,71,61,39,26,43,25,53,55,67,27,49,65,75,79,77,50,42,38,63,59,54,78,37,66,58,57,51,+69 MissingAxioms= TotalTime=460.3
Step=80 PrevRays=122642 ResultRays=117978 RayPairs=1844339044 NewAxiom=70 PrevAxioms=0,1,2,3,4,5,6,7,8,10,12,14,16,18,20,22,24,28,32,36,40,44,48,56,64,72,9,11,13,15,17,19,21,23,52,60,68,73,74,76,29,31,33,35,46,47,34,30,69,71,43,67,61,53,63,54,25,75,79,27,65,37,45,57,62,39,55,50,77,59,51,58,78,41,42,66,26,49,38,+70 MissingAxioms= TotalTime=462.0
Step=80 PrevRays=111712 ResultRays=117978 RayPairs=1087109287 NewAxiom=71 PrevAxioms=0,1,2,3,4,5,6,7,8,10,12,14,16,18,20,22,24,28,32,36,40,44,48,56,64,72,9,11,13,15,17,19,21,23,52,60,68,73,74,76,29,31,33,35,46,47,34,30,69,41,45,43,54,55,62,70,63,27,51,65,39,59,77,79,61,25,78,50,37,75,42,66,49,67,38,57,53,26,58,+71 MissingAxioms= TotalTime=444.1
Step=80 PrevRays=111712 ResultRays=117978 RayPairs=1087109287 NewAxiom=72 PrevAxioms=0,1,2,3,4,5,6,7,8,10,12,14,16,18,20,22,24,28,32,36,40,44,48,56,64,73,9,11,13,15,17,19,21,23,52,60,68,74,41,29,43,31,33,30,35,70,62,63,25,39,26,71,59,38,69,54,55,57,45,65,77,79,27,50,58,53,51,46,61,47,67,37,34,76,75,66,78,42,49,+72 MissingAxioms= TotalTime=409.2
Step=80 PrevRays=122642 ResultRays=117978 RayPairs=1844339044 NewAxiom=73 PrevAxioms=0,1,2,3,4,5,6,7,8,10,12,14,16,18,20,22,24,28,32,36,40,44,48,56,64,72,9,11,13,15,17,19,21,23,52,60,68,74,76,25,37,27,39,45,26,42,47,43,70,71,67,46,53,61,55,62,33,66,29,35,49,75,79,38,69,63,57,41,31,51,54,59,65,58,30,77,78,50,34,+73 MissingAxioms= TotalTime=455.3
Step=80 PrevRays=122642 ResultRays=117978 RayPairs=1844339044 NewAxiom=74 PrevAxioms=0,1,2,3,4,5,6,7,8,10,12,14,16,18,20,22,24,28,32,36,40,44,48,56,64,72,9,11,13,15,17,19,21,23,52,60,68,73,76,29,33,31,35,46,34,41,47,43,69,71,67,45,61,53,63,54,25,65,37,27,57,75,79,30,70,55,49,42,39,59,62,51,66,50,38,78,77,58,26,+74 MissingAxioms= TotalTime=472.3
Step=80 PrevRays=122642 ResultRays=117978 RayPairs=1844339044 NewAxiom=75 PrevAxioms=0,1,2,3,4,5,6,7,8,10,12,14,16,18,20,22,24,28,32,36,40,44,48,56,64,72,9,11,13,15,17,19,21,23,52,60,68,73,74,76,29,31,33,35,46,47,34,30,69,71,43,67,61,53,63,54,25,65,37,45,39,79,27,62,55,57,50,58,70,38,51,26,59,77,78,66,41,49,42,+75 MissingAxioms= TotalTime=585.6
Step=80 PrevRays=122642 ResultRays=117978 RayPairs=1844339044 NewAxiom=76 PrevAxioms=0,1,2,3,4,5,6,7,8,10,12,14,16,18,20,22,24,28,32,36,40,44,48,56,64,72,9,11,13,15,17,19,21,23,52,60,68,73,74,29,41,31,43,38,42,33,37,35,70,62,63,69,25,55,26,61,57,71,27,51,49,53,50,39,59,30,46,47,78,66,79,58,67,34,77,65,75,54,45,+76 MissingAxioms= TotalTime=396.7
Step=80 PrevRays=122642 ResultRays=117978 RayPairs=1844339044 NewAxiom=77 PrevAxioms=0,1,2,3,4,5,6,7,8,10,12,14,16,18,20,22,24,28,32,36,40,44,48,56,64,72,9,11,13,15,17,19,21,23,52,60,68,73,74,76,29,31,33,35,46,47,34,30,69,71,43,67,61,53,63,54,25,75,79,27,65,37,45,57,62,39,55,50,59,51,58,70,38,26,66,78,41,42,49,+77 MissingAxioms= TotalTime=489.3
Step=80 PrevRays=122642 ResultRays=117978 RayPairs=1844339044 NewAxiom=78 PrevAxioms=0,1,2,3,4,5,6,7,8,10,12,14,16,18,20,22,24,28,32,36,40,44,48,56,64,72,9,11,13,15,17,19,21,23,52,60,68,73,74,76,29,31,33,35,46,47,34,30,69,71,43,67,61,53,63,54,25,75,79,27,65,37,45,57,62,39,55,50,77,59,51,58,70,38,26,41,66,42,49,+78 MissingAxioms= TotalTime=464.1
Step=80 PrevRays=111712 ResultRays=117978 RayPairs=1087109287 NewAxiom=79 PrevAxioms=0,1,2,3,4,5,6,7,8,10,12,14,16,18,20,22,24,28,32,36,40,44,48,56,64,72,9,11,13,15,17,19,21,23,52,60,68,73,74,76,29,31,33,35,46,47,34,30,69,71,43,67,61,53,63,54,25,75,65,45,39,77,50,62,59,51,26,55,27,58,66,57,41,37,70,78,38,42,49,+79 MissingAxioms= TotalTime=444.6

Ordered by number of ray pairs:
Step=80 ##################............ (min) Axiom0 Group0 f({0}) + f({1}) >= f({0, 1})
Step=80 ##################............ (min) Axiom7 Group3 f({0, 1, 2, 3, 4}) >= f({2, 3, 4})
Step=80 ##################............ (min) Axiom8 Group0 f({0}) + f({2}) >= f({0, 2})
Step=80 ##################............ (min) Axiom15 Group3 f({0, 1, 2, 3, 4}) >= f({1, 3, 4})
Step=80 ##################............ (min) Axiom16 Group0 f({1}) + f({2}) >= f({1, 2})
Step=80 ##################............ (min) Axiom23 Group3 f({0, 1, 2, 3, 4}) >= f({0, 3, 4})
Step=80 ##################............ (min) Axiom24 Group0 f({0}) + f({3}) >= f({0, 3})
Step=80 ##################............ (min) Axiom31 Group3 f({0, 1, 2, 3, 4}) >= f({1, 2, 4})
Step=80 ##################............ (min) Axiom32 Group0 f({1}) + f({3}) >= f({1, 3})
Step=80 ##################............ (min) Axiom39 Group3 f({0, 1, 2, 3, 4}) >= f({0, 2, 4})
Step=80 ##################............ (min) Axiom40 Group0 f({2}) + f({3}) >= f({2, 3})
Step=80 ##################............ (min) Axiom47 Group3 f({0, 1, 2, 3, 4}) >= f({0, 1, 4})
Step=80 ##################............ (min) Axiom48 Group0 f({0}) + f({4}) >= f({0, 4})
Step=80 ##################............ (min) Axiom55 Group3 f({0, 1, 2, 3, 4}) >= f({1, 2, 3})
Step=80 ##################............ (min) Axiom56 Group0 f({1}) + f({4}) >= f({1, 4})
Step=80 ##################............ (min) Axiom63 Group3 f({0, 1, 2, 3, 4}) >= f({0, 2, 3})
Step=80 ##################............ (min) Axiom64 Group0 f({2}) + f({4}) >= f({2, 4})
Step=80 ##################............ (min) Axiom71 Group3 f({0, 1, 2, 3, 4}) >= f({0, 1, 3})
Step=80 ##################............ (min) Axiom72 Group0 f({3}) + f({4}) >= f({3, 4})
Step=80 ##################............ (min) Axiom79 Group3 f({0, 1, 2, 3, 4}) >= f({0, 1, 2})
Step=80 ############################## Axiom1 Group1 f({0, 2}) + f({1, 2}) >= f({2}) + f({0, 1, 2})
Step=80 ############################## Axiom2 Group1 f({0, 3}) + f({1, 3}) >= f({3}) + f({0, 1, 3})
Step=80 ############################## Axiom3 Group2 f({0, 2, 3}) + f({1, 2, 3}) >= f({2, 3}) + f({0, 1, 2, 3, 4})
Step=80 ############################## Axiom4 Group1 f({0, 4}) + f({1, 4}) >= f({4}) + f({0, 1, 4})
Step=80 ############################## Axiom5 Group2 f({0, 2, 4}) + f({1, 2, 4}) >= f({0, 1, 2, 3, 4}) + f({2, 4})
Step=80 ############################## Axiom6 Group2 f({0, 3, 4}) + f({1, 3, 4}) >= f({0, 1, 2, 3, 4}) + f({3, 4})
Step=80 ############################## Axiom9 Group1 f({0, 1}) + f({1, 2}) >= f({1}) + f({0, 1, 2})
Step=80 ############################## Axiom10 Group1 f({0, 3}) + f({2, 3}) >= f({3}) + f({0, 2, 3})
Step=80 ############################## Axiom11 Group2 f({0, 1, 3}) + f({1, 2, 3}) >= f({1, 3}) + f({0, 1, 2, 3, 4})
Step=80 ############################## Axiom12 Group1 f({0, 4}) + f({2, 4}) >= f({4}) + f({0, 2, 4})
Step=80 ############################## Axiom13 Group2 f({0, 1, 4}) + f({1, 2, 4}) >= f({0, 1, 2, 3, 4}) + f({1, 4})
Step=80 ############################## Axiom14 Group2 f({0, 3, 4}) + f({2, 3, 4}) >= f({0, 1, 2, 3, 4}) + f({3, 4})
Step=80 ############################## Axiom17 Group1 f({0, 1}) + f({0, 2}) >= f({0}) + f({0, 1, 2})
Step=80 ############################## Axiom18 Group1 f({1, 3}) + f({2, 3}) >= f({3}) + f({1, 2, 3})
Step=80 ############################## Axiom19 Group2 f({0, 1, 3}) + f({0, 2, 3}) >= f({0, 3}) + f({0, 1, 2, 3, 4})
Step=80 ############################## Axiom20 Group1 f({1, 4}) + f({2, 4}) >= f({4}) + f({1, 2, 4})
Step=80 ############################## Axiom21 Group2 f({0, 1, 4}) + f({0, 2, 4}) >= f({0, 1, 2, 3, 4}) + f({0, 4})
Step=80 ############################## Axiom22 Group2 f({1, 3, 4}) + f({2, 3, 4}) >= f({0, 1, 2, 3, 4}) + f({3, 4})
Step=80 ############################## Axiom25 Group1 f({0, 1}) + f({1, 3}) >= f({1}) + f({0, 1, 3})
Step=80 ############################## Axiom26 Group1 f({0, 2}) + f({2, 3}) >= f({2}) + f({0, 2, 3})
Step=80 ############################## Axiom27 Group2 f({0, 1, 2}) + f({1, 2, 3}) >= f({1, 2}) + f({0, 1, 2, 3, 4})
Step=80 ############################## Axiom28 Group1 f({0, 4}) + f({3, 4}) >= f({4}) + f({0, 3, 4})
Step=80 ############################## Axiom29 Group2 f({0, 1, 4}) + f({1, 3, 4}) >= f({0, 1, 2, 3, 4}) + f({1, 4})
Step=80 ############################## Axiom30 Group2 f({0, 2, 4}) + f({2, 3, 4}) >= f({0, 1, 2, 3, 4}) + f({2, 4})
Step=80 ############################## Axiom33 Group1 f({0, 1}) + f({0, 3}) >= f({0}) + f({0, 1, 3})
Step=80 ############################## Axiom34 Group1 f({1, 2}) + f({2, 3}) >= f({2}) + f({1, 2, 3})
Step=80 ############################## Axiom35 Group2 f({0, 1, 2}) + f({0, 2, 3}) >= f({0, 2}) + f({0, 1, 2, 3, 4})
Step=80 ############################## Axiom36 Group1 f({1, 4}) + f({3, 4}) >= f({4}) + f({1, 3, 4})
Step=80 ############################## Axiom37 Group2 f({0, 1, 4}) + f({0, 3, 4}) >= f({0, 1, 2, 3, 4}) + f({0, 4})
Step=80 ############################## Axiom38 Group2 f({1, 2, 4}) + f({2, 3, 4}) >= f({0, 1, 2, 3, 4}) + f({2, 4})
Step=80 ############################## Axiom41 Group1 f({0, 2}) + f({0, 3}) >= f({0}) + f({0, 2, 3})
Step=80 ############################## Axiom42 Group1 f({1, 2}) + f({1, 3}) >= f({1}) + f({1, 2, 3})
Step=80 ############################## Axiom43 Group2 f({0, 1, 2}) + f({0, 1, 3}) >= f({0, 1}) + f({0, 1, 2, 3, 4})
Step=80 ############################## Axiom44 Group1 f({2, 4}) + f({3, 4}) >= f({4}) + f({2, 3, 4})
Step=80 ############################## Axiom45 Group2 f({0, 2, 4}) + f({0, 3, 4}) >= f({0, 1, 2, 3, 4}) + f({0, 4})
Step=80 ############################## Axiom46 Group2 f({1, 2, 4}) + f({1, 3, 4}) >= f({0, 1, 2, 3, 4}) + f({1, 4})
Step=80 ############################## Axiom49 Group1 f({0, 1}) + f({1, 4}) >= f({1}) + f({0, 1, 4})
Step=80 ############################## Axiom50 Group1 f({0, 2}) + f({2, 4}) >= f({2}) + f({0, 2, 4})
Step=80 ############################## Axiom51 Group2 f({0, 1, 2}) + f({1, 2, 4}) >= f({1, 2}) + f({0, 1, 2, 3, 4})
Step=80 ############################## Axiom52 Group1 f({0, 3}) + f({3, 4}) >= f({3}) + f({0, 3, 4})
Step=80 ############################## Axiom53 Group2 f({0, 1, 3}) + f({1, 3, 4}) >= f({1, 3}) + f({0, 1, 2, 3, 4})
Step=80 ############################## Axiom54 Group2 f({0, 2, 3}) + f({2, 3, 4}) >= f({2, 3}) + f({0, 1, 2, 3, 4})
Step=80 ############################## Axiom57 Group1 f({0, 1}) + f({0, 4}) >= f({0}) + f({0, 1, 4})
Step=80 ############################## Axiom58 Group1 f({1, 2}) + f({2, 4}) >= f({2}) + f({1, 2, 4})
Step=80 ############################## Axiom59 Group2 f({0, 1, 2}) + f({0, 2, 4}) >= f({0, 2}) + f({0, 1, 2, 3, 4})
Step=80 ############################## Axiom60 Group1 f({1, 3}) + f({3, 4}) >= f({3}) + f({1, 3, 4})
Step=80 ############################## Axiom61 Group2 f({0, 1, 3}) + f({0, 3, 4}) >= f({0, 3}) + f({0, 1, 2, 3, 4})
Step=80 ############################## Axiom62 Group2 f({1, 2, 3}) + f({2, 3, 4}) >= f({2, 3}) + f({0, 1, 2, 3, 4})
Step=80 ############################## Axiom65 Group1 f({0, 2}) + f({0, 4}) >= f({0}) + f({0, 2, 4})
Step=80 ############################## Axiom66 Group1 f({1, 2}) + f({1, 4}) >= f({1}) + f({1, 2, 4})
Step=80 ############################## Axiom67 Group2 f({0, 1, 2}) + f({0, 1, 4}) >= f({0, 1}) + f({0, 1, 2, 3, 4})
Step=80 ############################## Axiom68 Group1 f({2, 3}) + f({3, 4}) >= f({3}) + f({2, 3, 4})
Step=80 ############################## Axiom69 Group2 f({0, 2, 3}) + f({0, 3, 4}) >= f({0, 3}) + f({0, 1, 2, 3, 4})
Step=80 ############################## Axiom70 Group2 f({1, 2, 3}) + f({1, 3, 4}) >= f({1, 3}) + f({0, 1, 2, 3, 4})
Step=80 ############################## Axiom73 Group1 f({0, 3}) + f({0, 4}) >= f({0}) + f({0, 3, 4})
Step=80 ############################## Axiom74 Group1 f({1, 3}) + f({1, 4}) >= f({1}) + f({1, 3, 4})
Step=80 ############################## Axiom75 Group2 f({0, 1, 3}) + f({0, 1, 4}) >= f({0, 1}) + f({0, 1, 2, 3, 4})
Step=80 ############################## Axiom76 Group1 f({2, 3}) + f({2, 4}) >= f({2}) + f({2, 3, 4})
Step=80 ############################## Axiom77 Group2 f({0, 2, 3}) + f({0, 2, 4}) >= f({0, 2}) + f({0, 1, 2, 3, 4})
Step=80 ############################## Axiom78 Group2 f({1, 2, 3}) + f({1, 2, 4}) >= f({1, 2}) + f({0, 1, 2, 3, 4})

Ordered by number of previous rays:
Step=80 $$$$$$$$$$$$$$$$$$$$$$$$$$$... (min) Axiom0 Group0 f({0}) + f({1}) >= f({0, 1})
Step=80 $$$$$$$$$$$$$$$$$$$$$$$$$$$... (min) Axiom7 Group3 f({0, 1, 2, 3, 4}) >= f({2, 3, 4})
Step=80 $$$$$$$$$$$$$$$$$$$$$$$$$$$... (min) Axiom8 Group0 f({0}) + f({2}) >= f({0, 2})
Step=80 $$$$$$$$$$$$$$$$$$$$$$$$$$$... (min) Axiom15 Group3 f({0, 1, 2, 3, 4}) >= f({1, 3, 4})
Step=80 $$$$$$$$$$$$$$$$$$$$$$$$$$$... (min) Axiom16 Group0 f({1}) + f({2}) >= f({1, 2})
Step=80 $$$$$$$$$$$$$$$$$$$$$$$$$$$... (min) Axiom23 Group3 f({0, 1, 2, 3, 4}) >= f({0, 3, 4})
Step=80 $$$$$$$$$$$$$$$$$$$$$$$$$$$... (min) Axiom24 Group0 f({0}) + f({3}) >= f({0, 3})
Step=80 $$$$$$$$$$$$$$$$$$$$$$$$$$$... (min) Axiom31 Group3 f({0, 1, 2, 3, 4}) >= f({1, 2, 4})
Step=80 $$$$$$$$$$$$$$$$$$$$$$$$$$$... (min) Axiom32 Group0 f({1}) + f({3}) >= f({1, 3})
Step=80 $$$$$$$$$$$$$$$$$$$$$$$$$$$... (min) Axiom39 Group3 f({0, 1, 2, 3, 4}) >= f({0, 2, 4})
Step=80 $$$$$$$$$$$$$$$$$$$$$$$$$$$... (min) Axiom40 Group0 f({2}) + f({3}) >= f({2, 3})
Step=80 $$$$$$$$$$$$$$$$$$$$$$$$$$$... (min) Axiom47 Group3 f({0, 1, 2, 3, 4}) >= f({0, 1, 4})
Step=80 $$$$$$$$$$$$$$$$$$$$$$$$$$$... (min) Axiom48 Group0 f({0}) + f({4}) >= f({0, 4})
Step=80 $$$$$$$$$$$$$$$$$$$$$$$$$$$... (min) Axiom55 Group3 f({0, 1, 2, 3, 4}) >= f({1, 2, 3})
Step=80 $$$$$$$$$$$$$$$$$$$$$$$$$$$... (min) Axiom56 Group0 f({1}) + f({4}) >= f({1, 4})
Step=80 $$$$$$$$$$$$$$$$$$$$$$$$$$$... (min) Axiom63 Group3 f({0, 1, 2, 3, 4}) >= f({0, 2, 3})
Step=80 $$$$$$$$$$$$$$$$$$$$$$$$$$$... (min) Axiom64 Group0 f({2}) + f({4}) >= f({2, 4})
Step=80 $$$$$$$$$$$$$$$$$$$$$$$$$$$... (min) Axiom71 Group3 f({0, 1, 2, 3, 4}) >= f({0, 1, 3})
Step=80 $$$$$$$$$$$$$$$$$$$$$$$$$$$... (min) Axiom72 Group0 f({3}) + f({4}) >= f({3, 4})
Step=80 $$$$$$$$$$$$$$$$$$$$$$$$$$$... (min) Axiom79 Group3 f({0, 1, 2, 3, 4}) >= f({0, 1, 2})
Step=80 $$$$$$$$$$$$$$$$$$$$$$$$$$$$$$ Axiom1 Group1 f({0, 2}) + f({1, 2}) >= f({2}) + f({0, 1, 2})
Step=80 $$$$$$$$$$$$$$$$$$$$$$$$$$$$$$ Axiom2 Group1 f({0, 3}) + f({1, 3}) >= f({3}) + f({0, 1, 3})
Step=80 $$$$$$$$$$$$$$$$$$$$$$$$$$$$$$ Axiom3 Group2 f({0, 2, 3}) + f({1, 2, 3}) >= f({2, 3}) + f({0, 1, 2, 3, 4})
Step=80 $$$$$$$$$$$$$$$$$$$$$$$$$$$$$$ Axiom4 Group1 f({0, 4}) + f({1, 4}) >= f({4}) + f({0, 1, 4})
Step=80 $$$$$$$$$$$$$$$$$$$$$$$$$$$$$$ Axiom5 Group2 f({0, 2, 4}) + f({1, 2, 4}) >= f({0, 1, 2, 3, 4}) + f({2, 4})
Step=80 $$$$$$$$$$$$$$$$$$$$$$$$$$$$$$ Axiom6 Group2 f({0, 3, 4}) + f({1, 3, 4}) >= f({0, 1, 2, 3, 4}) + f({3, 4})
Step=80 $$$$$$$$$$$$$$$$$$$$$$$$$$$$$$ Axiom9 Group1 f({0, 1}) + f({1, 2}) >= f({1}) + f({0, 1, 2})
Step=80 $$$$$$$$$$$$$$$$$$$$$$$$$$$$$$ Axiom10 Group1 f({0, 3}) + f({2, 3}) >= f({3}) + f({0, 2, 3})
Step=80 $$$$$$$$$$$$$$$$$$$$$$$$$$$$$$ Axiom11 Group2 f({0, 1, 3}) + f({1, 2, 3}) >= f({1, 3}) + f({0, 1, 2, 3, 4})
Step=80 $$$$$$$$$$$$$$$$$$$$$$$$$$$$$$ Axiom12 Group1 f({0, 4}) + f({2, 4}) >= f({4}) + f({0, 2, 4})
Step=80 $$$$$$$$$$$$$$$$$$$$$$$$$$$$$$ Axiom13 Group2 f({0, 1, 4}) + f({1, 2, 4}) >= f({0, 1, 2, 3, 4}) + f({1, 4})
Step=80 $$$$$$$$$$$$$$$$$$$$$$$$$$$$$$ Axiom14 Group2 f({0, 3, 4}) + f({2, 3, 4}) >= f({0, 1, 2, 3, 4}) + f({3, 4})
Step=80 $$$$$$$$$$$$$$$$$$$$$$$$$$$$$$ Axiom17 Group1 f({0, 1}) + f({0, 2}) >= f({0}) + f({0, 1, 2})
Step=80 $$$$$$$$$$$$$$$$$$$$$$$$$$$$$$ Axiom18 Group1 f({1, 3}) + f({2, 3}) >= f({3}) + f({1, 2, 3})
Step=80 $$$$$$$$$$$$$$$$$$$$$$$$$$$$$$ Axiom19 Group2 f({0, 1, 3}) + f({0, 2, 3}) >= f({0, 3}) + f({0, 1, 2, 3, 4})
Step=80 $$$$$$$$$$$$$$$$$$$$$$$$$$$$$$ Axiom20 Group1 f({1, 4}) + f({2, 4}) >= f({4}) + f({1, 2, 4})
Step=80 $$$$$$$$$$$$$$$$$$$$$$$$$$$$$$ Axiom21 Group2 f({0, 1, 4}) + f({0, 2, 4}) >= f({0, 1, 2, 3, 4}) + f({0, 4})
Step=80 $$$$$$$$$$$$$$$$$$$$$$$$$$$$$$ Axiom22 Group2 f({1, 3, 4}) + f({2, 3, 4}) >= f({0, 1, 2, 3, 4}) + f({3, 4})
Step=80 $$$$$$$$$$$$$$$$$$$$$$$$$$$$$$ Axiom25 Group1 f({0, 1}) + f({1, 3}) >= f({1}) + f({0, 1, 3})
Step=80 $$$$$$$$$$$$$$$$$$$$$$$$$$$$$$ Axiom26 Group1 f({0, 2}) + f({2, 3}) >= f({2}) + f({0, 2, 3})
Step=80 $$$$$$$$$$$$$$$$$$$$$$$$$$$$$$ Axiom27 Group2 f({0, 1, 2}) + f({1, 2, 3}) >= f({1, 2}) + f({0, 1, 2, 3, 4})
Step=80 $$$$$$$$$$$$$$$$$$$$$$$$$$$$$$ Axiom28 Group1 f({0, 4}) + f({3, 4}) >= f({4}) + f({0, 3, 4})
Step=80 $$$$$$$$$$$$$$$$$$$$$$$$$$$$$$ Axiom29 Group2 f({0, 1, 4}) + f({1, 3, 4}) >= f({0, 1, 2, 3, 4}) + f({1, 4})
Step=80 $$$$$$$$$$$$$$$$$$$$$$$$$$$$$$ Axiom30 Group2 f({0, 2, 4}) + f({2, 3, 4}) >= f({0, 1, 2, 3, 4}) + f({2, 4})
Step=80 $$$$$$$$$$$$$$$$$$$$$$$$$$$$$$ Axiom33 Group1 f({0, 1}) + f({0, 3}) >= f({0}) + f({0, 1, 3})
Step=80 $$$$$$$$$$$$$$$$$$$$$$$$$$$$$$ Axiom34 Group1 f({1, 2}) + f({2, 3}) >= f({2}) + f({1, 2, 3})
Step=80 $$$$$$$$$$$$$$$$$$$$$$$$$$$$$$ Axiom35 Group2 f({0, 1, 2}) + f({0, 2, 3}) >= f({0, 2}) + f({0, 1, 2, 3, 4})
Step=80 $$$$$$$$$$$$$$$$$$$$$$$$$$$$$$ Axiom36 Group1 f({1, 4}) + f({3, 4}) >= f({4}) + f({1, 3, 4})
Step=80 $$$$$$$$$$$$$$$$$$$$$$$$$$$$$$ Axiom37 Group2 f({0, 1, 4}) + f({0, 3, 4}) >= f({0, 1, 2, 3, 4}) + f({0, 4})
Step=80 $$$$$$$$$$$$$$$$$$$$$$$$$$$$$$ Axiom38 Group2 f({1, 2, 4}) + f({2, 3, 4}) >= f({0, 1, 2, 3, 4}) + f({2, 4})
Step=80 $$$$$$$$$$$$$$$$$$$$$$$$$$$$$$ Axiom41 Group1 f({0, 2}) + f({0, 3}) >= f({0}) + f({0, 2, 3})
Step=80 $$$$$$$$$$$$$$$$$$$$$$$$$$$$$$ Axiom42 Group1 f({1, 2}) + f({1, 3}) >= f({1}) + f({1, 2, 3})
Step=80 $$$$$$$$$$$$$$$$$$$$$$$$$$$$$$ Axiom43 Group2 f({0, 1, 2}) + f({0, 1, 3}) >= f({0, 1}) + f({0, 1, 2, 3, 4})
Step=80 $$$$$$$$$$$$$$$$$$$$$$$$$$$$$$ Axiom44 Group1 f({2, 4}) + f({3, 4}) >= f({4}) + f({2, 3, 4})
Step=80 $$$$$$$$$$$$$$$$$$$$$$$$$$$$$$ Axiom45 Group2 f({0, 2, 4}) + f({0, 3, 4}) >= f({0, 1, 2, 3, 4}) + f({0, 4})
Step=80 $$$$$$$$$$$$$$$$$$$$$$$$$$$$$$ Axiom46 Group2 f({1, 2, 4}) + f({1, 3, 4}) >= f({0, 1, 2, 3, 4}) + f({1, 4})
Step=80 $$$$$$$$$$$$$$$$$$$$$$$$$$$$$$ Axiom49 Group1 f({0, 1}) + f({1, 4}) >= f({1}) + f({0, 1, 4})
Step=80 $$$$$$$$$$$$$$$$$$$$$$$$$$$$$$ Axiom50 Group1 f({0, 2}) + f({2, 4}) >= f({2}) + f({0, 2, 4})
Step=80 $$$$$$$$$$$$$$$$$$$$$$$$$$$$$$ Axiom51 Group2 f({0, 1, 2}) + f({1, 2, 4}) >= f({1, 2}) + f({0, 1, 2, 3, 4})
Step=80 $$$$$$$$$$$$$$$$$$$$$$$$$$$$$$ Axiom52 Group1 f({0, 3}) + f({3, 4}) >= f({3}) + f({0, 3, 4})
Step=80 $$$$$$$$$$$$$$$$$$$$$$$$$$$$$$ Axiom53 Group2 f({0, 1, 3}) + f({1, 3, 4}) >= f({1, 3}) + f({0, 1, 2, 3, 4})
Step=80 $$$$$$$$$$$$$$$$$$$$$$$$$$$$$$ Axiom54 Group2 f({0, 2, 3}) + f({2, 3, 4}) >= f({2, 3}) + f({0, 1, 2, 3, 4})
Step=80 $$$$$$$$$$$$$$$$$$$$$$$$$$$$$$ Axiom57 Group1 f({0, 1}) + f({0, 4}) >= f({0}) + f({0, 1, 4})
Step=80 $$$$$$$$$$$$$$$$$$$$$$$$$$$$$$ Axiom58 Group1 f({1, 2}) + f({2, 4}) >= f({2}) + f({1, 2, 4})
Step=80 $$$$$$$$$$$$$$$$$$$$$$$$$$$$$$ Axiom59 Group2 f({0, 1, 2}) + f({0, 2, 4}) >= f({0, 2}) + f({0, 1, 2, 3, 4})
Step=80 $$$$$$$$$$$$$$$$$$$$$$$$$$$$$$ Axiom60 Group1 f({1, 3}) + f({3, 4}) >= f({3}) + f({1, 3, 4})
Step=80 $$$$$$$$$$$$$$$$$$$$$$$$$$$$$$ Axiom61 Group2 f({0, 1, 3}) + f({0, 3, 4}) >= f({0, 3}) + f({0, 1, 2, 3, 4})
Step=80 $$$$$$$$$$$$$$$$$$$$$$$$$$$$$$ Axiom62 Group2 f({1, 2, 3}) + f({2, 3, 4}) >= f({2, 3}) + f({0, 1, 2, 3, 4})
Step=80 $$$$$$$$$$$$$$$$$$$$$$$$$$$$$$ Axiom65 Group1 f({0, 2}) + f({0, 4}) >= f({0}) + f({0, 2, 4})
Step=80 $$$$$$$$$$$$$$$$$$$$$$$$$$$$$$ Axiom66 Group1 f({1, 2}) + f({1, 4}) >= f({1}) + f({1, 2, 4})
Step=80 $$$$$$$$$$$$$$$$$$$$$$$$$$$$$$ Axiom67 Group2 f({0, 1, 2}) + f({0, 1, 4}) >= f({0, 1}) + f({0, 1, 2, 3, 4})
Step=80 $$$$$$$$$$$$$$$$$$$$$$$$$$$$$$ Axiom68 Group1 f({2, 3}) + f({3, 4}) >= f({3}) + f({2, 3, 4})
Step=80 $$$$$$$$$$$$$$$$$$$$$$$$$$$$$$ Axiom69 Group2 f({0, 2, 3}) + f({0, 3, 4}) >= f({0, 3}) + f({0, 1, 2, 3, 4})
Step=80 $$$$$$$$$$$$$$$$$$$$$$$$$$$$$$ Axiom70 Group2 f({1, 2, 3}) + f({1, 3, 4}) >= f({1, 3}) + f({0, 1, 2, 3, 4})
Step=80 $$$$$$$$$$$$$$$$$$$$$$$$$$$$$$ Axiom73 Group1 f({0, 3}) + f({0, 4}) >= f({0}) + f({0, 3, 4})
Step=80 $$$$$$$$$$$$$$$$$$$$$$$$$$$$$$ Axiom74 Group1 f({1, 3}) + f({1, 4}) >= f({1}) + f({1, 3, 4})
Step=80 $$$$$$$$$$$$$$$$$$$$$$$$$$$$$$ Axiom75 Group2 f({0, 1, 3}) + f({0, 1, 4}) >= f({0, 1}) + f({0, 1, 2, 3, 4})
Step=80 $$$$$$$$$$$$$$$$$$$$$$$$$$$$$$ Axiom76 Group1 f({2, 3}) + f({2, 4}) >= f({2}) + f({2, 3, 4})
Step=80 $$$$$$$$$$$$$$$$$$$$$$$$$$$$$$ Axiom77 Group2 f({0, 2, 3}) + f({0, 2, 4}) >= f({0, 2}) + f({0, 1, 2, 3, 4})
Step=80 $$$$$$$$$$$$$$$$$$$$$$$$$$$$$$ Axiom78 Group2 f({1, 2, 3}) + f({1, 2, 4}) >= f({1, 2}) + f({0, 1, 2, 3, 4})
