Step=74 PrevRays= 56700 ResultRays= 59681 RayPairs= 404897415 NewAxiom=1 PrevAxioms=2,3,4,5,6,7,9,10,12,14,17,18,20,22,25,26,28,33,36,40,41,44,49,56,64,72,11,13,15,19,21,23,68,76,27,35,43,29,37,42,53,38,73,51,70,75,31,46,30,77,45,39,55,54,71,69,65,57,61,63,62,59,79,67,78,66,58,34,50,47,60,74,52,+1 MissingAxioms=0,8,16,24,32,48 TotalTime=58.9
Step=74 PrevRays= 56700 ResultRays= 59681 RayPairs= 404897415 NewAxiom=2 PrevAxioms=1,3,4,5,6,7,9,10,11,12,14,17,18,20,22,25,28,33,36,40,41,44,49,56,64,72,13,15,19,21,23,68,76,27,26,35,43,29,37,30,39,34,42,45,47,53,55,70,75,71,69,67,46,79,77,59,31,63,65,61,51,78,50,38,54,62,52,73,74,60,66,58,57,+2 MissingAxioms=0,8,16,24,32,48 TotalTime=86.0
Step=74 PrevRays= 61153 ResultRays= 59681 RayPairs= 395298280 NewAxiom=3 PrevAxioms=1,2,4,5,6,7,9,10,11,12,14,17,18,20,22,25,28,33,36,40,41,44,49,56,64,72,13,15,19,21,23,68,76,27,35,43,29,37,42,53,34,38,31,46,26,74,60,55,75,66,58,62,61,70,71,78,69,67,47,52,59,51,79,39,63,45,65,77,30,54,73,50,57,+3 MissingAxioms=0,8,16,24,32,48 TotalTime=62.7
Step=74 PrevRays= 58808 ResultRays= 59681 RayPairs= 446904003 NewAxiom=4 PrevAxioms=1,2,3,5,6,7,9,10,12,13,14,17,18,20,22,25,28,33,36,40,41,44,49,56,64,72,11,15,19,21,23,68,76,27,35,43,30,31,42,26,45,46,47,34,74,60,61,77,51,62,29,70,39,79,37,73,75,67,66,54,50,78,55,63,59,38,69,71,53,52,58,65,57,+4 MissingAxioms=0,8,16,24,32,48 TotalTime=59.1
Step=74 PrevRays= 61786 ResultRays= 59681 RayPairs= 427029408 NewAxiom=5 PrevAxioms=1,2,3,4,6,7,9,10,12,13,14,17,18,20,22,25,28,33,36,40,41,44,49,56,64,72,11,15,19,21,23,68,76,27,29,37,35,43,42,53,34,38,46,47,26,45,65,69,78,67,55,52,66,58,62,70,61,63,31,51,79,75,59,71,39,54,77,30,50,73,74,60,57,+5 MissingAxioms=0,8,16,24,32,48 TotalTime=87.5
Step=74 PrevRays= 61786 ResultRays= 59681 RayPairs= 427029408 NewAxiom=6 PrevAxioms=1,2,3,4,5,7,9,10,12,14,15,17,18,20,22,25,28,33,36,40,41,44,49,56,64,72,11,13,19,21,23,68,76,27,35,43,30,31,42,26,45,46,34,74,60,69,78,47,79,37,39,77,51,55,54,38,52,67,65,29,75,71,70,62,63,59,61,53,50,73,66,58,57,+6 MissingAxioms=0,8,16,24,32,48 TotalTime=81.1
Step=74 PrevRays= 58158 ResultRays= 59681 RayPairs= 236168960 NewAxiom=7 PrevAxioms=1,2,3,4,5,6,9,10,12,14,15,17,18,20,22,25,28,33,36,40,41,44,49,56,64,72,11,13,19,21,23,68,76,27,29,35,37,43,53,38,34,31,46,42,26,78,52,74,60,61,55,75,47,51,45,39,59,79,54,69,57,77,63,71,70,67,62,30,50,58,66,65,73,+7 MissingAxioms=0,8,16,24,32,48 TotalTime=67.7
Step=74 PrevRays= 56707 ResultRays= 59681 RayPairs= 410338584 NewAxiom=9 PrevAxioms=1,2,3,4,5,6,7,10,12,14,17,18,20,22,25,26,28,33,36,40,41,44,49,56,64,72,11,13,15,19,21,23,68,76,27,35,43,29,53,34,37,38,31,73,69,71,46,70,75,74,60,55,61,78,79,67,63,39,45,77,42,54,59,30,62,47,65,51,52,66,58,50,57,+9 MissingAxioms=0,8,16,24,32,48 TotalTime=79.4
Step=74 PrevRays= 58930 ResultRays= 59681 RayPairs= 435692868 NewAxiom=10 PrevAxioms=1,2,3,4,5,6,7,9,11,12,14,17,18,20,22,25,28,33,36,40,41,44,49,56,64,72,13,15,19,21,23,27,68,76,35,43,42,29,37,51,34,38,26,46,31,73,70,75,30,50,55,67,59,54,77,45,53,39,71,69,79,78,47,63,61,62,52,57,74,60,58,66,65,+10 MissingAxioms=0,8,16,24,32,48 TotalTime=82.0
Step=74 PrevRays= 61001 ResultRays= 59681 RayPairs= 350262912 NewAxiom=11 PrevAxioms=1,2,3,4,5,6,7,9,10,12,14,17,18,20,22,25,28,33,36,40,41,44,49,56,64,72,13,15,19,21,23,68,76,35,43,51,69,34,29,53,37,38,78,31,46,70,45,39,65,71,52,54,67,47,66,58,62,59,63,61,75,30,60,74,42,55,79,77,50,27,73,26,57,+11 MissingAxioms=0,8,16,24,32,48 TotalTime=69.8
Step=74 PrevRays= 60338 ResultRays= 59681 RayPairs= 481494495 NewAxiom=12 PrevAxioms=1,2,3,4,5,6,7,9,10,13,14,17,18,20,22,25,28,33,36,40,41,44,49,56,64,72,11,15,19,21,23,51,68,76,35,43,29,53,34,37,38,39,42,46,27,78,31,52,55,74,60,61,75,54,47,45,69,67,65,30,26,77,79,50,71,70,63,59,62,73,66,58,57,+12 MissingAxioms=0,8,16,24,32,48 TotalTime=68.5
Step=74 PrevRays= 61483 ResultRays= 59681 RayPairs= 404983962 NewAxiom=13 PrevAxioms=1,2,3,4,5,6,7,9,10,12,14,17,18,20,22,25,28,33,36,40,41,44,49,56,64,72,11,15,19,21,23,68,76,27,30,35,43,45,37,42,26,29,39,34,38,73,47,77,70,75,79,71,53,67,69,46,74,60,61,55,52,78,31,63,59,62,65,54,51,50,66,58,57,+13 MissingAxioms=0,8,16,24,32,48 TotalTime=77.0
Step=74 PrevRays= 58887 ResultRays= 59681 RayPairs= 364121000 NewAxiom=14 PrevAxioms=1,2,3,4,5,6,7,9,10,12,15,17,18,20,22,25,28,33,36,40,41,44,49,56,64,72,11,13,19,21,23,68,76,27,35,43,29,37,31,42,26,38,34,46,47,45,52,78,53,55,51,70,79,75,61,71,67,73,39,77,30,57,59,65,63,69,54,62,60,74,66,58,50,+14 MissingAxioms=0,8,16,24,32,48 TotalTime=70.7
Step=74 PrevRays= 57997 ResultRays= 59681 RayPairs= 279968520 NewAxiom=15 PrevAxioms=1,2,3,4,5,6,7,9,10,12,14,17,18,20,22,25,28,33,36,40,41,44,49,56,64,72,11,13,19,21,23,68,76,27,30,35,43,45,31,42,26,38,34,39,46,65,69,78,67,37,47,79,77,51,66,58,55,59,70,75,50,63,74,60,61,71,62,54,29,53,52,73,57,+15 MissingAxioms=0,8,16,24,32,48 TotalTime=65.2
Step=74 PrevRays= 56670 ResultRays= 59681 RayPairs= 416767728 NewAxiom=17 PrevAxioms=1,2,3,4,5,6,7,9,10,12,14,18,20,22,25,28,33,34,36,40,41,44,49,56,64,72,11,13,15,19,21,23,68,76,27,35,43,29,37,53,38,42,31,46,70,26,74,60,75,55,78,66,71,62,69,61,52,51,47,67,39,45,63,59,79,65,54,58,77,30,50,73,57,+17 MissingAxioms=0,8,16,24,32,48 TotalTime=56.0
Step=74 PrevRays= 57695 ResultRays= 59681 RayPairs= 376791504 NewAxiom=18 PrevAxioms=1,2,3,4,5,6,7,9,10,12,14,17,19,20,22,25,28,33,36,40,41,44,49,56,64,72,11,13,15,21,23,35,43,68,76,27,26,29,34,37,51,38,42,46,78,53,31,52,55,74,60,61,75,54,69,47,67,45,65,30,77,39,73,79,66,58,70,59,63,71,62,50,57,+18 MissingAxioms=0,8,16,24,32,48 TotalTime=52.8
Step=74 PrevRays= 60921 ResultRays= 59681 RayPairs= 320932463 NewAxiom=19 PrevAxioms=1,2,3,4,5,6,7,9,10,12,14,17,18,20,22,25,28,33,36,40,41,44,49,56,64,72,11,13,15,21,23,68,76,27,70,26,29,37,51,38,73,75,43,42,50,34,71,74,60,62,35,61,57,31,55,78,67,69,79,46,47,53,59,45,63,77,30,39,54,58,66,52,65,+19 MissingAxioms=0,8,16,24,32,48 TotalTime=92.8
Step=74 PrevRays= 59557 ResultRays= 59681 RayPairs= 405009824 NewAxiom=20 PrevAxioms=1,2,3,4,5,6,7,9,10,12,14,17,18,21,22,25,28,33,36,40,41,44,49,56,64,72,11,13,15,19,23,68,76,27,35,43,29,37,39,42,26,30,31,34,45,47,52,53,55,74,60,61,75,70,71,69,77,51,50,63,79,67,78,65,66,59,46,54,58,38,62,73,57,+20 MissingAxioms=0,8,16,24,32,48 TotalTime=60.9
Step=74 PrevRays= 61347 ResultRays= 59681 RayPairs= 351584578 NewAxiom=21 PrevAxioms=1,2,3,4,5,6,7,9,10,12,14,17,18,20,22,25,28,33,36,40,41,44,49,56,64,72,11,13,15,19,23,68,76,27,38,35,43,46,29,42,53,34,47,37,26,66,58,59,45,69,70,55,71,31,51,50,67,78,79,75,62,73,77,30,39,52,54,63,61,65,74,60,57,+21 MissingAxioms=0,8,16,24,32,48 TotalTime=77.6
Step=74 PrevRays= 59005 ResultRays= 59681 RayPairs= 391645654 NewAxiom=22 PrevAxioms=1,2,3,4,5,6,7,9,10,12,14,17,18,20,23,25,28,33,36,40,41,44,49,56,64,72,11,13,15,19,21,68,76,27,35,43,29,37,39,42,26,30,34,45,47,52,46,53,55,74,60,61,75,63,59,54,69,62,71,50,31,51,77,79,67,65,78,38,70,73,58,66,57,+22 MissingAxioms=0,8,16,24,32,48 TotalTime=73.6
Step=74 PrevRays= 58034 ResultRays= 59681 RayPairs= 344263728 NewAxiom=23 PrevAxioms=1,2,3,4,5,6,7,9,10,12,14,17,18,20,22,25,28,33,36,40,41,44,49,56,64,72,11,13,15,19,21,68,76,27,35,38,43,46,39,42,26,30,31,34,45,66,58,70,59,69,47,63,77,79,78,29,75,51,55,67,65,37,73,54,62,52,53,61,71,60,74,50,57,+23 MissingAxioms=0,8,16,24,32,48 TotalTime=70.4
Step=74 PrevRays= 56707 ResultRays= 59681 RayPairs= 410338584 NewAxiom=25 PrevAxioms=1,2,3,4,5,6,7,9,10,12,14,17,18,20,22,26,28,33,36,40,41,44,49,56,64,72,11,13,15,19,21,23,68,76,27,51,35,43,29,37,34,38,69,73,31,71,46,47,67,75,70,79,78,66,58,59,50,55,62,42,53,45,39,77,30,54,63,61,52,74,60,65,57,+25 MissingAxioms=0,8,16,24,32,48 TotalTime=76.0
Step=74 PrevRays= 58930 ResultRays= 59681 RayPairs= 435692868 NewAxiom=26 PrevAxioms=1,2,3,4,5,6,7,9,10,12,14,17,18,20,22,25,28,33,36,40,41,44,49,56,64,72,11,13,15,19,21,23,68,76,27,35,43,29,37,42,53,34,38,31,46,78,51,70,55,71,67,54,47,45,69,79,75,52,61,63,39,77,65,59,62,50,30,57,66,58,60,74,73,+26 MissingAxioms=0,8,16,24,32,48 TotalTime=85.6
Step=74 PrevRays= 61001 ResultRays= 59681 RayPairs= 350262912 NewAxiom=27 PrevAxioms=1,2,3,4,5,6,7,9,10,12,14,17,18,20,22,25,28,33,36,40,41,44,49,56,64,72,11,13,15,19,21,23,68,76,35,43,51,29,53,34,37,38,69,78,31,46,47,67,71,70,66,58,59,50,42,26,62,30,39,45,55,79,75,77,63,61,73,54,52,65,74,60,57,+27 MissingAxioms=0,8,16,24,32,48 TotalTime=76.5
Step=74 PrevRays= 60338 ResultRays= 59681 RayPairs= 481494495 NewAxiom=28 PrevAxioms=1,2,3,4,5,6,7,9,10,12,14,17,18,20,22,25,29,33,36,40,41,44,49,56,64,72,11,13,15,19,21,23,53,68,76,35,43,51,34,37,38,46,31,69,78,30,47,67,71,66,58,42,59,70,50,26,62,39,55,79,27,75,77,63,61,57,45,73,54,52,74,60,65,+28 MissingAxioms=0,8,16,24,32,48 TotalTime=67.9
Step=74 PrevRays= 61483 ResultRays= 59681 RayPairs= 404983962 NewAxiom=29 PrevAxioms=1,2,3,4,5,6,7,9,10,12,14,17,18,20,22,25,28,33,36,40,41,44,49,56,64,72,11,13,15,19,21,23,68,76,27,35,43,30,42,45,31,26,46,34,74,60,69,78,47,79,37,39,77,51,55,50,38,59,63,73,75,67,71,70,61,62,53,65,54,66,58,52,57,+29 MissingAxioms=0,8,16,24,32,48 TotalTime=88.7
Step=74 PrevRays= 58887 ResultRays= 59681 RayPairs= 364121000 NewAxiom=30 PrevAxioms=1,2,3,4,5,6,7,9,10,12,14,17,18,20,22,25,28,33,36,40,41,44,49,56,64,72,11,13,15,19,21,23,68,76,27,35,43,29,37,42,53,34,38,31,46,26,74,60,75,55,78,61,52,54,47,51,79,45,69,67,71,63,70,65,77,39,59,62,50,58,66,73,57,+30 MissingAxioms=0,8,16,24,32,48 TotalTime=68.2
Step=74 PrevRays= 57997 ResultRays= 59681 RayPairs= 279968520 NewAxiom=31 PrevAxioms=1,2,3,4,5,6,7,9,10,12,14,17,18,20,22,25,28,33,36,40,41,44,49,56,64,72,11,13,15,19,21,23,68,76,27,35,43,29,37,42,53,34,38,46,47,26,45,65,69,78,67,55,52,66,58,62,70,61,63,59,39,75,71,54,51,79,77,30,50,73,74,60,57,+31 MissingAxioms=0,8,16,24,32,48 TotalTime=68.6
Step=74 PrevRays= 56670 ResultRays= 59681 RayPairs= 416767728 NewAxiom=33 PrevAxioms=1,2,3,4,5,6,7,9,10,12,14,17,18,20,22,25,28,34,36,40,41,44,49,56,64,72,11,13,15,19,21,23,68,76,27,35,29,37,43,53,38,78,65,26,39,42,66,58,62,55,61,70,71,46,31,67,75,30,52,51,79,77,63,69,45,47,54,59,50,73,74,60,57,+33 MissingAxioms=0,8,16,24,32,48 TotalTime=63.6
Step=74 PrevRays= 57695 ResultRays= 59681 RayPairs= 376791504 NewAxiom=34 PrevAxioms=1,2,3,4,5,6,7,9,10,12,14,17,18,20,22,25,28,33,36,40,41,44,49,56,64,72,11,13,15,19,21,23,68,76,27,35,43,29,37,42,53,38,26,46,47,45,65,69,70,31,30,78,71,55,67,52,51,77,54,50,59,57,61,39,63,79,75,62,66,58,60,74,73,+34 MissingAxioms=0,8,16,24,32,48 TotalTime=64.9
Step=74 PrevRays= 60921 ResultRays= 59681 RayPairs= 320932463 NewAxiom=35 PrevAxioms=1,2,3,4,5,6,7,9,10,12,14,17,18,20,22,25,28,33,36,40,41,44,49,56,64,72,11,13,15,19,21,23,68,76,27,43,29,37,42,53,34,38,31,46,26,74,60,75,55,78,61,52,54,47,51,79,45,69,67,71,63,77,65,70,59,39,30,62,50,57,66,58,73,+35 MissingAxioms=0,8,16,24,32,48 TotalTime=80.4
Step=74 PrevRays= 59557 ResultRays= 59681 RayPairs= 405009824 NewAxiom=36 PrevAxioms=1,2,3,4,5,6,7,9,10,12,14,17,18,20,22,25,28,33,37,40,41,44,49,56,64,72,11,13,15,19,21,23,68,76,27,35,43,29,39,42,53,34,30,45,47,26,65,69,38,78,46,67,52,71,51,31,66,58,62,59,55,79,70,75,74,60,61,63,77,73,54,50,57,+36 MissingAxioms=0,8,16,24,32,48 TotalTime=57.4
Step=74 PrevRays= 61347 ResultRays= 59681 RayPairs= 351584578 NewAxiom=37 PrevAxioms=1,2,3,4,5,6,7,9,10,12,14,17,18,20,22,25,28,33,36,40,41,44,49,56,64,72,11,13,15,19,21,23,68,76,27,35,43,29,42,53,34,30,38,46,26,31,74,60,75,69,45,78,39,55,52,61,71,70,66,62,65,51,77,67,79,47,58,59,63,50,73,54,57,+37 MissingAxioms=0,8,16,24,32,48 TotalTime=61.8
Step=74 PrevRays= 59005 ResultRays= 59681 RayPairs= 391645654 NewAxiom=38 PrevAxioms=1,2,3,4,5,6,7,9,10,12,14,17,18,20,22,25,28,33,36,40,41,44,49,56,64,72,11,13,15,19,21,23,68,76,27,35,43,29,37,42,53,34,30,39,26,74,60,55,75,61,52,63,54,59,57,69,50,71,45,70,51,31,77,47,79,67,46,78,62,65,66,58,73,+38 MissingAxioms=0,8,16,24,32,48 TotalTime=62.7
Step=74 PrevRays= 58034 ResultRays= 59681 RayPairs= 344263728 NewAxiom=39 PrevAxioms=1,2,3,4,5,6,7,9,10,12,14,17,18,20,22,25,28,33,36,40,41,44,49,56,64,72,11,13,15,19,21,23,68,76,27,35,43,29,37,42,53,34,38,31,46,26,74,60,75,55,78,61,52,54,47,51,79,45,69,67,71,63,70,65,77,59,62,50,30,73,58,66,57,+39 MissingAxioms=0,8,16,24,32,48 TotalTime=66.2
Step=74 PrevRays= 46425 ResultRays= 59681 RayPairs= 181586825 NewAxiom=40 PrevAxioms=1,2,3,4,5,6,7,9,10,12,14,17,18,20,22,25,28,33,36,41,44,49,56,57,64,72,11,13,15,19,21,23,27,59,26,29,37,61,30,43,45,42,35,52,53,73,39,76,68,63,77,75,74,51,38,46,31,62,70,78,34,79,55,54,69,71,67,47,60,50,58,66,65,+40 MissingAxioms=0,8,16,24,32,48 TotalTime=41.7
Step=74 PrevRays= 64154 ResultRays= 59681 RayPairs= 565574640 NewAxiom=41 PrevAxioms=1,2,3,4,5,6,7,9,10,12,14,17,18,20,22,25,28,33,36,40,42,44,49,56,64,72,11,13,15,19,21,23,68,76,27,43,35,29,37,53,34,38,26,46,47,74,60,69,75,55,31,78,70,57,59,45,71,61,62,39,52,79,67,51,63,77,30,65,54,66,58,50,73,+41 MissingAxioms=0,8,16,24,32,48 TotalTime=77.9
Step=74 PrevRays= 62863 ResultRays= 59681 RayPairs= 499079392 NewAxiom=42 PrevAxioms=1,2,3,4,5,6,7,9,10,12,14,17,18,20,22,25,28,33,36,40,41,44,49,56,64,72,11,13,15,19,21,23,68,76,27,35,43,29,37,53,34,38,78,65,26,39,67,50,57,59,30,45,46,69,31,63,54,77,51,79,70,61,73,55,71,47,75,74,60,62,58,66,52,+42 MissingAxioms=0,8,16,24,32,48 TotalTime=72.9
Step=74 PrevRays= 60855 ResultRays= 59681 RayPairs= 291461520 NewAxiom=43 PrevAxioms=1,2,3,4,5,6,7,9,10,12,14,17,18,20,22,25,28,33,36,40,41,44,49,56,64,72,11,13,15,19,21,23,68,76,27,35,29,37,53,34,38,26,65,78,67,66,58,62,55,31,70,61,71,46,69,52,51,79,63,59,75,39,45,54,77,47,30,60,74,50,73,42,57,+43 MissingAxioms=0,8,16,24,32,48 TotalTime=86.9
Step=74 PrevRays= 68187 ResultRays= 59681 RayPairs= 519670284 NewAxiom=44 PrevAxioms=1,2,3,4,5,6,7,9,10,12,14,17,18,20,22,25,28,33,36,40,41,45,49,56,64,72,11,13,15,19,21,23,27,35,43,29,37,46,42,53,47,34,38,26,65,39,31,69,67,71,52,78,51,66,58,59,79,75,55,70,61,63,68,77,30,54,62,76,73,74,60,50,57,+44 MissingAxioms=0,8,16,24,32,48 TotalTime=106.9
Step=74 PrevRays= 59885 ResultRays= 59681 RayPairs= 310345380 NewAxiom=45 PrevAxioms=1,2,3,4,5,6,7,9,10,12,14,17,18,20,22,25,28,33,36,40,41,44,49,56,64,72,11,13,15,19,21,23,68,76,27,35,43,29,37,42,53,34,38,31,46,26,74,60,75,55,78,61,52,54,47,51,79,69,67,71,63,70,73,50,30,77,59,39,62,65,66,58,57,+45 MissingAxioms=0,8,16,24,32,48 TotalTime=70.3
Step=74 PrevRays= 60553 ResultRays= 59681 RayPairs= 416700292 NewAxiom=46 PrevAxioms=1,2,3,4,5,6,7,9,10,12,14,17,18,20,22,25,28,33,36,40,41,44,49,56,64,72,11,13,15,19,21,23,68,76,27,35,43,29,37,42,53,34,38,31,78,26,65,67,79,55,51,52,54,60,61,74,75,71,47,70,45,69,63,77,39,59,30,62,50,73,66,58,57,+46 MissingAxioms=0,8,16,24,32,48 TotalTime=80.6
Step=74 PrevRays= 57441 ResultRays= 59681 RayPairs= 334170200 NewAxiom=47 PrevAxioms=1,2,3,4,5,6,7,9,10,12,14,17,18,20,22,25,28,33,36,40,41,44,49,56,64,72,11,13,15,19,21,23,68,76,27,35,43,29,37,42,53,34,38,31,46,26,74,60,75,55,78,61,52,54,66,58,70,71,62,51,69,79,67,59,50,63,77,57,45,39,30,65,73,+47 MissingAxioms=0,8,16,24,32,48 TotalTime=46.1
Step=74 PrevRays= 60589 ResultRays= 59681 RayPairs= 472689904 NewAxiom=49 PrevAxioms=1,2,3,4,5,6,7,9,10,12,14,17,18,20,22,25,28,33,36,40,41,44,50,56,64,72,11,13,15,19,21,23,68,76,27,51,35,43,30,42,45,46,26,38,34,54,77,31,39,70,55,74,60,62,63,78,69,59,52,61,47,79,73,37,75,29,71,67,53,57,58,66,65,+49 MissingAxioms=0,8,16,24,32,48 TotalTime=68.9
Step=74 PrevRays= 59814 ResultRays= 59681 RayPairs= 456455769 NewAxiom=50 PrevAxioms=1,2,3,4,5,6,7,9,10,12,14,17,18,20,22,25,28,33,36,40,41,44,49,56,64,72,11,13,15,19,21,23,68,76,27,35,43,29,37,42,53,34,38,31,46,26,74,60,75,55,78,61,52,54,47,51,79,45,69,67,71,63,70,65,77,39,59,30,62,73,66,58,57,+50 MissingAxioms=0,8,16,24,32,48 TotalTime=68.5
Step=74 PrevRays= 59254 ResultRays= 59681 RayPairs= 311251680 NewAxiom=51 PrevAxioms=1,2,3,4,5,6,7,9,10,12,14,17,18,20,22,25,28,33,36,40,41,44,49,56,64,72,11,13,15,19,21,23,68,76,27,35,43,29,37,42,53,34,38,31,46,26,74,60,75,55,78,61,52,54,47,69,67,45,65,71,70,63,62,59,39,79,77,30,50,57,66,58,73,+51 MissingAxioms=0,8,16,24,32,48 TotalTime=75.7
Step=74 PrevRays= 59814 ResultRays= 59681 RayPairs= 456455769 NewAxiom=52 PrevAxioms=1,2,3,4,5,6,7,9,10,12,14,17,18,20,22,25,28,33,36,40,41,44,49,56,64,72,11,13,15,19,21,23,68,76,27,35,43,29,37,42,53,34,38,31,46,26,74,60,75,55,78,61,54,66,70,71,62,51,69,79,67,63,65,58,59,39,45,77,73,30,47,50,57,+52 MissingAxioms=0,8,16,24,32,48 TotalTime=55.3
Step=74 PrevRays= 59254 ResultRays= 59681 RayPairs= 311251680 NewAxiom=53 PrevAxioms=1,2,3,4,5,6,7,9,10,12,14,17,18,20,22,25,28,33,36,40,41,44,49,56,64,72,11,13,15,19,21,23,68,76,27,35,43,29,37,42,30,26,39,34,45,47,52,54,69,71,67,55,77,50,70,51,31,46,78,63,61,62,59,79,75,38,73,57,58,66,74,60,65,+53 MissingAxioms=0,8,16,24,32,48 TotalTime=79.5
Step=74 PrevRays= 59196 ResultRays= 59681 RayPairs= 374463902 NewAxiom=54 PrevAxioms=1,2,3,4,5,6,7,9,10,12,14,17,18,20,22,25,28,33,36,40,41,44,49,56,64,72,11,13,15,19,21,23,68,76,27,35,43,29,37,42,53,34,38,31,46,26,74,60,75,55,78,61,52,47,51,45,79,70,62,71,67,69,65,63,59,39,77,30,50,73,66,58,57,+54 MissingAxioms=0,8,16,24,32,48 TotalTime=77.2
Step=74 PrevRays= 58241 ResultRays= 59681 RayPairs= 327948675 NewAxiom=55 PrevAxioms=1,2,3,4,5,6,7,9,10,12,14,17,18,20,22,25,28,33,36,40,41,44,49,56,64,72,11,13,15,19,21,23,68,76,27,35,43,29,37,42,53,34,38,31,46,26,74,60,75,69,78,45,39,67,61,52,54,71,63,59,70,47,65,51,66,58,30,77,79,50,62,73,57,+55 MissingAxioms=0,8,16,24,32,48 TotalTime=65.5
Step=74 PrevRays= 45355 ResultRays= 59681 RayPairs= 137776548 NewAxiom=56 PrevAxioms=1,2,3,4,5,6,7,9,10,12,14,17,18,20,22,25,28,33,36,40,41,44,49,57,64,72,11,13,15,19,21,23,68,76,27,59,26,29,37,61,30,43,42,45,35,77,39,52,53,63,50,69,75,47,71,46,60,74,54,70,79,67,51,31,38,55,78,58,62,66,73,34,65,+56 MissingAxioms=0,8,16,24,32,48 TotalTime=40.4
Step=74 PrevRays= 65039 ResultRays= 59681 RayPairs= 596724084 NewAxiom=57 PrevAxioms=1,2,3,4,5,6,7,9,10,12,14,17,18,20,22,25,28,33,36,40,41,44,49,56,64,72,11,13,15,19,21,23,68,76,27,35,43,29,37,42,53,34,38,31,46,26,74,60,75,55,78,61,52,54,47,51,79,45,69,67,71,63,70,65,77,39,59,30,62,50,73,66,58,+57 MissingAxioms=0,8,16,24,32,48 TotalTime=70.4
Step=74 PrevRays= 66560 ResultRays= 59681 RayPairs= 517626536 NewAxiom=58 PrevAxioms=1,2,3,4,5,6,7,9,10,12,14,17,18,20,22,25,28,33,36,40,41,44,49,56,64,72,11,13,15,19,21,23,68,76,27,35,43,29,37,42,53,34,38,31,46,26,74,60,75,55,78,61,52,54,47,51,79,45,69,67,71,63,70,65,77,39,59,30,62,50,73,66,57,+58 MissingAxioms=0,8,16,24,32,48 TotalTime=71.4
Step=74 PrevRays= 60254 ResultRays= 59681 RayPairs= 300890403 NewAxiom=59 PrevAxioms=1,2,3,4,5,6,7,9,10,12,14,17,18,20,22,25,28,33,36,40,41,44,49,56,64,72,11,13,15,19,21,23,68,76,27,35,43,29,37,42,53,34,38,31,46,26,74,60,75,55,78,61,52,54,47,51,79,45,69,67,71,63,70,65,77,39,62,30,50,58,66,73,57,+59 MissingAxioms=0,8,16,24,32,48 TotalTime=61.8
Step=74 PrevRays= 66560 ResultRays= 59681 RayPairs= 517626536 NewAxiom=60 PrevAxioms=1,2,3,4,5,6,7,9,10,12,14,17,18,20,22,25,28,33,36,40,41,44,49,56,64,72,11,13,15,19,21,23,68,76,27,35,43,29,37,42,53,34,38,31,46,26,74,75,55,78,61,51,79,70,71,67,69,63,73,50,47,45,77,30,59,39,54,62,52,65,66,58,57,+60 MissingAxioms=0,8,16,24,32,48 TotalTime=94.8
Step=74 PrevRays= 60254 ResultRays= 59681 RayPairs= 300890403 NewAxiom=61 PrevAxioms=1,2,3,4,5,6,7,9,10,12,14,17,18,20,22,25,28,33,36,40,41,44,49,56,64,72,11,13,15,19,21,23,68,76,27,35,43,29,37,42,53,34,38,31,46,26,74,60,75,55,78,69,52,47,67,57,45,71,70,62,51,79,39,59,63,77,30,54,50,65,66,58,73,+61 MissingAxioms=0,8,16,24,32,48 TotalTime=77.6
Step=74 PrevRays= 59232 ResultRays= 59681 RayPairs= 387769745 NewAxiom=62 PrevAxioms=1,2,3,4,5,6,7,9,10,12,14,17,18,20,22,25,28,33,36,40,41,44,49,56,64,72,11,13,15,19,21,23,68,76,27,35,43,29,37,42,53,34,38,31,46,26,74,60,75,55,78,61,52,54,47,51,79,45,69,67,71,63,70,65,77,39,59,30,50,66,58,73,57,+62 MissingAxioms=0,8,16,24,32,48 TotalTime=65.1
Step=74 PrevRays= 57307 ResultRays= 59681 RayPairs= 321484876 NewAxiom=63 PrevAxioms=1,2,3,4,5,6,7,9,10,12,14,17,18,20,22,25,28,33,36,40,41,44,49,56,64,72,11,13,15,19,21,23,68,76,27,35,43,29,37,42,53,34,38,31,46,26,74,60,75,55,78,61,52,54,47,51,79,45,69,67,71,70,73,50,77,30,62,39,59,58,66,65,57,+63 MissingAxioms=0,8,16,24,32,48 TotalTime=50.6
Step=74 PrevRays= 52883 ResultRays= 59681 RayPairs= 239842900 NewAxiom=64 PrevAxioms=1,2,3,4,5,6,7,9,10,12,14,17,18,20,22,25,28,33,36,40,41,44,49,56,65,72,11,13,15,19,21,23,76,27,67,26,29,37,30,35,43,34,45,69,53,47,54,52,39,71,68,77,79,75,61,63,59,70,46,31,51,38,78,55,62,66,50,74,60,58,73,42,57,+64 MissingAxioms=0,8,16,24,32,48 TotalTime=81.2
Step=74 PrevRays= 62938 ResultRays= 59681 RayPairs= 528361024 NewAxiom=65 PrevAxioms=1,2,3,4,5,6,7,9,10,12,14,17,18,20,22,25,28,33,36,40,41,44,49,56,64,72,11,13,15,19,21,23,68,76,27,35,43,29,37,42,53,34,38,31,46,26,74,60,75,55,78,61,52,54,47,51,79,45,69,67,71,63,70,39,77,59,73,30,62,50,58,66,57,+65 MissingAxioms=0,8,16,24,32,48 TotalTime=58.9
Step=74 PrevRays= 65772 ResultRays= 59681 RayPairs= 470267840 NewAxiom=66 PrevAxioms=1,2,3,4,5,6,7,9,10,12,14,17,18,20,22,25,28,33,36,40,41,44,49,56,64,72,11,13,15,19,21,23,68,76,27,35,43,29,37,42,53,34,38,31,46,26,74,60,75,55,78,61,52,54,47,51,79,45,69,67,71,63,70,65,77,39,59,30,62,50,73,58,57,+66 MissingAxioms=0,8,16,24,32,48 TotalTime=71.1
Step=74 PrevRays= 60043 ResultRays= 59681 RayPairs= 274572677 NewAxiom=67 PrevAxioms=1,2,3,4,5,6,7,9,10,12,14,17,18,20,22,25,28,33,36,40,41,44,49,56,64,72,11,13,15,19,21,23,68,76,27,35,43,29,37,42,53,34,38,31,46,26,74,60,75,55,78,61,52,54,47,51,79,45,69,63,71,70,39,77,59,65,62,30,50,73,66,58,57,+67 MissingAxioms=0,8,16,24,32,48 TotalTime=70.1
Step=74 PrevRays= 66837 ResultRays= 59681 RayPairs= 457749455 NewAxiom=68 PrevAxioms=1,2,3,4,5,6,7,9,10,12,14,17,18,20,22,25,28,33,36,40,41,44,49,56,64,72,11,13,15,19,21,23,76,27,35,43,29,37,42,53,34,38,31,46,26,74,60,75,55,78,61,52,54,47,51,79,45,63,69,71,67,70,73,39,77,30,59,62,50,65,66,58,57,+68 MissingAxioms=0,8,16,24,32,48 TotalTime=82.9
Step=74 PrevRays= 59600 ResultRays= 59681 RayPairs= 302103816 NewAxiom=69 PrevAxioms=1,2,3,4,5,6,7,9,10,12,14,17,18,20,22,25,28,33,36,40,41,44,49,56,64,72,11,13,15,19,21,23,68,76,27,35,43,29,37,42,53,34,38,31,46,26,74,60,75,55,78,61,52,54,47,51,79,45,63,39,77,59,30,62,70,71,67,73,50,58,66,65,57,+69 MissingAxioms=0,8,16,24,32,48 TotalTime=52.0
Step=74 PrevRays= 57497 ResultRays= 59681 RayPairs= 291190140 NewAxiom=70 PrevAxioms=1,2,3,4,5,6,7,9,10,12,14,17,18,20,22,25,28,33,36,40,41,44,49,56,64,72,11,13,15,19,21,23,68,76,27,35,43,29,37,42,53,34,38,31,46,26,74,60,75,55,78,61,52,54,47,51,79,45,69,67,71,63,65,62,59,39,77,30,50,73,66,58,57,+70 MissingAxioms=0,8,16,24,32,48 TotalTime=64.2
Step=74 PrevRays= 57568 ResultRays= 59681 RayPairs= 363044000 NewAxiom=71 PrevAxioms=1,2,3,4,5,6,7,9,10,12,14,17,18,20,22,25,28,33,36,40,41,44,49,56,64,72,11,13,15,19,21,23,68,76,27,35,43,29,37,42,53,34,38,31,46,26,74,60,75,55,78,61,52,54,47,51,79,45,69,67,65,77,39,30,73,63,59,62,70,66,58,50,57,+71 MissingAxioms=0,8,16,24,32,48 TotalTime=55.3
Step=74 PrevRays= 52883 ResultRays= 59681 RayPairs= 239842900 NewAxiom=72 PrevAxioms=1,2,3,4,5,6,7,9,10,12,14,17,18,20,22,25,28,33,36,40,41,44,49,56,64,73,11,13,15,19,21,23,68,27,35,43,29,37,42,53,34,38,31,46,26,66,58,59,75,55,70,69,71,67,74,78,47,45,76,62,39,30,77,54,63,61,79,51,52,65,60,50,57,+72 MissingAxioms=0,8,16,24,32,48 TotalTime=57.4
Step=74 PrevRays= 62938 ResultRays= 59681 RayPairs= 528361024 NewAxiom=73 PrevAxioms=1,2,3,4,5,6,7,9,10,12,14,17,18,20,22,25,28,33,36,40,41,44,49,56,64,72,11,13,15,19,21,23,68,76,27,35,43,29,37,42,53,34,38,31,46,26,74,60,75,55,78,61,52,54,47,51,79,45,69,67,71,63,70,65,77,39,59,30,62,50,57,66,58,+73 MissingAxioms=0,8,16,24,32,48 TotalTime=69.5
Step=74 PrevRays= 65772 ResultRays= 59681 RayPairs= 470267840 NewAxiom=74 PrevAxioms=1,2,3,4,5,6,7,9,10,12,14,17,18,20,22,25,28,33,36,40,41,44,49,56,64,72,11,13,15,19,21,23,68,76,27,35,43,29,37,42,53,34,38,31,46,26,78,69,45,39,67,55,52,51,79,65,77,73,30,57,59,54,63,62,61,70,71,75,47,66,58,60,50,+74 MissingAxioms=0,8,16,24,32,48 TotalTime=69.4
Step=74 PrevRays= 60043 ResultRays= 59681 RayPairs= 274572677 NewAxiom=75 PrevAxioms=1,2,3,4,5,6,7,9,10,12,14,17,18,20,22,25,28,33,36,40,41,44,49,56,64,72,11,13,15,19,21,23,68,76,27,35,43,29,37,42,53,34,38,31,46,26,74,60,55,78,61,52,54,73,69,63,51,71,70,66,58,67,79,50,59,77,45,30,39,47,62,65,57,+75 MissingAxioms=0,8,16,24,32,48 TotalTime=63.2
Step=74 PrevRays= 66837 ResultRays= 59681 RayPairs= 457749455 NewAxiom=76 PrevAxioms=1,2,3,4,5,6,7,9,10,12,14,17,18,20,22,25,28,33,36,40,41,44,49,56,64,72,11,13,15,19,21,23,68,27,35,43,29,37,42,53,34,38,31,46,26,66,58,59,69,45,70,55,71,67,51,50,62,47,78,79,75,73,39,77,30,63,61,54,52,65,74,60,57,+76 MissingAxioms=0,8,16,24,32,48 TotalTime=108.6
Step=74 PrevRays= 59600 ResultRays= 59681 RayPairs= 302103816 NewAxiom=77 PrevAxioms=1,2,3,4,5,6,7,9,10,12,14,17,18,20,22,25,28,33,36,40,41,44,49,56,64,72,11,13,15,19,21,23,68,76,27,35,43,29,37,42,53,34,38,31,46,26,74,60,75,55,78,61,52,54,47,51,79,45,69,67,71,63,70,65,62,59,39,30,50,57,66,58,73,+77 MissingAxioms=0,8,16,24,32,48 TotalTime=92.4
Step=74 PrevRays= 57497 ResultRays= 59681 RayPairs= 291190140 NewAxiom=78 PrevAxioms=1,2,3,4,5,6,7,9,10,12,14,17,18,20,22,25,28,33,36,40,41,44,49,56,64,72,11,13,15,19,21,23,68,76,27,35,43,29,37,42,53,34,38,31,46,26,74,60,75,55,61,52,51,63,69,71,70,66,58,59,39,62,47,67,45,79,65,54,77,30,50,73,57,+78 MissingAxioms=0,8,16,24,32,48 TotalTime=61.2
Step=74 PrevRays= 57568 ResultRays= 59681 RayPairs= 363044000 NewAxiom=79 PrevAxioms=1,2,3,4,5,6,7,9,10,12,14,17,18,20,22,25,28,33,36,40,41,44,49,56,64,72,11,13,15,19,21,23,68,76,27,35,43,29,37,42,53,34,38,31,46,26,74,60,75,55,78,61,52,54,47,51,69,67,45,65,71,70,63,62,59,39,30,77,50,73,66,58,57,+79 MissingAxioms=0,8,16,24,32,48 TotalTime=82.4

Ordered by number of ray pairs:
Step=74 #######....................... (min) Axiom56 41() - g0 f(1) + f(4) >= f(1,4)
Step=74 #########..................... Axiom40 32() - g0 f(2) + f(3) >= f(2,3)
Step=74 ############.................. Axiom7 10(2,3,4) - g3 f(0,1,2,3,4) >= f(2,3,4)
Step=74 ############.................. Axiom64 42() - g0 f(2) + f(4) >= f(2,4)
Step=74 ############.................. Axiom72 43() - g0 f(3) + f(4) >= f(3,4)
Step=74 ##############................ Axiom67 42(0,1) - g2 f(0,1,2) + f(0,1,4) >= f(0,1) + f(0,1,2,3,4)
Step=74 ##############................ Axiom75 43(0,1) - g2 f(0,1,3) + f(0,1,4) >= f(0,1) + f(0,1,2,3,4)
Step=74 ##############................ Axiom15 20(1,3,4) - g3 f(0,1,2,3,4) >= f(1,3,4)
Step=74 ##############................ Axiom31 30(1,2,4) - g3 f(0,1,2,3,4) >= f(1,2,4)
Step=74 ###############............... Axiom70 42(1,3) - g2 f(1,2,3) + f(1,3,4) >= f(1,3) + f(0,1,2,3,4)
Step=74 ###############............... Axiom78 43(1,2) - g2 f(1,2,3) + f(1,2,4) >= f(1,2) + f(0,1,2,3,4)
Step=74 ###############............... Axiom43 32(0,1) - g2 f(0,1,2) + f(0,1,3) >= f(0,1) + f(0,1,2,3,4)
Step=74 ###############............... Axiom59 41(0,2) - g2 f(0,1,2) + f(0,2,4) >= f(0,2) + f(0,1,2,3,4)
Step=74 ###############............... Axiom61 41(0,3) - g2 f(0,1,3) + f(0,3,4) >= f(0,3) + f(0,1,2,3,4)
Step=74 ###############............... Axiom69 42(0,3) - g2 f(0,2,3) + f(0,3,4) >= f(0,3) + f(0,1,2,3,4)
Step=74 ###############............... Axiom77 43(0,2) - g2 f(0,2,3) + f(0,2,4) >= f(0,2) + f(0,1,2,3,4)
Step=74 ################.............. Axiom45 32(0,4) - g2 f(0,2,4) + f(0,3,4) >= f(0,1,2,3,4) + f(0,4)
Step=74 ################.............. Axiom51 40(1,2) - g2 f(0,1,2) + f(1,2,4) >= f(1,2) + f(0,1,2,3,4)
Step=74 ################.............. Axiom53 40(1,3) - g2 f(0,1,3) + f(1,3,4) >= f(1,3) + f(0,1,2,3,4)
Step=74 ################.............. Axiom19 21(0,3) - g2 f(0,1,3) + f(0,2,3) >= f(0,3) + f(0,1,2,3,4)
Step=74 ################.............. Axiom35 31(0,2) - g2 f(0,1,2) + f(0,2,3) >= f(0,2) + f(0,1,2,3,4)
Step=74 ################.............. Axiom63 41(0,2,3) - g3 f(0,1,2,3,4) >= f(0,2,3)
Step=74 ################.............. Axiom55 40(1,2,3) - g3 f(0,1,2,3,4) >= f(1,2,3)
Step=74 #################............. Axiom47 32(0,1,4) - g3 f(0,1,2,3,4) >= f(0,1,4)
Step=74 #################............. Axiom23 21(0,3,4) - g3 f(0,1,2,3,4) >= f(0,3,4)
Step=74 #################............. Axiom39 31(0,2,4) - g3 f(0,1,2,3,4) >= f(0,2,4)
Step=74 ##################............ Axiom11 20(1,3) - g2 f(0,1,3) + f(1,2,3) >= f(1,3) + f(0,1,2,3,4)
Step=74 ##################............ Axiom27 30(1,2) - g2 f(0,1,2) + f(1,2,3) >= f(1,2) + f(0,1,2,3,4)
Step=74 ##################............ Axiom21 21(0,4) - g2 f(0,1,4) + f(0,2,4) >= f(0,1,2,3,4) + f(0,4)
Step=74 ##################............ Axiom37 31(0,4) - g2 f(0,1,4) + f(0,3,4) >= f(0,1,2,3,4) + f(0,4)
Step=74 ##################............ Axiom71 42(0,1,3) - g3 f(0,1,2,3,4) >= f(0,1,3)
Step=74 ##################............ Axiom79 43(0,1,2) - g3 f(0,1,2,3,4) >= f(0,1,2)
Step=74 ##################............ Axiom14 20(3,4) - g2 f(0,3,4) + f(2,3,4) >= f(0,1,2,3,4) + f(3,4)
Step=74 ##################............ Axiom30 30(2,4) - g2 f(0,2,4) + f(2,3,4) >= f(0,1,2,3,4) + f(2,4)
Step=74 ###################........... Axiom54 40(2,3) - g2 f(0,2,3) + f(2,3,4) >= f(2,3) + f(0,1,2,3,4)
Step=74 ###################........... Axiom18 21(3) - g1 f(1,3) + f(2,3) >= f(3) + f(1,2,3)
Step=74 ###################........... Axiom34 31(2) - g1 f(1,2) + f(2,3) >= f(2) + f(1,2,3)
Step=74 ###################........... Axiom62 41(2,3) - g2 f(1,2,3) + f(2,3,4) >= f(2,3) + f(0,1,2,3,4)
Step=74 ####################.......... Axiom22 21(3,4) - g2 f(1,3,4) + f(2,3,4) >= f(0,1,2,3,4) + f(3,4)
Step=74 ####################.......... Axiom38 31(2,4) - g2 f(1,2,4) + f(2,3,4) >= f(0,1,2,3,4) + f(2,4)
Step=74 ####################.......... Axiom3 10(2,3) - g2 f(0,2,3) + f(1,2,3) >= f(2,3) + f(0,1,2,3,4)
Step=74 ####################.......... Axiom1 10(2) - g1 f(0,2) + f(1,2) >= f(2) + f(0,1,2)
Step=74 ####################.......... Axiom2 10(3) - g1 f(0,3) + f(1,3) >= f(3) + f(0,1,3)
Step=74 ####################.......... Axiom13 20(1,4) - g2 f(0,1,4) + f(1,2,4) >= f(0,1,2,3,4) + f(1,4)
Step=74 ####################.......... Axiom29 30(1,4) - g2 f(0,1,4) + f(1,3,4) >= f(0,1,2,3,4) + f(1,4)
Step=74 ####################.......... Axiom20 21(4) - g1 f(1,4) + f(2,4) >= f(4) + f(1,2,4)
Step=74 ####################.......... Axiom36 31(4) - g1 f(1,4) + f(3,4) >= f(4) + f(1,3,4)
Step=74 #####################......... Axiom9 20(1) - g1 f(0,1) + f(1,2) >= f(1) + f(0,1,2)
Step=74 #####################......... Axiom25 30(1) - g1 f(0,1) + f(1,3) >= f(1) + f(0,1,3)
Step=74 #####################......... Axiom46 32(1,4) - g2 f(1,2,4) + f(1,3,4) >= f(0,1,2,3,4) + f(1,4)
Step=74 #####################......... Axiom17 21(0) - g1 f(0,1) + f(0,2) >= f(0) + f(0,1,2)
Step=74 #####################......... Axiom33 31(0) - g1 f(0,1) + f(0,3) >= f(0) + f(0,1,3)
Step=74 #####################......... Axiom5 10(2,4) - g2 f(0,2,4) + f(1,2,4) >= f(0,1,2,3,4) + f(2,4)
Step=74 #####################......... Axiom6 10(3,4) - g2 f(0,3,4) + f(1,3,4) >= f(0,1,2,3,4) + f(3,4)
Step=74 ######################........ Axiom10 20(3) - g1 f(0,3) + f(2,3) >= f(3) + f(0,2,3)
Step=74 ######################........ Axiom26 30(2) - g1 f(0,2) + f(2,3) >= f(2) + f(0,2,3)
Step=74 ######################........ Axiom4 10(4) - g1 f(0,4) + f(1,4) >= f(4) + f(0,1,4)
Step=74 #######################....... Axiom50 40(2) - g1 f(0,2) + f(2,4) >= f(2) + f(0,2,4)
Step=74 #######################....... Axiom52 40(3) - g1 f(0,3) + f(3,4) >= f(3) + f(0,3,4)
Step=74 #######################....... Axiom68 42(3) - g1 f(2,3) + f(3,4) >= f(3) + f(2,3,4)
Step=74 #######################....... Axiom76 43(2) - g1 f(2,3) + f(2,4) >= f(2) + f(2,3,4)
Step=74 ########################...... Axiom66 42(1) - g1 f(1,2) + f(1,4) >= f(1) + f(1,2,4)
Step=74 ########################...... Axiom74 43(1) - g1 f(1,3) + f(1,4) >= f(1) + f(1,3,4)
Step=74 ########################...... Axiom49 40(1) - g1 f(0,1) + f(1,4) >= f(1) + f(0,1,4)
Step=74 ########################...... Axiom12 20(4) - g1 f(0,4) + f(2,4) >= f(4) + f(0,2,4)
Step=74 ########################...... Axiom28 30(4) - g1 f(0,4) + f(3,4) >= f(4) + f(0,3,4)
Step=74 #########################..... Axiom42 32(1) - g1 f(1,2) + f(1,3) >= f(1) + f(1,2,3)
Step=74 ##########################.... Axiom58 41(2) - g1 f(1,2) + f(2,4) >= f(2) + f(1,2,4)
Step=74 ##########################.... Axiom60 41(3) - g1 f(1,3) + f(3,4) >= f(3) + f(1,3,4)
Step=74 ##########################.... Axiom44 32(4) - g1 f(2,4) + f(3,4) >= f(4) + f(2,3,4)
Step=74 ###########################... Axiom65 42(0) - g1 f(0,2) + f(0,4) >= f(0) + f(0,2,4)
Step=74 ###########################... Axiom73 43(0) - g1 f(0,3) + f(0,4) >= f(0) + f(0,3,4)
Step=74 ############################.. Axiom41 32(0) - g1 f(0,2) + f(0,3) >= f(0) + f(0,2,3)
Step=74 ############################## Axiom57 41(0) - g1 f(0,1) + f(0,4) >= f(0) + f(0,1,4)

Ordered by number of previous rays:
Step=74 $$$$$$$$$$$$$$$$$$$$.......... (min) Axiom56 41() - g0 f(1) + f(4) >= f(1,4)
Step=74 $$$$$$$$$$$$$$$$$$$$.......... Axiom40 32() - g0 f(2) + f(3) >= f(2,3)
Step=74 $$$$$$$$$$$$$$$$$$$$$$$....... Axiom64 42() - g0 f(2) + f(4) >= f(2,4)
Step=74 $$$$$$$$$$$$$$$$$$$$$$$....... Axiom72 43() - g0 f(3) + f(4) >= f(3,4)
Step=74 $$$$$$$$$$$$$$$$$$$$$$$$$..... Axiom17 21(0) - g1 f(0,1) + f(0,2) >= f(0) + f(0,1,2)
Step=74 $$$$$$$$$$$$$$$$$$$$$$$$$..... Axiom33 31(0) - g1 f(0,1) + f(0,3) >= f(0) + f(0,1,3)
Step=74 $$$$$$$$$$$$$$$$$$$$$$$$$..... Axiom1 10(2) - g1 f(0,2) + f(1,2) >= f(2) + f(0,1,2)
Step=74 $$$$$$$$$$$$$$$$$$$$$$$$$..... Axiom2 10(3) - g1 f(0,3) + f(1,3) >= f(3) + f(0,1,3)
Step=74 $$$$$$$$$$$$$$$$$$$$$$$$$..... Axiom9 20(1) - g1 f(0,1) + f(1,2) >= f(1) + f(0,1,2)
Step=74 $$$$$$$$$$$$$$$$$$$$$$$$$..... Axiom25 30(1) - g1 f(0,1) + f(1,3) >= f(1) + f(0,1,3)
Step=74 $$$$$$$$$$$$$$$$$$$$$$$$$..... Axiom63 41(0,2,3) - g3 f(0,1,2,3,4) >= f(0,2,3)
Step=74 $$$$$$$$$$$$$$$$$$$$$$$$$..... Axiom47 32(0,1,4) - g3 f(0,1,2,3,4) >= f(0,1,4)
Step=74 $$$$$$$$$$$$$$$$$$$$$$$$$..... Axiom70 42(1,3) - g2 f(1,2,3) + f(1,3,4) >= f(1,3) + f(0,1,2,3,4)
Step=74 $$$$$$$$$$$$$$$$$$$$$$$$$..... Axiom78 43(1,2) - g2 f(1,2,3) + f(1,2,4) >= f(1,2) + f(0,1,2,3,4)
Step=74 $$$$$$$$$$$$$$$$$$$$$$$$$..... Axiom71 42(0,1,3) - g3 f(0,1,2,3,4) >= f(0,1,3)
Step=74 $$$$$$$$$$$$$$$$$$$$$$$$$..... Axiom79 43(0,1,2) - g3 f(0,1,2,3,4) >= f(0,1,2)
Step=74 $$$$$$$$$$$$$$$$$$$$$$$$$..... Axiom18 21(3) - g1 f(1,3) + f(2,3) >= f(3) + f(1,2,3)
Step=74 $$$$$$$$$$$$$$$$$$$$$$$$$..... Axiom34 31(2) - g1 f(1,2) + f(2,3) >= f(2) + f(1,2,3)
Step=74 $$$$$$$$$$$$$$$$$$$$$$$$$$.... Axiom15 20(1,3,4) - g3 f(0,1,2,3,4) >= f(1,3,4)
Step=74 $$$$$$$$$$$$$$$$$$$$$$$$$$.... Axiom31 30(1,2,4) - g3 f(0,1,2,3,4) >= f(1,2,4)
Step=74 $$$$$$$$$$$$$$$$$$$$$$$$$$.... Axiom23 21(0,3,4) - g3 f(0,1,2,3,4) >= f(0,3,4)
Step=74 $$$$$$$$$$$$$$$$$$$$$$$$$$.... Axiom39 31(0,2,4) - g3 f(0,1,2,3,4) >= f(0,2,4)
Step=74 $$$$$$$$$$$$$$$$$$$$$$$$$$.... Axiom7 10(2,3,4) - g3 f(0,1,2,3,4) >= f(2,3,4)
Step=74 $$$$$$$$$$$$$$$$$$$$$$$$$$.... Axiom55 40(1,2,3) - g3 f(0,1,2,3,4) >= f(1,2,3)
Step=74 $$$$$$$$$$$$$$$$$$$$$$$$$$.... Axiom4 10(4) - g1 f(0,4) + f(1,4) >= f(4) + f(0,1,4)
Step=74 $$$$$$$$$$$$$$$$$$$$$$$$$$.... Axiom14 20(3,4) - g2 f(0,3,4) + f(2,3,4) >= f(0,1,2,3,4) + f(3,4)
Step=74 $$$$$$$$$$$$$$$$$$$$$$$$$$.... Axiom30 30(2,4) - g2 f(0,2,4) + f(2,3,4) >= f(0,1,2,3,4) + f(2,4)
Step=74 $$$$$$$$$$$$$$$$$$$$$$$$$$.... Axiom10 20(3) - g1 f(0,3) + f(2,3) >= f(3) + f(0,2,3)
Step=74 $$$$$$$$$$$$$$$$$$$$$$$$$$.... Axiom26 30(2) - g1 f(0,2) + f(2,3) >= f(2) + f(0,2,3)
Step=74 $$$$$$$$$$$$$$$$$$$$$$$$$$.... Axiom22 21(3,4) - g2 f(1,3,4) + f(2,3,4) >= f(0,1,2,3,4) + f(3,4)
Step=74 $$$$$$$$$$$$$$$$$$$$$$$$$$.... Axiom38 31(2,4) - g2 f(1,2,4) + f(2,3,4) >= f(0,1,2,3,4) + f(2,4)
Step=74 $$$$$$$$$$$$$$$$$$$$$$$$$$.... Axiom54 40(2,3) - g2 f(0,2,3) + f(2,3,4) >= f(2,3) + f(0,1,2,3,4)
Step=74 $$$$$$$$$$$$$$$$$$$$$$$$$$.... Axiom62 41(2,3) - g2 f(1,2,3) + f(2,3,4) >= f(2,3) + f(0,1,2,3,4)
Step=74 $$$$$$$$$$$$$$$$$$$$$$$$$$.... Axiom51 40(1,2) - g2 f(0,1,2) + f(1,2,4) >= f(1,2) + f(0,1,2,3,4)
Step=74 $$$$$$$$$$$$$$$$$$$$$$$$$$.... Axiom53 40(1,3) - g2 f(0,1,3) + f(1,3,4) >= f(1,3) + f(0,1,2,3,4)
Step=74 $$$$$$$$$$$$$$$$$$$$$$$$$$.... Axiom20 21(4) - g1 f(1,4) + f(2,4) >= f(4) + f(1,2,4)
Step=74 $$$$$$$$$$$$$$$$$$$$$$$$$$.... Axiom36 31(4) - g1 f(1,4) + f(3,4) >= f(4) + f(1,3,4)
Step=74 $$$$$$$$$$$$$$$$$$$$$$$$$$.... Axiom69 42(0,3) - g2 f(0,2,3) + f(0,3,4) >= f(0,3) + f(0,1,2,3,4)
Step=74 $$$$$$$$$$$$$$$$$$$$$$$$$$.... Axiom77 43(0,2) - g2 f(0,2,3) + f(0,2,4) >= f(0,2) + f(0,1,2,3,4)
Step=74 $$$$$$$$$$$$$$$$$$$$$$$$$$.... Axiom50 40(2) - g1 f(0,2) + f(2,4) >= f(2) + f(0,2,4)
Step=74 $$$$$$$$$$$$$$$$$$$$$$$$$$.... Axiom52 40(3) - g1 f(0,3) + f(3,4) >= f(3) + f(0,3,4)
Step=74 $$$$$$$$$$$$$$$$$$$$$$$$$$.... Axiom45 32(0,4) - g2 f(0,2,4) + f(0,3,4) >= f(0,1,2,3,4) + f(0,4)
Step=74 $$$$$$$$$$$$$$$$$$$$$$$$$$.... Axiom67 42(0,1) - g2 f(0,1,2) + f(0,1,4) >= f(0,1) + f(0,1,2,3,4)
Step=74 $$$$$$$$$$$$$$$$$$$$$$$$$$.... Axiom75 43(0,1) - g2 f(0,1,3) + f(0,1,4) >= f(0,1) + f(0,1,2,3,4)
Step=74 $$$$$$$$$$$$$$$$$$$$$$$$$$$... Axiom59 41(0,2) - g2 f(0,1,2) + f(0,2,4) >= f(0,2) + f(0,1,2,3,4)
Step=74 $$$$$$$$$$$$$$$$$$$$$$$$$$$... Axiom61 41(0,3) - g2 f(0,1,3) + f(0,3,4) >= f(0,3) + f(0,1,2,3,4)
Step=74 $$$$$$$$$$$$$$$$$$$$$$$$$$$... Axiom12 20(4) - g1 f(0,4) + f(2,4) >= f(4) + f(0,2,4)
Step=74 $$$$$$$$$$$$$$$$$$$$$$$$$$$... Axiom28 30(4) - g1 f(0,4) + f(3,4) >= f(4) + f(0,3,4)
Step=74 $$$$$$$$$$$$$$$$$$$$$$$$$$$... Axiom46 32(1,4) - g2 f(1,2,4) + f(1,3,4) >= f(0,1,2,3,4) + f(1,4)
Step=74 $$$$$$$$$$$$$$$$$$$$$$$$$$$... Axiom49 40(1) - g1 f(0,1) + f(1,4) >= f(1) + f(0,1,4)
Step=74 $$$$$$$$$$$$$$$$$$$$$$$$$$$... Axiom43 32(0,1) - g2 f(0,1,2) + f(0,1,3) >= f(0,1) + f(0,1,2,3,4)
Step=74 $$$$$$$$$$$$$$$$$$$$$$$$$$$... Axiom19 21(0,3) - g2 f(0,1,3) + f(0,2,3) >= f(0,3) + f(0,1,2,3,4)
Step=74 $$$$$$$$$$$$$$$$$$$$$$$$$$$... Axiom35 31(0,2) - g2 f(0,1,2) + f(0,2,3) >= f(0,2) + f(0,1,2,3,4)
Step=74 $$$$$$$$$$$$$$$$$$$$$$$$$$$... Axiom11 20(1,3) - g2 f(0,1,3) + f(1,2,3) >= f(1,3) + f(0,1,2,3,4)
Step=74 $$$$$$$$$$$$$$$$$$$$$$$$$$$... Axiom27 30(1,2) - g2 f(0,1,2) + f(1,2,3) >= f(1,2) + f(0,1,2,3,4)
Step=74 $$$$$$$$$$$$$$$$$$$$$$$$$$$... Axiom3 10(2,3) - g2 f(0,2,3) + f(1,2,3) >= f(2,3) + f(0,1,2,3,4)
Step=74 $$$$$$$$$$$$$$$$$$$$$$$$$$$... Axiom21 21(0,4) - g2 f(0,1,4) + f(0,2,4) >= f(0,1,2,3,4) + f(0,4)
Step=74 $$$$$$$$$$$$$$$$$$$$$$$$$$$... Axiom37 31(0,4) - g2 f(0,1,4) + f(0,3,4) >= f(0,1,2,3,4) + f(0,4)
Step=74 $$$$$$$$$$$$$$$$$$$$$$$$$$$... Axiom13 20(1,4) - g2 f(0,1,4) + f(1,2,4) >= f(0,1,2,3,4) + f(1,4)
Step=74 $$$$$$$$$$$$$$$$$$$$$$$$$$$... Axiom29 30(1,4) - g2 f(0,1,4) + f(1,3,4) >= f(0,1,2,3,4) + f(1,4)
Step=74 $$$$$$$$$$$$$$$$$$$$$$$$$$$... Axiom5 10(2,4) - g2 f(0,2,4) + f(1,2,4) >= f(0,1,2,3,4) + f(2,4)
Step=74 $$$$$$$$$$$$$$$$$$$$$$$$$$$... Axiom6 10(3,4) - g2 f(0,3,4) + f(1,3,4) >= f(0,1,2,3,4) + f(3,4)
Step=74 $$$$$$$$$$$$$$$$$$$$$$$$$$$$.. Axiom42 32(1) - g1 f(1,2) + f(1,3) >= f(1) + f(1,2,3)
Step=74 $$$$$$$$$$$$$$$$$$$$$$$$$$$$.. Axiom65 42(0) - g1 f(0,2) + f(0,4) >= f(0) + f(0,2,4)
Step=74 $$$$$$$$$$$$$$$$$$$$$$$$$$$$.. Axiom73 43(0) - g1 f(0,3) + f(0,4) >= f(0) + f(0,3,4)
Step=74 $$$$$$$$$$$$$$$$$$$$$$$$$$$$.. Axiom41 32(0) - g1 f(0,2) + f(0,3) >= f(0) + f(0,2,3)
Step=74 $$$$$$$$$$$$$$$$$$$$$$$$$$$$$. Axiom57 41(0) - g1 f(0,1) + f(0,4) >= f(0) + f(0,1,4)
Step=74 $$$$$$$$$$$$$$$$$$$$$$$$$$$$$. Axiom66 42(1) - g1 f(1,2) + f(1,4) >= f(1) + f(1,2,4)
Step=74 $$$$$$$$$$$$$$$$$$$$$$$$$$$$$. Axiom74 43(1) - g1 f(1,3) + f(1,4) >= f(1) + f(1,3,4)
Step=74 $$$$$$$$$$$$$$$$$$$$$$$$$$$$$. Axiom58 41(2) - g1 f(1,2) + f(2,4) >= f(2) + f(1,2,4)
Step=74 $$$$$$$$$$$$$$$$$$$$$$$$$$$$$. Axiom60 41(3) - g1 f(1,3) + f(3,4) >= f(3) + f(1,3,4)
Step=74 $$$$$$$$$$$$$$$$$$$$$$$$$$$$$. Axiom68 42(3) - g1 f(2,3) + f(3,4) >= f(3) + f(2,3,4)
Step=74 $$$$$$$$$$$$$$$$$$$$$$$$$$$$$. Axiom76 43(2) - g1 f(2,3) + f(2,4) >= f(2) + f(2,3,4)
Step=74 $$$$$$$$$$$$$$$$$$$$$$$$$$$$$$ Axiom44 32(4) - g1 f(2,4) + f(3,4) >= f(4) + f(2,3,4)
