! VaryAxiom=6 NoInitialAxiomSet
Step=36 PrevRays=    37 ResultRays=    37 RayPairs=         3 NewAxiom=9 PrevAxioms=6,13,17,18,20,21,22,25,27,29,33,34,35,36,37,43,49,51,54,57,58,63,66,72,73,78,38,53,59,75,61,62,74,67,60,+9 MissingAxioms=0,1,2,3,4,5,7,8,10,11,12,14,15,16,19,23,24,26,28,30,31,32,39,40,41,42,44,45,46,47,48,50,52,55,56,64,65,68,69,70,71,76,77,79
Step=36 PrevRays=    37 ResultRays=    37 RayPairs=         4 NewAxiom=13 PrevAxioms=6,9,17,18,20,21,22,25,27,29,33,34,35,36,37,43,49,51,54,57,58,63,66,72,73,78,38,53,59,75,61,62,74,67,60,+13 MissingAxioms=0,1,2,3,4,5,7,8,10,11,12,14,15,16,19,23,24,26,28,30,31,32,39,40,41,42,44,45,46,47,48,50,52,55,56,64,65,68,69,70,71,76,77,79
Step=36 PrevRays=    35 ResultRays=    37 RayPairs=         3 NewAxiom=17 PrevAxioms=6,9,13,18,20,21,22,25,27,29,33,34,35,36,37,43,49,54,57,58,59,63,66,72,73,78,38,51,61,67,75,53,62,74,60,+17 MissingAxioms=0,1,2,3,4,5,7,8,10,11,12,14,15,16,19,23,24,26,28,30,31,32,39,40,41,42,44,45,46,47,48,50,52,55,56,64,65,68,69,70,71,76,77,79
Step=36 PrevRays=    36 ResultRays=    37 RayPairs=         6 NewAxiom=18 PrevAxioms=6,9,13,17,20,21,22,25,27,29,33,34,35,36,37,43,49,54,57,58,60,63,66,72,73,78,38,51,59,67,75,53,61,62,74,+18 MissingAxioms=0,1,2,3,4,5,7,8,10,11,12,14,15,16,19,23,24,26,28,30,31,32,39,40,41,42,44,45,46,47,48,50,52,55,56,64,65,68,69,70,71,76,77,79
Step=36 PrevRays=    36 ResultRays=    37 RayPairs=         6 NewAxiom=20 PrevAxioms=6,9,13,17,18,21,22,25,27,29,33,34,35,36,37,38,43,49,54,57,58,63,66,72,73,78,51,59,62,67,75,53,60,61,74,+20 MissingAxioms=0,1,2,3,4,5,7,8,10,11,12,14,15,16,19,23,24,26,28,30,31,32,39,40,41,42,44,45,46,47,48,50,52,55,56,64,65,68,69,70,71,76,77,79
Step=36 PrevRays=    35 ResultRays=    37 RayPairs=         4 NewAxiom=21 PrevAxioms=6,9,13,17,18,20,22,25,27,29,33,34,35,36,37,43,49,54,57,58,59,63,66,72,73,78,38,51,61,67,75,53,62,74,60,+21 MissingAxioms=0,1,2,3,4,5,7,8,10,11,12,14,15,16,19,23,24,26,28,30,31,32,39,40,41,42,44,45,46,47,48,50,52,55,56,64,65,68,69,70,71,76,77,79
Step=36 PrevRays=    37 ResultRays=    37 RayPairs=         4 NewAxiom=22 PrevAxioms=6,9,13,17,18,20,21,25,27,29,33,34,35,36,37,38,43,49,54,57,58,63,66,72,73,78,51,59,62,67,75,53,61,74,60,+22 MissingAxioms=0,1,2,3,4,5,7,8,10,11,12,14,15,16,19,23,24,26,28,30,31,32,39,40,41,42,44,45,46,47,48,50,52,55,56,64,65,68,69,70,71,76,77,79
Step=36 PrevRays=    37 ResultRays=    37 RayPairs=         6 NewAxiom=25 PrevAxioms=6,9,13,17,18,20,21,22,27,29,33,34,35,36,37,43,49,53,54,57,58,63,66,72,73,78,38,51,59,67,75,61,62,74,60,+25 MissingAxioms=0,1,2,3,4,5,7,8,10,11,12,14,15,16,19,23,24,26,28,30,31,32,39,40,41,42,44,45,46,47,48,50,52,55,56,64,65,68,69,70,71,76,77,79
! VaryAxiom=27 NoInitialAxiomSet
Step=36 PrevRays=    37 ResultRays=    37 RayPairs=         6 NewAxiom=29 PrevAxioms=6,9,13,17,18,20,21,22,25,27,33,34,35,36,37,43,49,53,54,57,58,63,66,72,73,78,38,51,59,67,75,61,62,74,60,+29 MissingAxioms=0,1,2,3,4,5,7,8,10,11,12,14,15,16,19,23,24,26,28,30,31,32,39,40,41,42,44,45,46,47,48,50,52,55,56,64,65,68,69,70,71,76,77,79
Step=36 PrevRays=    37 ResultRays=    37 RayPairs=         6 NewAxiom=33 PrevAxioms=6,9,13,17,18,20,21,22,25,27,29,34,35,36,37,43,49,54,57,58,61,63,66,72,73,78,38,51,59,67,53,62,75,74,60,+33 MissingAxioms=0,1,2,3,4,5,7,8,10,11,12,14,15,16,19,23,24,26,28,30,31,32,39,40,41,42,44,45,46,47,48,50,52,55,56,64,65,68,69,70,71,76,77,79
Step=36 PrevRays=    36 ResultRays=    37 RayPairs=         6 NewAxiom=34 PrevAxioms=6,9,13,17,18,20,21,22,25,27,29,33,35,36,37,43,49,54,57,58,60,63,66,72,73,78,38,51,59,67,75,53,61,62,74,+34 MissingAxioms=0,1,2,3,4,5,7,8,10,11,12,14,15,16,19,23,24,26,28,30,31,32,39,40,41,42,44,45,46,47,48,50,52,55,56,64,65,68,69,70,71,76,77,79
! VaryAxiom=35 NoInitialAxiomSet
Step=36 PrevRays=    36 ResultRays=    37 RayPairs=         6 NewAxiom=36 PrevAxioms=6,9,13,17,18,20,21,22,25,27,29,33,34,35,37,38,43,49,54,57,58,63,66,72,73,78,51,59,62,67,75,53,60,61,74,+36 MissingAxioms=0,1,2,3,4,5,7,8,10,11,12,14,15,16,19,23,24,26,28,30,31,32,39,40,41,42,44,45,46,47,48,50,52,55,56,64,65,68,69,70,71,76,77,79
Step=36 PrevRays=    37 ResultRays=    37 RayPairs=         6 NewAxiom=37 PrevAxioms=6,9,13,17,18,20,21,22,25,27,29,33,34,35,36,43,49,54,57,58,61,63,66,72,73,78,38,51,59,67,53,62,75,74,60,+37 MissingAxioms=0,1,2,3,4,5,7,8,10,11,12,14,15,16,19,23,24,26,28,30,31,32,39,40,41,42,44,45,46,47,48,50,52,55,56,64,65,68,69,70,71,76,77,79
Step=36 PrevRays=    37 ResultRays=    37 RayPairs=         4 NewAxiom=38 PrevAxioms=6,9,13,17,18,20,21,22,25,27,29,33,34,35,36,37,43,49,54,57,58,63,66,72,73,78,51,59,67,75,53,61,74,60,62,+38 MissingAxioms=0,1,2,3,4,5,7,8,10,11,12,14,15,16,19,23,24,26,28,30,31,32,39,40,41,42,44,45,46,47,48,50,52,55,56,64,65,68,69,70,71,76,77,79
! VaryAxiom=43 NoInitialAxiomSet
Step=36 PrevRays=    39 ResultRays=    37 RayPairs=         8 NewAxiom=49 PrevAxioms=6,9,13,17,18,20,21,22,25,27,29,33,34,35,36,37,43,51,54,57,58,63,66,72,73,78,38,59,67,75,61,62,74,60,53,+49 MissingAxioms=0,1,2,3,4,5,7,8,10,11,12,14,15,16,19,23,24,26,28,30,31,32,39,40,41,42,44,45,46,47,48,50,52,55,56,64,65,68,69,70,71,76,77,79
Step=36 PrevRays=    36 ResultRays=    37 RayPairs=         3 NewAxiom=51 PrevAxioms=6,9,13,17,18,20,21,22,25,27,29,33,34,35,36,37,43,49,54,57,58,63,66,72,73,78,38,53,59,67,75,61,62,74,60,+51 MissingAxioms=0,1,2,3,4,5,7,8,10,11,12,14,15,16,19,23,24,26,28,30,31,32,39,40,41,42,44,45,46,47,48,50,52,55,56,64,65,68,69,70,71,76,77,79
Step=36 PrevRays=    36 ResultRays=    37 RayPairs=         4 NewAxiom=53 PrevAxioms=6,9,13,17,18,20,21,22,25,27,29,33,34,35,36,37,43,49,54,57,58,63,66,72,73,78,38,51,59,67,75,61,62,74,60,+53 MissingAxioms=0,1,2,3,4,5,7,8,10,11,12,14,15,16,19,23,24,26,28,30,31,32,39,40,41,42,44,45,46,47,48,50,52,55,56,64,65,68,69,70,71,76,77,79
! VaryAxiom=54 NoInitialAxiomSet
Step=36 PrevRays=    39 ResultRays=    37 RayPairs=         8 NewAxiom=57 PrevAxioms=6,9,13,17,18,20,21,22,25,27,29,33,34,35,36,37,43,49,54,58,59,63,66,72,73,78,38,51,67,75,53,62,74,60,61,+57 MissingAxioms=0,1,2,3,4,5,7,8,10,11,12,14,15,16,19,23,24,26,28,30,31,32,39,40,41,42,44,45,46,47,48,50,52,55,56,64,65,68,69,70,71,76,77,79
Step=36 PrevRays=    36 ResultRays=    37 RayPairs=         6 NewAxiom=58 PrevAxioms=6,9,13,17,18,20,21,22,25,27,29,33,34,35,36,37,43,49,54,57,60,63,66,72,73,78,38,51,59,67,75,53,61,62,74,+58 MissingAxioms=0,1,2,3,4,5,7,8,10,11,12,14,15,16,19,23,24,26,28,30,31,32,39,40,41,42,44,45,46,47,48,50,52,55,56,64,65,68,69,70,71,76,77,79
Step=36 PrevRays=    35 ResultRays=    37 RayPairs=         3 NewAxiom=59 PrevAxioms=6,9,13,17,18,20,21,22,25,27,29,33,34,35,36,37,43,49,54,57,58,63,66,72,73,78,38,51,61,67,75,53,62,74,60,+59 MissingAxioms=0,1,2,3,4,5,7,8,10,11,12,14,15,16,19,23,24,26,28,30,31,32,39,40,41,42,44,45,46,47,48,50,52,55,56,64,65,68,69,70,71,76,77,79
Step=36 PrevRays=    36 ResultRays=    37 RayPairs=         6 NewAxiom=60 PrevAxioms=6,9,13,17,18,20,21,22,25,27,29,33,34,35,36,37,43,49,54,57,58,63,66,72,73,78,38,51,59,67,75,53,61,62,74,+60 MissingAxioms=0,1,2,3,4,5,7,8,10,11,12,14,15,16,19,23,24,26,28,30,31,32,39,40,41,42,44,45,46,47,48,50,52,55,56,64,65,68,69,70,71,76,77,79
Step=36 PrevRays=    36 ResultRays=    37 RayPairs=         4 NewAxiom=61 PrevAxioms=6,9,13,17,18,20,21,22,25,27,29,33,34,35,36,37,43,49,54,57,58,63,66,72,73,78,38,51,59,67,75,53,62,74,60,+61 MissingAxioms=0,1,2,3,4,5,7,8,10,11,12,14,15,16,19,23,24,26,28,30,31,32,39,40,41,42,44,45,46,47,48,50,52,55,56,64,65,68,69,70,71,76,77,79
Step=36 PrevRays=    37 ResultRays=    37 RayPairs=         4 NewAxiom=62 PrevAxioms=6,9,13,17,18,20,21,22,25,27,29,33,34,35,36,37,43,49,54,57,58,63,66,72,73,78,38,51,59,67,75,53,61,74,60,+62 MissingAxioms=0,1,2,3,4,5,7,8,10,11,12,14,15,16,19,23,24,26,28,30,31,32,39,40,41,42,44,45,46,47,48,50,52,55,56,64,65,68,69,70,71,76,77,79
! VaryAxiom=63 NoInitialAxiomSet
Step=36 PrevRays=    37 ResultRays=    37 RayPairs=         3 NewAxiom=66 PrevAxioms=6,9,13,17,18,20,21,22,25,27,29,33,34,35,36,37,43,49,54,57,58,63,67,72,73,78,38,51,59,75,53,61,62,74,60,+66 MissingAxioms=0,1,2,3,4,5,7,8,10,11,12,14,15,16,19,23,24,26,28,30,31,32,39,40,41,42,44,45,46,47,48,50,52,55,56,64,65,68,69,70,71,76,77,79
Step=36 PrevRays=    37 ResultRays=    37 RayPairs=         4 NewAxiom=67 PrevAxioms=6,9,13,17,18,20,21,22,25,27,29,33,34,35,36,37,43,49,54,57,58,63,66,72,73,78,38,51,59,75,53,61,62,74,60,+67 MissingAxioms=0,1,2,3,4,5,7,8,10,11,12,14,15,16,19,23,24,26,28,30,31,32,39,40,41,42,44,45,46,47,48,50,52,55,56,64,65,68,69,70,71,76,77,79
! VaryAxiom=72 NoInitialAxiomSet
Step=36 PrevRays=    36 ResultRays=    37 RayPairs=         4 NewAxiom=73 PrevAxioms=6,9,13,17,18,20,21,22,25,27,29,33,34,35,36,37,43,49,54,57,58,63,66,72,74,78,38,51,59,67,75,53,61,62,60,+73 MissingAxioms=0,1,2,3,4,5,7,8,10,11,12,14,15,16,19,23,24,26,28,30,31,32,39,40,41,42,44,45,46,47,48,50,52,55,56,64,65,68,69,70,71,76,77,79
Step=36 PrevRays=    36 ResultRays=    37 RayPairs=         4 NewAxiom=74 PrevAxioms=6,9,13,17,18,20,21,22,25,27,29,33,34,35,36,37,43,49,54,57,58,63,66,72,73,78,38,51,59,67,75,53,61,62,60,+74 MissingAxioms=0,1,2,3,4,5,7,8,10,11,12,14,15,16,19,23,24,26,28,30,31,32,39,40,41,42,44,45,46,47,48,50,52,55,56,64,65,68,69,70,71,76,77,79
Step=36 PrevRays=    41 ResultRays=    37 RayPairs=        16 NewAxiom=75 PrevAxioms=6,9,13,17,18,20,21,22,25,27,29,33,34,35,36,37,43,49,54,57,58,63,66,72,73,78,38,51,59,67,53,61,62,60,74,+75 MissingAxioms=0,1,2,3,4,5,7,8,10,11,12,14,15,16,19,23,24,26,28,30,31,32,39,40,41,42,44,45,46,47,48,50,52,55,56,64,65,68,69,70,71,76,77,79
! VaryAxiom=78 NoInitialAxiomSet

Ordered by number of ray pairs:
Step=36 ######........................ (min) Axiom9 20(1) - g1 f(0,1) + f(1,2) >= f(1) + f(0,1,2)
Step=36 ######........................ (min) Axiom17 21(0) - g1 f(0,1) + f(0,2) >= f(0) + f(0,1,2)
Step=36 ######........................ (min) Axiom51 40(1,2) - g2 f(0,1,2) + f(1,2,4) >= f(1,2) + f(0,1,2,3,4)
Step=36 ######........................ (min) Axiom59 41(0,2) - g2 f(0,1,2) + f(0,2,4) >= f(0,2) + f(0,1,2,3,4)
Step=36 ######........................ (min) Axiom66 42(1) - g1 f(1,2) + f(1,4) >= f(1) + f(1,2,4)
Step=36 ########...................... Axiom13 20(1,4) - g2 f(0,1,4) + f(1,2,4) >= f(0,1,2,3,4) + f(1,4)
Step=36 ########...................... Axiom21 21(0,4) - g2 f(0,1,4) + f(0,2,4) >= f(0,1,2,3,4) + f(0,4)
Step=36 ########...................... Axiom22 21(3,4) - g2 f(1,3,4) + f(2,3,4) >= f(0,1,2,3,4) + f(3,4)
Step=36 ########...................... Axiom38 31(2,4) - g2 f(1,2,4) + f(2,3,4) >= f(0,1,2,3,4) + f(2,4)
Step=36 ########...................... Axiom53 40(1,3) - g2 f(0,1,3) + f(1,3,4) >= f(1,3) + f(0,1,2,3,4)
Step=36 ########...................... Axiom61 41(0,3) - g2 f(0,1,3) + f(0,3,4) >= f(0,3) + f(0,1,2,3,4)
Step=36 ########...................... Axiom62 41(2,3) - g2 f(1,2,3) + f(2,3,4) >= f(2,3) + f(0,1,2,3,4)
Step=36 ########...................... Axiom67 42(0,1) - g2 f(0,1,2) + f(0,1,4) >= f(0,1) + f(0,1,2,3,4)
Step=36 ########...................... Axiom73 43(0) - g1 f(0,3) + f(0,4) >= f(0) + f(0,3,4)
Step=36 ########...................... Axiom74 43(1) - g1 f(1,3) + f(1,4) >= f(1) + f(1,3,4)
Step=36 ###########................... Axiom18 21(3) - g1 f(1,3) + f(2,3) >= f(3) + f(1,2,3)
Step=36 ###########................... Axiom20 21(4) - g1 f(1,4) + f(2,4) >= f(4) + f(1,2,4)
Step=36 ###########................... Axiom25 30(1) - g1 f(0,1) + f(1,3) >= f(1) + f(0,1,3)
Step=36 ###########................... Axiom29 30(1,4) - g2 f(0,1,4) + f(1,3,4) >= f(0,1,2,3,4) + f(1,4)
Step=36 ###########................... Axiom33 31(0) - g1 f(0,1) + f(0,3) >= f(0) + f(0,1,3)
Step=36 ###########................... Axiom34 31(2) - g1 f(1,2) + f(2,3) >= f(2) + f(1,2,3)
Step=36 ###########................... Axiom36 31(4) - g1 f(1,4) + f(3,4) >= f(4) + f(1,3,4)
Step=36 ###########................... Axiom37 31(0,4) - g2 f(0,1,4) + f(0,3,4) >= f(0,1,2,3,4) + f(0,4)
Step=36 ###########................... Axiom58 41(2) - g1 f(1,2) + f(2,4) >= f(2) + f(1,2,4)
Step=36 ###########................... Axiom60 41(3) - g1 f(1,3) + f(3,4) >= f(3) + f(1,3,4)
Step=36 ###############............... Axiom49 40(1) - g1 f(0,1) + f(1,4) >= f(1) + f(0,1,4)
Step=36 ###############............... Axiom57 41(0) - g1 f(0,1) + f(0,4) >= f(0) + f(0,1,4)
Step=36 ############################## Axiom75 43(0,1) - g2 f(0,1,3) + f(0,1,4) >= f(0,1) + f(0,1,2,3,4)

Ordered by number of previous rays:
Step=36 $$$$$$$$$$$$$$$$$$$$$$$$$$.... (min) Axiom17 21(0) - g1 f(0,1) + f(0,2) >= f(0) + f(0,1,2)
Step=36 $$$$$$$$$$$$$$$$$$$$$$$$$$.... (min) Axiom21 21(0,4) - g2 f(0,1,4) + f(0,2,4) >= f(0,1,2,3,4) + f(0,4)
Step=36 $$$$$$$$$$$$$$$$$$$$$$$$$$.... (min) Axiom59 41(0,2) - g2 f(0,1,2) + f(0,2,4) >= f(0,2) + f(0,1,2,3,4)
Step=36 $$$$$$$$$$$$$$$$$$$$$$$$$$.... Axiom18 21(3) - g1 f(1,3) + f(2,3) >= f(3) + f(1,2,3)
Step=36 $$$$$$$$$$$$$$$$$$$$$$$$$$.... Axiom20 21(4) - g1 f(1,4) + f(2,4) >= f(4) + f(1,2,4)
Step=36 $$$$$$$$$$$$$$$$$$$$$$$$$$.... Axiom34 31(2) - g1 f(1,2) + f(2,3) >= f(2) + f(1,2,3)
Step=36 $$$$$$$$$$$$$$$$$$$$$$$$$$.... Axiom36 31(4) - g1 f(1,4) + f(3,4) >= f(4) + f(1,3,4)
Step=36 $$$$$$$$$$$$$$$$$$$$$$$$$$.... Axiom51 40(1,2) - g2 f(0,1,2) + f(1,2,4) >= f(1,2) + f(0,1,2,3,4)
Step=36 $$$$$$$$$$$$$$$$$$$$$$$$$$.... Axiom53 40(1,3) - g2 f(0,1,3) + f(1,3,4) >= f(1,3) + f(0,1,2,3,4)
Step=36 $$$$$$$$$$$$$$$$$$$$$$$$$$.... Axiom58 41(2) - g1 f(1,2) + f(2,4) >= f(2) + f(1,2,4)
Step=36 $$$$$$$$$$$$$$$$$$$$$$$$$$.... Axiom60 41(3) - g1 f(1,3) + f(3,4) >= f(3) + f(1,3,4)
Step=36 $$$$$$$$$$$$$$$$$$$$$$$$$$.... Axiom61 41(0,3) - g2 f(0,1,3) + f(0,3,4) >= f(0,3) + f(0,1,2,3,4)
Step=36 $$$$$$$$$$$$$$$$$$$$$$$$$$.... Axiom73 43(0) - g1 f(0,3) + f(0,4) >= f(0) + f(0,3,4)
Step=36 $$$$$$$$$$$$$$$$$$$$$$$$$$.... Axiom74 43(1) - g1 f(1,3) + f(1,4) >= f(1) + f(1,3,4)
Step=36 $$$$$$$$$$$$$$$$$$$$$$$$$$$... Axiom9 20(1) - g1 f(0,1) + f(1,2) >= f(1) + f(0,1,2)
Step=36 $$$$$$$$$$$$$$$$$$$$$$$$$$$... Axiom13 20(1,4) - g2 f(0,1,4) + f(1,2,4) >= f(0,1,2,3,4) + f(1,4)
Step=36 $$$$$$$$$$$$$$$$$$$$$$$$$$$... Axiom22 21(3,4) - g2 f(1,3,4) + f(2,3,4) >= f(0,1,2,3,4) + f(3,4)
Step=36 $$$$$$$$$$$$$$$$$$$$$$$$$$$... Axiom25 30(1) - g1 f(0,1) + f(1,3) >= f(1) + f(0,1,3)
Step=36 $$$$$$$$$$$$$$$$$$$$$$$$$$$... Axiom29 30(1,4) - g2 f(0,1,4) + f(1,3,4) >= f(0,1,2,3,4) + f(1,4)
Step=36 $$$$$$$$$$$$$$$$$$$$$$$$$$$... Axiom33 31(0) - g1 f(0,1) + f(0,3) >= f(0) + f(0,1,3)
Step=36 $$$$$$$$$$$$$$$$$$$$$$$$$$$... Axiom37 31(0,4) - g2 f(0,1,4) + f(0,3,4) >= f(0,1,2,3,4) + f(0,4)
Step=36 $$$$$$$$$$$$$$$$$$$$$$$$$$$... Axiom38 31(2,4) - g2 f(1,2,4) + f(2,3,4) >= f(0,1,2,3,4) + f(2,4)
Step=36 $$$$$$$$$$$$$$$$$$$$$$$$$$$... Axiom62 41(2,3) - g2 f(1,2,3) + f(2,3,4) >= f(2,3) + f(0,1,2,3,4)
Step=36 $$$$$$$$$$$$$$$$$$$$$$$$$$$... Axiom66 42(1) - g1 f(1,2) + f(1,4) >= f(1) + f(1,2,4)
Step=36 $$$$$$$$$$$$$$$$$$$$$$$$$$$... Axiom67 42(0,1) - g2 f(0,1,2) + f(0,1,4) >= f(0,1) + f(0,1,2,3,4)
Step=36 $$$$$$$$$$$$$$$$$$$$$$$$$$$$$. Axiom49 40(1) - g1 f(0,1) + f(1,4) >= f(1) + f(0,1,4)
Step=36 $$$$$$$$$$$$$$$$$$$$$$$$$$$$$. Axiom57 41(0) - g1 f(0,1) + f(0,4) >= f(0) + f(0,1,4)
Step=36 $$$$$$$$$$$$$$$$$$$$$$$$$$$$$$ Axiom75 43(0,1) - g2 f(0,1,3) + f(0,1,4) >= f(0,1) + f(0,1,2,3,4)
