! VaryAxiom=6 NoInitialAxiomSet
Step=43 PrevRays=   212 ResultRays=   196 RayPairs=      1320 NewAxiom=9 PrevAxioms=6,10,11,12,13,17,18,20,22,25,26,27,28,29,33,36,43,49,50,54,57,63,66,72,73,78,19,21,37,35,53,34,38,59,75,74,61,51,67,58,62,60,+9 MissingAxioms=0,1,2,3,4,5,7,8,14,15,16,23,24,30,31,32,39,40,41,42,44,45,46,47,48,52,55,56,64,65,68,69,70,71,76,77,79
Step=43 PrevRays=   162 ResultRays=   196 RayPairs=       814 NewAxiom=10 PrevAxioms=6,9,11,12,13,17,18,19,20,22,25,26,28,29,33,36,43,49,50,54,57,63,66,72,73,78,21,27,35,37,34,38,51,67,59,53,58,62,60,75,74,61,+10 MissingAxioms=0,1,2,3,4,5,7,8,14,15,16,23,24,30,31,32,39,40,41,42,44,45,46,47,48,52,55,56,64,65,68,69,70,71,76,77,79
Step=43 PrevRays=   202 ResultRays=   196 RayPairs=      1496 NewAxiom=11 PrevAxioms=6,9,10,12,13,17,18,19,20,22,25,26,28,29,33,36,43,49,50,54,57,63,66,72,73,78,21,35,37,51,67,53,38,59,58,75,61,74,27,34,62,60,+11 MissingAxioms=0,1,2,3,4,5,7,8,14,15,16,23,24,30,31,32,39,40,41,42,44,45,46,47,48,52,55,56,64,65,68,69,70,71,76,77,79
Step=43 PrevRays=   147 ResultRays=   196 RayPairs=       798 NewAxiom=12 PrevAxioms=6,9,10,11,13,17,18,20,21,22,25,26,28,29,33,36,43,49,50,54,57,63,66,72,73,78,19,37,51,59,67,38,53,75,61,27,58,35,74,34,62,60,+12 MissingAxioms=0,1,2,3,4,5,7,8,14,15,16,23,24,30,31,32,39,40,41,42,44,45,46,47,48,52,55,56,64,65,68,69,70,71,76,77,79
Step=43 PrevRays=   216 ResultRays=   196 RayPairs=      1680 NewAxiom=13 PrevAxioms=6,9,10,11,12,17,18,20,21,22,25,26,28,29,33,36,43,49,50,54,57,63,66,72,73,78,19,37,59,27,38,75,61,53,74,35,34,67,51,58,62,60,+13 MissingAxioms=0,1,2,3,4,5,7,8,14,15,16,23,24,30,31,32,39,40,41,42,44,45,46,47,48,52,55,56,64,65,68,69,70,71,76,77,79
Step=43 PrevRays=   168 ResultRays=   196 RayPairs=      1078 NewAxiom=17 PrevAxioms=6,9,10,11,12,13,18,20,22,25,26,28,29,33,34,36,43,49,50,54,57,63,66,72,73,78,19,21,37,27,61,75,35,38,51,67,74,53,59,58,62,60,+17 MissingAxioms=0,1,2,3,4,5,7,8,14,15,16,23,24,30,31,32,39,40,41,42,44,45,46,47,48,52,55,56,64,65,68,69,70,71,76,77,79
Step=43 PrevRays=   221 ResultRays=   196 RayPairs=      1848 NewAxiom=18 PrevAxioms=6,9,10,11,12,13,17,19,20,22,25,26,28,29,33,36,43,49,50,54,57,63,66,72,73,78,21,27,35,37,34,38,51,67,59,53,58,62,75,74,61,60,+18 MissingAxioms=0,1,2,3,4,5,7,8,14,15,16,23,24,30,31,32,39,40,41,42,44,45,46,47,48,52,55,56,64,65,68,69,70,71,76,77,79
Step=43 PrevRays=   192 ResultRays=   196 RayPairs=      1323 NewAxiom=19 PrevAxioms=6,9,10,11,12,13,17,18,20,22,25,26,28,29,33,36,43,49,50,54,57,63,66,72,73,78,21,27,37,59,75,61,51,67,38,53,74,58,35,34,62,60,+19 MissingAxioms=0,1,2,3,4,5,7,8,14,15,16,23,24,30,31,32,39,40,41,42,44,45,46,47,48,52,55,56,64,65,68,69,70,71,76,77,79
Step=43 PrevRays=   210 ResultRays=   196 RayPairs=      2142 NewAxiom=20 PrevAxioms=6,9,10,11,12,13,17,18,21,22,25,26,28,29,33,36,43,49,50,54,57,63,66,72,73,78,19,37,51,59,67,75,61,53,74,27,58,35,34,38,62,60,+20 MissingAxioms=0,1,2,3,4,5,7,8,14,15,16,23,24,30,31,32,39,40,41,42,44,45,46,47,48,52,55,56,64,65,68,69,70,71,76,77,79
Step=43 PrevRays=   182 ResultRays=   196 RayPairs=       567 NewAxiom=21 PrevAxioms=6,9,10,11,12,13,17,18,20,22,25,26,28,29,33,36,43,49,50,54,57,63,66,72,73,78,19,37,51,67,35,38,53,61,75,27,74,34,59,58,62,60,+21 MissingAxioms=0,1,2,3,4,5,7,8,14,15,16,23,24,30,31,32,39,40,41,42,44,45,46,47,48,52,55,56,64,65,68,69,70,71,76,77,79
Step=43 PrevRays=   188 ResultRays=   196 RayPairs=       540 NewAxiom=22 PrevAxioms=6,9,10,11,12,13,17,18,20,25,26,28,29,33,36,38,43,49,50,54,57,63,66,72,73,78,19,21,37,27,59,75,61,53,74,35,34,67,51,58,62,60,+22 MissingAxioms=0,1,2,3,4,5,7,8,14,15,16,23,24,30,31,32,39,40,41,42,44,45,46,47,48,52,55,56,64,65,68,69,70,71,76,77,79
Step=43 PrevRays=   214 ResultRays=   196 RayPairs=      1800 NewAxiom=25 PrevAxioms=6,9,10,11,12,13,17,18,20,22,26,27,28,29,33,36,43,49,50,54,57,63,66,72,73,78,19,21,37,35,51,67,34,38,61,75,59,58,62,60,53,74,+25 MissingAxioms=0,1,2,3,4,5,7,8,14,15,16,23,24,30,31,32,39,40,41,42,44,45,46,47,48,52,55,56,64,65,68,69,70,71,76,77,79
Step=43 PrevRays=   147 ResultRays=   196 RayPairs=       777 NewAxiom=26 PrevAxioms=6,9,10,11,12,13,17,18,20,22,25,28,29,33,34,36,43,49,50,54,57,63,66,72,73,78,19,21,37,27,59,75,61,53,38,74,67,51,58,62,60,35,+26 MissingAxioms=0,1,2,3,4,5,7,8,14,15,16,23,24,30,31,32,39,40,41,42,44,45,46,47,48,52,55,56,64,65,68,69,70,71,76,77,79
Step=43 PrevRays=   189 ResultRays=   196 RayPairs=      1400 NewAxiom=27 PrevAxioms=6,9,10,11,12,13,17,18,20,22,25,26,28,29,33,36,43,49,50,54,57,63,66,72,73,78,19,21,37,35,51,67,53,38,61,75,74,59,58,34,62,60,+27 MissingAxioms=0,1,2,3,4,5,7,8,14,15,16,23,24,30,31,32,39,40,41,42,44,45,46,47,48,52,55,56,64,65,68,69,70,71,76,77,79
Step=43 PrevRays=   142 ResultRays=   196 RayPairs=       592 NewAxiom=28 PrevAxioms=6,9,10,11,12,13,17,18,20,22,25,26,29,33,36,37,43,49,50,54,57,63,66,72,73,78,19,21,53,61,75,67,74,35,38,51,27,34,59,58,62,60,+28 MissingAxioms=0,1,2,3,4,5,7,8,14,15,16,23,24,30,31,32,39,40,41,42,44,45,46,47,48,52,55,56,64,65,68,69,70,71,76,77,79
Step=43 PrevRays=   211 ResultRays=   196 RayPairs=      1760 NewAxiom=29 PrevAxioms=6,9,10,11,12,13,17,18,20,22,25,26,28,33,36,37,43,49,50,54,57,63,66,72,73,78,19,21,61,75,27,38,35,51,67,34,74,53,59,58,62,60,+29 MissingAxioms=0,1,2,3,4,5,7,8,14,15,16,23,24,30,31,32,39,40,41,42,44,45,46,47,48,52,55,56,64,65,68,69,70,71,76,77,79
Step=43 PrevRays=   204 ResultRays=   196 RayPairs=      1564 NewAxiom=33 PrevAxioms=6,9,10,11,12,13,17,18,20,22,25,26,28,29,34,36,43,49,50,54,57,63,66,72,73,78,19,21,37,27,59,35,38,53,67,51,58,62,60,75,74,61,+33 MissingAxioms=0,1,2,3,4,5,7,8,14,15,16,23,24,30,31,32,39,40,41,42,44,45,46,47,48,52,55,56,64,65,68,69,70,71,76,77,79
Step=43 PrevRays=   212 ResultRays=   196 RayPairs=      1794 NewAxiom=34 PrevAxioms=6,9,10,11,12,13,17,18,20,22,25,26,28,29,33,36,43,49,50,54,57,63,66,72,73,78,19,21,37,27,59,75,61,53,38,74,67,51,58,35,62,60,+34 MissingAxioms=0,1,2,3,4,5,7,8,14,15,16,23,24,30,31,32,39,40,41,42,44,45,46,47,48,52,55,56,64,65,68,69,70,71,76,77,79
Step=43 PrevRays=   188 ResultRays=   196 RayPairs=       820 NewAxiom=35 PrevAxioms=6,9,10,11,12,13,17,18,20,22,25,26,28,29,33,36,43,49,50,54,57,63,66,72,73,78,19,21,37,27,59,75,61,53,38,74,67,51,58,34,62,60,+35 MissingAxioms=0,1,2,3,4,5,7,8,14,15,16,23,24,30,31,32,39,40,41,42,44,45,46,47,48,52,55,56,64,65,68,69,70,71,76,77,79
Step=43 PrevRays=   213 ResultRays=   196 RayPairs=      2100 NewAxiom=36 PrevAxioms=6,9,10,11,12,13,17,18,20,22,25,26,28,29,33,37,43,49,50,54,57,63,66,72,73,78,19,21,53,61,75,67,74,35,51,27,34,59,58,38,62,60,+36 MissingAxioms=0,1,2,3,4,5,7,8,14,15,16,23,24,30,31,32,39,40,41,42,44,45,46,47,48,52,55,56,64,65,68,69,70,71,76,77,79
Step=43 PrevRays=   208 ResultRays=   196 RayPairs=      1482 NewAxiom=37 PrevAxioms=6,9,10,11,12,13,17,18,20,22,25,26,28,29,33,36,43,49,50,54,57,63,66,72,73,78,19,21,53,35,67,38,51,27,34,59,58,62,60,75,74,61,+37 MissingAxioms=0,1,2,3,4,5,7,8,14,15,16,23,24,30,31,32,39,40,41,42,44,45,46,47,48,52,55,56,64,65,68,69,70,71,76,77,79
Step=43 PrevRays=   179 ResultRays=   196 RayPairs=       462 NewAxiom=38 PrevAxioms=6,9,10,11,12,13,17,18,20,22,25,26,28,29,33,36,43,49,50,54,57,63,66,72,73,78,19,21,37,27,59,75,61,53,74,35,34,67,51,58,62,60,+38 MissingAxioms=0,1,2,3,4,5,7,8,14,15,16,23,24,30,31,32,39,40,41,42,44,45,46,47,48,52,55,56,64,65,68,69,70,71,76,77,79
! VaryAxiom=43 NoInitialAxiomSet
Step=43 PrevRays=   218 ResultRays=   196 RayPairs=      1449 NewAxiom=49 PrevAxioms=6,9,10,11,12,13,17,18,20,22,25,26,28,29,33,36,43,50,51,54,57,63,66,72,73,78,19,21,37,27,59,75,58,61,74,38,67,53,35,34,62,60,+49 MissingAxioms=0,1,2,3,4,5,7,8,14,15,16,23,24,30,31,32,39,40,41,42,44,45,46,47,48,52,55,56,64,65,68,69,70,71,76,77,79
Step=43 PrevRays=   145 ResultRays=   196 RayPairs=       595 NewAxiom=50 PrevAxioms=6,9,10,11,12,13,17,18,20,22,25,26,28,29,33,36,43,49,54,57,58,63,66,72,73,78,19,21,37,27,59,75,61,53,38,74,67,51,35,34,62,60,+50 MissingAxioms=0,1,2,3,4,5,7,8,14,15,16,23,24,30,31,32,39,40,41,42,44,45,46,47,48,52,55,56,64,65,68,69,70,71,76,77,79
Step=43 PrevRays=   218 ResultRays=   196 RayPairs=      1767 NewAxiom=51 PrevAxioms=6,9,10,11,12,13,17,18,20,22,25,26,28,29,33,36,43,49,50,54,57,63,66,72,73,78,19,21,37,27,59,75,61,53,38,74,67,58,35,34,62,60,+51 MissingAxioms=0,1,2,3,4,5,7,8,14,15,16,23,24,30,31,32,39,40,41,42,44,45,46,47,48,52,55,56,64,65,68,69,70,71,76,77,79
Step=43 PrevRays=   181 ResultRays=   196 RayPairs=       782 NewAxiom=53 PrevAxioms=6,9,10,11,12,13,17,18,20,22,25,26,28,29,33,36,43,49,50,54,57,63,66,72,73,78,19,21,37,27,59,75,61,74,38,51,67,58,35,34,62,60,+53 MissingAxioms=0,1,2,3,4,5,7,8,14,15,16,23,24,30,31,32,39,40,41,42,44,45,46,47,48,52,55,56,64,65,68,69,70,71,76,77,79
! VaryAxiom=54 NoInitialAxiomSet
Step=43 PrevRays=   204 ResultRays=   196 RayPairs=      1410 NewAxiom=57 PrevAxioms=6,9,10,11,12,13,17,18,20,22,25,26,28,29,33,36,43,49,50,54,58,63,66,72,73,78,19,21,37,27,75,35,38,53,67,74,51,59,34,62,60,61,+57 MissingAxioms=0,1,2,3,4,5,7,8,14,15,16,23,24,30,31,32,39,40,41,42,44,45,46,47,48,52,55,56,64,65,68,69,70,71,76,77,79
Step=43 PrevRays=   222 ResultRays=   196 RayPairs=      2451 NewAxiom=58 PrevAxioms=6,9,10,11,12,13,17,18,20,22,25,26,28,29,33,36,43,49,50,54,57,63,66,72,73,78,19,21,37,27,59,75,61,53,38,74,67,51,35,34,62,60,+58 MissingAxioms=0,1,2,3,4,5,7,8,14,15,16,23,24,30,31,32,39,40,41,42,44,45,46,47,48,52,55,56,64,65,68,69,70,71,76,77,79
Step=43 PrevRays=   193 ResultRays=   196 RayPairs=      1027 NewAxiom=59 PrevAxioms=6,9,10,11,12,13,17,18,20,22,25,26,28,29,33,36,43,49,50,54,57,63,66,72,73,78,19,21,37,27,61,75,35,38,53,67,74,51,34,58,62,60,+59 MissingAxioms=0,1,2,3,4,5,7,8,14,15,16,23,24,30,31,32,39,40,41,42,44,45,46,47,48,52,55,56,64,65,68,69,70,71,76,77,79
Step=43 PrevRays=   180 ResultRays=   196 RayPairs=       943 NewAxiom=60 PrevAxioms=6,9,10,11,12,13,17,18,20,22,25,26,28,29,33,36,43,49,50,54,57,63,66,72,73,78,19,21,37,27,59,75,61,53,38,74,67,51,58,35,34,62,+60 MissingAxioms=0,1,2,3,4,5,7,8,14,15,16,23,24,30,31,32,39,40,41,42,44,45,46,47,48,52,55,56,64,65,68,69,70,71,76,77,79
Step=43 PrevRays=   192 ResultRays=   196 RayPairs=      1083 NewAxiom=61 PrevAxioms=6,9,10,11,12,13,17,18,20,22,25,26,28,29,33,36,43,49,50,54,57,63,66,72,73,78,19,21,37,27,59,75,53,38,74,67,51,58,35,34,62,60,+61 MissingAxioms=0,1,2,3,4,5,7,8,14,15,16,23,24,30,31,32,39,40,41,42,44,45,46,47,48,52,55,56,64,65,68,69,70,71,76,77,79
Step=43 PrevRays=   186 ResultRays=   196 RayPairs=       540 NewAxiom=62 PrevAxioms=6,9,10,11,12,13,17,18,20,22,25,26,28,29,33,36,43,49,50,54,57,63,66,72,73,78,19,21,37,27,59,75,61,53,38,74,67,51,58,35,34,60,+62 MissingAxioms=0,1,2,3,4,5,7,8,14,15,16,23,24,30,31,32,39,40,41,42,44,45,46,47,48,52,55,56,64,65,68,69,70,71,76,77,79
! VaryAxiom=63 NoInitialAxiomSet
Step=43 PrevRays=   182 ResultRays=   196 RayPairs=       294 NewAxiom=66 PrevAxioms=6,9,10,11,12,13,17,18,20,22,25,26,28,29,33,36,43,49,50,54,57,63,67,72,73,78,19,21,37,27,59,75,61,53,38,74,51,58,35,34,62,60,+66 MissingAxioms=0,1,2,3,4,5,7,8,14,15,16,23,24,30,31,32,39,40,41,42,44,45,46,47,48,52,55,56,64,65,68,69,70,71,76,77,79
Step=43 PrevRays=   182 ResultRays=   196 RayPairs=       300 NewAxiom=67 PrevAxioms=6,9,10,11,12,13,17,18,20,22,25,26,28,29,33,36,43,49,50,54,57,63,66,72,73,78,19,21,37,27,59,75,61,53,38,74,51,58,35,34,62,60,+67 MissingAxioms=0,1,2,3,4,5,7,8,14,15,16,23,24,30,31,32,39,40,41,42,44,45,46,47,48,52,55,56,64,65,68,69,70,71,76,77,79
! VaryAxiom=72 NoInitialAxiomSet
Step=43 PrevRays=   188 ResultRays=   196 RayPairs=       812 NewAxiom=73 PrevAxioms=6,9,10,11,12,13,17,18,20,22,25,26,28,29,33,36,43,49,50,54,57,63,66,72,74,78,19,21,37,27,59,61,53,75,38,67,51,58,35,34,62,60,+73 MissingAxioms=0,1,2,3,4,5,7,8,14,15,16,23,24,30,31,32,39,40,41,42,44,45,46,47,48,52,55,56,64,65,68,69,70,71,76,77,79
Step=43 PrevRays=   186 ResultRays=   196 RayPairs=       636 NewAxiom=74 PrevAxioms=6,9,10,11,12,13,17,18,20,22,25,26,28,29,33,36,43,49,50,54,57,63,66,72,73,78,19,21,37,27,59,75,61,53,38,67,51,58,35,34,62,60,+74 MissingAxioms=0,1,2,3,4,5,7,8,14,15,16,23,24,30,31,32,39,40,41,42,44,45,46,47,48,52,55,56,64,65,68,69,70,71,76,77,79
Step=43 PrevRays=   219 ResultRays=   196 RayPairs=      1178 NewAxiom=75 PrevAxioms=6,9,10,11,12,13,17,18,20,22,25,26,28,29,33,36,43,49,50,54,57,63,66,72,73,78,19,21,37,27,59,61,53,38,67,51,74,58,35,34,62,60,+75 MissingAxioms=0,1,2,3,4,5,7,8,14,15,16,23,24,30,31,32,39,40,41,42,44,45,46,47,48,52,55,56,64,65,68,69,70,71,76,77,79
! VaryAxiom=78 NoInitialAxiomSet

Ordered by number of ray pairs:
Step=43 ####.......................... (min) Axiom66 42(1) - g1 f(1,2) + f(1,4) >= f(1) + f(1,2,4)
Step=43 ####.......................... Axiom67 42(0,1) - g2 f(0,1,2) + f(0,1,4) >= f(0,1) + f(0,1,2,3,4)
Step=43 ######........................ Axiom38 31(2,4) - g2 f(1,2,4) + f(2,3,4) >= f(0,1,2,3,4) + f(2,4)
Step=43 #######....................... Axiom22 21(3,4) - g2 f(1,3,4) + f(2,3,4) >= f(0,1,2,3,4) + f(3,4)
Step=43 #######....................... Axiom62 41(2,3) - g2 f(1,2,3) + f(2,3,4) >= f(2,3) + f(0,1,2,3,4)
Step=43 #######....................... Axiom21 21(0,4) - g2 f(0,1,4) + f(0,2,4) >= f(0,1,2,3,4) + f(0,4)
Step=43 #######....................... Axiom28 30(4) - g1 f(0,4) + f(3,4) >= f(4) + f(0,3,4)
Step=43 #######....................... Axiom50 40(2) - g1 f(0,2) + f(2,4) >= f(2) + f(0,2,4)
Step=43 ########...................... Axiom74 43(1) - g1 f(1,3) + f(1,4) >= f(1) + f(1,3,4)
Step=43 ##########.................... Axiom26 30(2) - g1 f(0,2) + f(2,3) >= f(2) + f(0,2,3)
Step=43 ##########.................... Axiom53 40(1,3) - g2 f(0,1,3) + f(1,3,4) >= f(1,3) + f(0,1,2,3,4)
Step=43 ##########.................... Axiom12 20(4) - g1 f(0,4) + f(2,4) >= f(4) + f(0,2,4)
Step=43 ##########.................... Axiom73 43(0) - g1 f(0,3) + f(0,4) >= f(0) + f(0,3,4)
Step=43 ##########.................... Axiom10 20(3) - g1 f(0,3) + f(2,3) >= f(3) + f(0,2,3)
Step=43 ##########.................... Axiom35 31(0,2) - g2 f(0,1,2) + f(0,2,3) >= f(0,2) + f(0,1,2,3,4)
Step=43 ############.................. Axiom60 41(3) - g1 f(1,3) + f(3,4) >= f(3) + f(1,3,4)
Step=43 #############................. Axiom59 41(0,2) - g2 f(0,1,2) + f(0,2,4) >= f(0,2) + f(0,1,2,3,4)
Step=43 #############................. Axiom17 21(0) - g1 f(0,1) + f(0,2) >= f(0) + f(0,1,2)
Step=43 #############................. Axiom61 41(0,3) - g2 f(0,1,3) + f(0,3,4) >= f(0,3) + f(0,1,2,3,4)
Step=43 ##############................ Axiom75 43(0,1) - g2 f(0,1,3) + f(0,1,4) >= f(0,1) + f(0,1,2,3,4)
Step=43 ################.............. Axiom9 20(1) - g1 f(0,1) + f(1,2) >= f(1) + f(0,1,2)
Step=43 ################.............. Axiom19 21(0,3) - g2 f(0,1,3) + f(0,2,3) >= f(0,3) + f(0,1,2,3,4)
Step=43 #################............. Axiom27 30(1,2) - g2 f(0,1,2) + f(1,2,3) >= f(1,2) + f(0,1,2,3,4)
Step=43 #################............. Axiom57 41(0) - g1 f(0,1) + f(0,4) >= f(0) + f(0,1,4)
Step=43 ##################............ Axiom49 40(1) - g1 f(0,1) + f(1,4) >= f(1) + f(0,1,4)
Step=43 ##################............ Axiom37 31(0,4) - g2 f(0,1,4) + f(0,3,4) >= f(0,1,2,3,4) + f(0,4)
Step=43 ##################............ Axiom11 20(1,3) - g2 f(0,1,3) + f(1,2,3) >= f(1,3) + f(0,1,2,3,4)
Step=43 ###################........... Axiom33 31(0) - g1 f(0,1) + f(0,3) >= f(0) + f(0,1,3)
Step=43 #####################......... Axiom13 20(1,4) - g2 f(0,1,4) + f(1,2,4) >= f(0,1,2,3,4) + f(1,4)
Step=43 ######################........ Axiom29 30(1,4) - g2 f(0,1,4) + f(1,3,4) >= f(0,1,2,3,4) + f(1,4)
Step=43 ######################........ Axiom51 40(1,2) - g2 f(0,1,2) + f(1,2,4) >= f(1,2) + f(0,1,2,3,4)
Step=43 ######################........ Axiom34 31(2) - g1 f(1,2) + f(2,3) >= f(2) + f(1,2,3)
Step=43 ######################........ Axiom25 30(1) - g1 f(0,1) + f(1,3) >= f(1) + f(0,1,3)
Step=43 #######################....... Axiom18 21(3) - g1 f(1,3) + f(2,3) >= f(3) + f(1,2,3)
Step=43 ##########################.... Axiom36 31(4) - g1 f(1,4) + f(3,4) >= f(4) + f(1,3,4)
Step=43 ##########################.... Axiom20 21(4) - g1 f(1,4) + f(2,4) >= f(4) + f(1,2,4)
Step=43 ############################## Axiom58 41(2) - g1 f(1,2) + f(2,4) >= f(2) + f(1,2,4)

Ordered by number of previous rays:
Step=43 $$$$$$$$$$$$$$$$$$$........... (min) Axiom28 30(4) - g1 f(0,4) + f(3,4) >= f(4) + f(0,3,4)
Step=43 $$$$$$$$$$$$$$$$$$$$.......... Axiom50 40(2) - g1 f(0,2) + f(2,4) >= f(2) + f(0,2,4)
Step=43 $$$$$$$$$$$$$$$$$$$$.......... Axiom12 20(4) - g1 f(0,4) + f(2,4) >= f(4) + f(0,2,4)
Step=43 $$$$$$$$$$$$$$$$$$$$.......... Axiom26 30(2) - g1 f(0,2) + f(2,3) >= f(2) + f(0,2,3)
Step=43 $$$$$$$$$$$$$$$$$$$$$$........ Axiom10 20(3) - g1 f(0,3) + f(2,3) >= f(3) + f(0,2,3)
Step=43 $$$$$$$$$$$$$$$$$$$$$$$....... Axiom17 21(0) - g1 f(0,1) + f(0,2) >= f(0) + f(0,1,2)
Step=43 $$$$$$$$$$$$$$$$$$$$$$$$...... Axiom38 31(2,4) - g2 f(1,2,4) + f(2,3,4) >= f(0,1,2,3,4) + f(2,4)
Step=43 $$$$$$$$$$$$$$$$$$$$$$$$...... Axiom60 41(3) - g1 f(1,3) + f(3,4) >= f(3) + f(1,3,4)
Step=43 $$$$$$$$$$$$$$$$$$$$$$$$...... Axiom53 40(1,3) - g2 f(0,1,3) + f(1,3,4) >= f(1,3) + f(0,1,2,3,4)
Step=43 $$$$$$$$$$$$$$$$$$$$$$$$$..... Axiom21 21(0,4) - g2 f(0,1,4) + f(0,2,4) >= f(0,1,2,3,4) + f(0,4)
Step=43 $$$$$$$$$$$$$$$$$$$$$$$$$..... Axiom66 42(1) - g1 f(1,2) + f(1,4) >= f(1) + f(1,2,4)
Step=43 $$$$$$$$$$$$$$$$$$$$$$$$$..... Axiom67 42(0,1) - g2 f(0,1,2) + f(0,1,4) >= f(0,1) + f(0,1,2,3,4)
Step=43 $$$$$$$$$$$$$$$$$$$$$$$$$..... Axiom62 41(2,3) - g2 f(1,2,3) + f(2,3,4) >= f(2,3) + f(0,1,2,3,4)
Step=43 $$$$$$$$$$$$$$$$$$$$$$$$$..... Axiom74 43(1) - g1 f(1,3) + f(1,4) >= f(1) + f(1,3,4)
Step=43 $$$$$$$$$$$$$$$$$$$$$$$$$..... Axiom22 21(3,4) - g2 f(1,3,4) + f(2,3,4) >= f(0,1,2,3,4) + f(3,4)
Step=43 $$$$$$$$$$$$$$$$$$$$$$$$$..... Axiom35 31(0,2) - g2 f(0,1,2) + f(0,2,3) >= f(0,2) + f(0,1,2,3,4)
Step=43 $$$$$$$$$$$$$$$$$$$$$$$$$..... Axiom73 43(0) - g1 f(0,3) + f(0,4) >= f(0) + f(0,3,4)
Step=43 $$$$$$$$$$$$$$$$$$$$$$$$$$.... Axiom27 30(1,2) - g2 f(0,1,2) + f(1,2,3) >= f(1,2) + f(0,1,2,3,4)
Step=43 $$$$$$$$$$$$$$$$$$$$$$$$$$.... Axiom19 21(0,3) - g2 f(0,1,3) + f(0,2,3) >= f(0,3) + f(0,1,2,3,4)
Step=43 $$$$$$$$$$$$$$$$$$$$$$$$$$.... Axiom61 41(0,3) - g2 f(0,1,3) + f(0,3,4) >= f(0,3) + f(0,1,2,3,4)
Step=43 $$$$$$$$$$$$$$$$$$$$$$$$$$.... Axiom59 41(0,2) - g2 f(0,1,2) + f(0,2,4) >= f(0,2) + f(0,1,2,3,4)
Step=43 $$$$$$$$$$$$$$$$$$$$$$$$$$$... Axiom11 20(1,3) - g2 f(0,1,3) + f(1,2,3) >= f(1,3) + f(0,1,2,3,4)
Step=43 $$$$$$$$$$$$$$$$$$$$$$$$$$$$.. Axiom33 31(0) - g1 f(0,1) + f(0,3) >= f(0) + f(0,1,3)
Step=43 $$$$$$$$$$$$$$$$$$$$$$$$$$$$.. Axiom57 41(0) - g1 f(0,1) + f(0,4) >= f(0) + f(0,1,4)
Step=43 $$$$$$$$$$$$$$$$$$$$$$$$$$$$.. Axiom37 31(0,4) - g2 f(0,1,4) + f(0,3,4) >= f(0,1,2,3,4) + f(0,4)
Step=43 $$$$$$$$$$$$$$$$$$$$$$$$$$$$.. Axiom20 21(4) - g1 f(1,4) + f(2,4) >= f(4) + f(1,2,4)
Step=43 $$$$$$$$$$$$$$$$$$$$$$$$$$$$$. Axiom29 30(1,4) - g2 f(0,1,4) + f(1,3,4) >= f(0,1,2,3,4) + f(1,4)
Step=43 $$$$$$$$$$$$$$$$$$$$$$$$$$$$$. Axiom9 20(1) - g1 f(0,1) + f(1,2) >= f(1) + f(0,1,2)
Step=43 $$$$$$$$$$$$$$$$$$$$$$$$$$$$$. Axiom34 31(2) - g1 f(1,2) + f(2,3) >= f(2) + f(1,2,3)
Step=43 $$$$$$$$$$$$$$$$$$$$$$$$$$$$$. Axiom36 31(4) - g1 f(1,4) + f(3,4) >= f(4) + f(1,3,4)
Step=43 $$$$$$$$$$$$$$$$$$$$$$$$$$$$$. Axiom25 30(1) - g1 f(0,1) + f(1,3) >= f(1) + f(0,1,3)
Step=43 $$$$$$$$$$$$$$$$$$$$$$$$$$$$$. Axiom13 20(1,4) - g2 f(0,1,4) + f(1,2,4) >= f(0,1,2,3,4) + f(1,4)
Step=43 $$$$$$$$$$$$$$$$$$$$$$$$$$$$$. Axiom49 40(1) - g1 f(0,1) + f(1,4) >= f(1) + f(0,1,4)
Step=43 $$$$$$$$$$$$$$$$$$$$$$$$$$$$$. Axiom51 40(1,2) - g2 f(0,1,2) + f(1,2,4) >= f(1,2) + f(0,1,2,3,4)
Step=43 $$$$$$$$$$$$$$$$$$$$$$$$$$$$$$ Axiom75 43(0,1) - g2 f(0,1,3) + f(0,1,4) >= f(0,1) + f(0,1,2,3,4)
Step=43 $$$$$$$$$$$$$$$$$$$$$$$$$$$$$$ Axiom18 21(3) - g1 f(1,3) + f(2,3) >= f(3) + f(1,2,3)
Step=43 $$$$$$$$$$$$$$$$$$$$$$$$$$$$$$ Axiom58 41(2) - g1 f(1,2) + f(2,4) >= f(2) + f(1,2,4)
