Step=66 PrevRays= 12249 ResultRays= 13066 RayPairs=  18162279 NewAxiom=1 PrevAxioms=2,4,5,6,9,10,11,12,14,15,17,18,20,22,25,26,28,33,36,41,45,49,57,65,72,73,13,19,21,23,69,77,27,59,29,37,61,30,67,75,53,47,74,71,52,54,50,43,39,70,42,35,63,31,51,79,38,58,55,62,46,78,66,34,60,+1 MissingAxioms=0,3,7,8,16,24,32,40,44,48,56,64,68,76 TotalTime=4.6
Step=66 PrevRays= 12249 ResultRays= 13066 RayPairs=  18162279 NewAxiom=2 PrevAxioms=1,4,5,6,9,10,11,12,14,15,17,18,20,22,25,26,28,33,36,41,45,49,57,65,72,73,13,19,21,23,69,77,27,59,29,37,61,30,67,75,53,47,74,71,50,54,43,42,39,46,51,58,35,79,52,31,38,63,70,55,78,62,34,60,66,+2 MissingAxioms=0,3,7,8,16,24,32,40,44,48,56,64,68,76 TotalTime=3.6
Step=66 PrevRays= 13392 ResultRays= 13066 RayPairs=  22681524 NewAxiom=4 PrevAxioms=1,2,5,6,9,10,11,12,13,14,15,17,18,20,22,25,28,33,36,41,45,49,57,65,72,73,19,21,23,69,77,27,59,58,30,67,26,43,35,38,34,31,62,29,53,52,54,71,47,46,37,75,74,39,61,63,55,70,51,79,66,60,78,50,42,+4 MissingAxioms=0,3,7,8,16,24,32,40,44,48,56,64,68,76 TotalTime=4.7
Step=66 PrevRays= 11591 ResultRays= 13066 RayPairs=   6173860 NewAxiom=5 PrevAxioms=1,2,4,6,9,10,11,12,13,14,15,17,18,20,22,25,28,33,36,41,45,49,57,65,72,73,19,21,23,29,37,69,77,27,59,61,26,30,67,75,47,60,51,62,46,38,53,66,55,31,52,39,50,54,63,71,43,79,35,78,42,34,70,74,58,+5 MissingAxioms=0,3,7,8,16,24,32,40,44,48,56,64,68,76 TotalTime=3.4
Step=66 PrevRays= 11591 ResultRays= 13066 RayPairs=   6173860 NewAxiom=6 PrevAxioms=1,2,4,5,9,10,11,12,14,15,17,18,20,22,25,28,29,33,36,41,45,49,57,65,72,73,13,19,21,23,37,69,77,27,59,61,26,30,67,75,58,53,71,74,46,70,38,47,55,43,31,39,52,54,51,66,79,35,78,63,62,42,34,50,60,+6 MissingAxioms=0,3,7,8,16,24,32,40,44,48,56,64,68,76 TotalTime=4.5
Step=66 PrevRays= 13375 ResultRays= 13066 RayPairs=  22733602 NewAxiom=9 PrevAxioms=1,2,4,5,6,10,11,12,14,15,17,18,20,22,25,26,28,33,36,41,45,49,57,65,72,73,13,19,21,23,69,77,35,29,53,43,37,27,38,34,31,42,70,60,62,55,71,61,75,39,52,54,59,30,50,51,67,79,78,63,47,58,74,66,46,+9 MissingAxioms=0,3,7,8,16,24,32,40,44,48,56,64,68,76 TotalTime=3.9
Step=66 PrevRays= 12348 ResultRays= 13066 RayPairs=  18212685 NewAxiom=10 PrevAxioms=1,2,4,5,6,9,11,12,14,15,17,18,19,20,22,25,28,33,36,41,45,49,57,65,72,73,13,21,23,27,35,43,42,29,37,34,46,53,47,38,26,69,77,51,60,62,31,59,67,30,71,66,61,75,52,39,79,63,78,55,70,54,58,74,50,+10 MissingAxioms=0,3,7,8,16,24,32,40,44,48,56,64,68,76 TotalTime=3.8
Step=66 PrevRays= 13434 ResultRays= 13066 RayPairs=  14639344 NewAxiom=11 PrevAxioms=1,2,4,5,6,9,10,12,14,15,17,18,19,20,22,25,28,33,36,41,45,49,57,65,72,73,13,21,23,35,43,51,29,37,53,69,77,34,38,31,60,62,70,50,75,61,63,74,39,30,71,55,54,27,59,67,79,47,46,42,78,66,26,58,52,+11 MissingAxioms=0,3,7,8,16,24,32,40,44,48,56,64,68,76 TotalTime=5.6
Step=66 PrevRays= 12912 ResultRays= 13066 RayPairs=  19393836 NewAxiom=12 PrevAxioms=1,2,4,5,6,9,10,11,13,14,15,17,18,20,22,25,28,33,36,41,45,49,57,65,72,73,19,21,23,51,69,77,35,29,37,43,53,34,38,31,47,46,42,52,27,39,30,75,61,71,54,63,66,60,70,62,58,59,67,79,74,50,55,78,26,+12 MissingAxioms=0,3,7,8,16,24,32,40,44,48,56,64,68,76 TotalTime=4.3
Step=66 PrevRays= 13194 ResultRays= 13066 RayPairs=  12556635 NewAxiom=13 PrevAxioms=1,2,4,5,6,9,10,11,12,14,15,17,18,20,22,25,28,33,36,41,45,49,57,65,72,73,19,21,23,69,77,27,30,59,37,61,26,29,67,75,53,47,74,70,52,71,60,62,55,43,39,50,54,42,51,31,38,35,79,46,78,66,63,58,34,+13 MissingAxioms=0,3,7,8,16,24,32,40,44,48,56,64,68,76 TotalTime=3.8
Step=66 PrevRays= 12589 ResultRays= 13066 RayPairs=  15200920 NewAxiom=14 PrevAxioms=1,2,4,5,6,9,10,11,12,15,17,18,20,22,23,25,28,33,36,41,45,49,57,65,72,73,13,19,21,69,77,27,59,29,37,61,26,67,75,30,51,60,66,47,62,39,46,63,53,35,34,74,42,43,79,71,70,55,54,50,78,31,38,58,52,+14 MissingAxioms=0,3,7,8,16,24,32,40,44,48,56,64,68,76 TotalTime=5.2
Step=66 PrevRays= 12809 ResultRays= 13066 RayPairs=  15824986 NewAxiom=15 PrevAxioms=1,2,4,5,6,9,10,11,12,14,17,18,20,22,23,25,28,33,36,41,45,49,57,65,72,73,13,19,21,69,77,27,59,29,37,61,30,26,67,75,47,53,63,50,46,39,31,74,35,54,34,43,79,51,58,71,55,66,78,70,62,60,38,42,52,+15 MissingAxioms=0,3,7,8,16,24,32,40,44,48,56,64,68,76 TotalTime=4.7
Step=66 PrevRays= 13375 ResultRays= 13066 RayPairs=  22733602 NewAxiom=17 PrevAxioms=1,2,4,5,6,9,10,11,12,14,15,18,20,22,25,28,33,34,36,41,45,49,57,65,72,73,13,19,21,23,69,77,27,29,37,61,75,26,30,35,47,53,46,74,70,71,43,63,39,31,79,50,54,51,67,55,59,78,66,62,60,38,42,58,52,+17 MissingAxioms=0,3,7,8,16,24,32,40,44,48,56,64,68,76 TotalTime=4.9
Step=66 PrevRays= 12348 ResultRays= 13066 RayPairs=  18212685 NewAxiom=18 PrevAxioms=1,2,4,5,6,9,10,11,12,14,15,17,19,20,22,25,28,33,36,41,45,49,57,65,72,73,13,21,23,27,35,43,42,29,37,26,46,61,75,47,30,34,67,59,79,50,51,66,71,52,54,53,39,60,31,38,63,69,70,55,78,62,77,74,58,+18 MissingAxioms=0,3,7,8,16,24,32,40,44,48,56,64,68,76 TotalTime=4.4
Step=66 PrevRays= 13434 ResultRays= 13066 RayPairs=  14639344 NewAxiom=19 PrevAxioms=1,2,4,5,6,9,10,11,12,14,15,17,18,20,22,25,28,33,36,41,45,49,57,65,72,73,13,21,23,27,69,77,59,29,37,61,26,30,67,75,47,53,74,71,50,54,39,46,31,43,42,51,58,63,38,35,79,70,55,78,52,62,34,66,60,+19 MissingAxioms=0,3,7,8,16,24,32,40,44,48,56,64,68,76 TotalTime=4.7
Step=66 PrevRays= 12912 ResultRays= 13066 RayPairs=  19393836 NewAxiom=20 PrevAxioms=1,2,4,5,6,9,10,11,12,14,15,17,18,21,22,25,28,33,36,41,45,49,57,65,72,73,13,19,23,59,67,77,27,69,29,37,61,26,30,47,75,51,39,50,58,54,43,71,52,53,35,66,46,74,63,34,31,79,55,78,70,62,60,38,42,+20 MissingAxioms=0,3,7,8,16,24,32,40,44,48,56,64,68,76 TotalTime=4.5
Step=66 PrevRays= 13194 ResultRays= 13066 RayPairs=  12556635 NewAxiom=21 PrevAxioms=1,2,4,5,6,9,10,11,12,14,15,17,18,20,22,25,28,33,36,41,45,49,57,65,72,73,13,19,23,69,77,27,38,29,35,43,37,53,34,30,42,61,70,75,31,71,74,63,55,39,54,62,58,59,67,51,79,50,60,78,47,46,26,66,52,+21 MissingAxioms=0,3,7,8,16,24,32,40,44,48,56,64,68,76 TotalTime=4.6
Step=66 PrevRays= 12589 ResultRays= 13066 RayPairs=  15200920 NewAxiom=22 PrevAxioms=1,2,4,5,6,9,10,11,12,14,15,17,18,20,23,25,28,33,36,41,45,49,57,65,72,73,13,19,21,69,77,27,59,29,37,61,30,26,67,75,47,46,53,63,74,50,79,43,39,54,71,35,60,42,51,66,70,78,55,62,31,34,38,52,58,+22 MissingAxioms=0,3,7,8,16,24,32,40,44,48,56,64,68,76 TotalTime=4.2
Step=66 PrevRays= 12809 ResultRays= 13066 RayPairs=  15824986 NewAxiom=23 PrevAxioms=1,2,4,5,6,9,10,11,12,14,15,17,18,20,22,25,28,33,36,41,45,49,57,65,72,73,13,19,21,69,77,27,59,29,37,61,30,26,67,75,51,38,60,66,62,53,55,31,39,46,52,47,43,71,70,79,78,42,63,35,54,58,34,74,50,+23 MissingAxioms=0,3,7,8,16,24,32,40,44,48,56,64,68,76 TotalTime=4.3
Step=66 PrevRays= 13375 ResultRays= 13066 RayPairs=  22733602 NewAxiom=25 PrevAxioms=1,2,4,5,6,9,10,11,12,14,15,17,18,20,22,26,28,33,36,41,45,49,57,65,72,73,13,19,21,23,69,77,35,51,29,37,43,27,38,34,31,42,60,62,55,61,75,58,59,70,39,30,54,63,71,53,67,79,78,47,74,46,66,52,50,+25 MissingAxioms=0,3,7,8,16,24,32,40,44,48,56,64,68,76 TotalTime=4.6
Step=66 PrevRays= 12348 ResultRays= 13066 RayPairs=  18212685 NewAxiom=26 PrevAxioms=1,2,4,5,6,9,10,11,12,14,15,17,18,20,22,25,28,33,36,41,45,49,57,65,72,73,13,19,21,23,69,77,27,59,29,37,61,30,67,75,53,47,74,71,52,54,43,39,70,42,35,63,58,51,31,79,50,38,55,62,34,46,78,66,60,+26 MissingAxioms=0,3,7,8,16,24,32,40,44,48,56,64,68,76 TotalTime=4.6
Step=66 PrevRays= 13434 ResultRays= 13066 RayPairs=  14639344 NewAxiom=27 PrevAxioms=1,2,4,5,6,9,10,11,12,14,15,17,18,20,22,25,28,33,36,41,45,49,57,65,72,73,13,19,21,23,69,77,35,51,29,37,43,53,34,38,31,58,62,42,55,60,61,52,75,39,71,70,59,30,50,54,63,67,79,78,47,66,46,74,26,+27 MissingAxioms=0,3,7,8,16,24,32,40,44,48,56,64,68,76 TotalTime=3.9
Step=66 PrevRays= 12912 ResultRays= 13066 RayPairs=  19393836 NewAxiom=28 PrevAxioms=1,2,4,5,6,9,10,11,12,14,15,17,18,20,22,25,29,33,36,41,45,49,57,65,72,73,13,19,21,23,53,69,77,35,52,43,27,38,31,34,37,42,67,59,54,71,61,60,75,79,78,63,70,30,39,55,62,51,66,47,58,50,46,74,26,+28 MissingAxioms=0,3,7,8,16,24,32,40,44,48,56,64,68,76 TotalTime=4.3
Step=66 PrevRays= 13194 ResultRays= 13066 RayPairs=  12556635 NewAxiom=29 PrevAxioms=1,2,4,5,6,9,10,11,12,14,15,17,18,20,22,25,28,33,36,41,45,49,57,65,72,73,13,19,21,23,69,77,27,59,37,61,26,67,30,75,47,50,63,54,39,52,35,53,74,46,31,79,43,38,58,51,55,71,70,66,78,62,34,60,42,+29 MissingAxioms=0,3,7,8,16,24,32,40,44,48,56,64,68,76 TotalTime=3.8
Step=66 PrevRays= 12589 ResultRays= 13066 RayPairs=  15200920 NewAxiom=30 PrevAxioms=1,2,4,5,6,9,10,11,12,14,15,17,18,20,22,25,28,33,36,41,45,49,57,65,72,73,13,19,21,23,69,77,27,59,29,37,61,26,67,75,46,53,74,47,50,71,60,43,62,42,51,66,38,39,79,35,31,78,63,55,54,58,70,52,34,+30 MissingAxioms=0,3,7,8,16,24,32,40,44,48,56,64,68,76 TotalTime=4.7
Step=66 PrevRays= 12809 ResultRays= 13066 RayPairs=  15824986 NewAxiom=31 PrevAxioms=1,2,4,5,6,9,10,11,12,14,15,17,18,20,22,25,28,33,36,41,45,49,57,65,72,73,13,19,21,23,69,77,27,59,29,37,61,26,30,67,75,47,53,74,71,50,54,43,39,46,42,35,79,63,58,51,38,66,70,55,78,62,52,34,60,+31 MissingAxioms=0,3,7,8,16,24,32,40,44,48,56,64,68,76 TotalTime=4.0
Step=66 PrevRays= 13375 ResultRays= 13066 RayPairs=  22733602 NewAxiom=33 PrevAxioms=1,2,4,5,6,9,10,11,12,14,15,17,18,20,22,25,28,34,36,41,45,49,57,65,72,73,13,19,21,23,69,77,27,59,29,37,67,53,35,30,47,26,39,46,71,52,50,54,43,63,51,31,79,75,61,58,74,38,70,55,62,42,78,60,66,+33 MissingAxioms=0,3,7,8,16,24,32,40,44,48,56,64,68,76 TotalTime=4.3
Step=66 PrevRays= 12348 ResultRays= 13066 RayPairs=  18212685 NewAxiom=34 PrevAxioms=1,2,4,5,6,9,10,11,12,14,15,17,18,20,22,25,28,33,36,41,45,49,57,65,72,73,13,19,21,23,69,77,27,59,29,37,61,26,30,67,75,47,53,74,71,50,54,43,39,46,31,42,63,35,51,58,38,79,70,55,78,52,62,66,60,+34 MissingAxioms=0,3,7,8,16,24,32,40,44,48,56,64,68,76 TotalTime=4.0
Step=66 PrevRays= 13434 ResultRays= 13066 RayPairs=  14639344 NewAxiom=35 PrevAxioms=1,2,4,5,6,9,10,11,12,14,15,17,18,20,22,25,28,33,36,41,45,49,57,65,72,73,13,19,21,23,69,77,27,59,29,37,61,26,30,67,75,47,53,74,71,50,54,43,39,46,31,42,63,51,66,38,79,70,55,78,58,62,60,34,52,+35 MissingAxioms=0,3,7,8,16,24,32,40,44,48,56,64,68,76 TotalTime=3.6
Step=66 PrevRays= 12912 ResultRays= 13066 RayPairs=  19393836 NewAxiom=36 PrevAxioms=1,2,4,5,6,9,10,11,12,14,15,17,18,20,22,25,28,33,37,41,45,49,57,65,72,73,13,19,21,23,61,69,75,27,60,77,67,30,26,59,47,50,39,54,71,52,43,53,29,63,74,70,42,35,51,58,55,31,38,62,79,78,46,34,66,+36 MissingAxioms=0,3,7,8,16,24,32,40,44,48,56,64,68,76 TotalTime=3.7
Step=66 PrevRays= 13194 ResultRays= 13066 RayPairs=  12556635 NewAxiom=37 PrevAxioms=1,2,4,5,6,9,10,11,12,14,15,17,18,20,22,25,28,33,36,41,45,49,57,65,72,73,13,19,21,23,69,77,27,59,29,67,53,58,70,71,52,75,54,74,66,38,51,61,63,79,43,42,35,39,47,31,30,50,26,55,78,62,46,34,60,+37 MissingAxioms=0,3,7,8,16,24,32,40,44,48,56,64,68,76 TotalTime=4.5
Step=66 PrevRays= 12589 ResultRays= 13066 RayPairs=  15200920 NewAxiom=38 PrevAxioms=1,2,4,5,6,9,10,11,12,14,15,17,18,20,22,25,28,33,36,41,45,49,57,65,72,73,13,19,21,23,69,77,27,59,29,37,61,26,30,67,75,47,53,74,71,50,54,43,39,46,31,42,63,35,51,58,79,78,55,70,60,62,34,66,52,+38 MissingAxioms=0,3,7,8,16,24,32,40,44,48,56,64,68,76 TotalTime=3.9
Step=66 PrevRays= 12809 ResultRays= 13066 RayPairs=  15824986 NewAxiom=39 PrevAxioms=1,2,4,5,6,9,10,11,12,14,15,17,18,20,22,25,28,33,36,41,45,49,57,65,72,73,13,19,21,23,69,77,27,59,29,37,61,26,30,67,75,47,53,74,71,50,54,43,60,63,35,79,42,62,70,51,55,31,46,38,78,66,58,34,52,+39 MissingAxioms=0,3,7,8,16,24,32,40,44,48,56,64,68,76 TotalTime=4.1
Step=66 PrevRays= 12708 ResultRays= 13066 RayPairs=  18832463 NewAxiom=41 PrevAxioms=1,2,4,5,6,9,10,11,12,14,15,17,18,20,22,25,28,33,36,42,45,49,57,65,72,73,13,19,21,23,27,43,59,67,29,37,75,61,26,30,47,39,50,79,46,51,52,53,74,54,63,35,58,77,31,38,78,71,70,55,62,34,69,60,66,+41 MissingAxioms=0,3,7,8,16,24,32,40,44,48,56,64,68,76 TotalTime=4.3
Step=66 PrevRays= 12708 ResultRays= 13066 RayPairs=  18832463 NewAxiom=42 PrevAxioms=1,2,4,5,6,9,10,11,12,14,15,17,18,20,22,25,28,33,36,41,45,49,57,65,72,73,13,19,21,23,69,77,27,59,29,37,61,26,30,67,75,47,53,74,71,50,54,43,39,46,31,55,70,38,63,35,58,51,79,34,62,60,78,66,52,+42 MissingAxioms=0,3,7,8,16,24,32,40,44,48,56,64,68,76 TotalTime=4.0
Step=66 PrevRays= 13596 ResultRays= 13066 RayPairs=  13315200 NewAxiom=43 PrevAxioms=1,2,4,5,6,9,10,11,12,14,15,17,18,20,22,25,28,33,36,41,45,49,57,65,72,73,13,19,21,23,69,77,27,59,29,37,61,26,30,67,75,47,53,74,71,50,54,39,46,31,63,35,34,51,58,38,55,70,79,62,60,78,66,42,52,+43 MissingAxioms=0,3,7,8,16,24,32,40,44,48,56,64,68,76 TotalTime=4.0
Step=66 PrevRays= 13409 ResultRays= 13066 RayPairs=  17451852 NewAxiom=45 PrevAxioms=1,2,4,5,6,9,10,11,12,14,15,17,18,20,22,25,28,33,36,41,46,49,57,65,72,73,13,19,21,23,27,59,67,29,37,75,61,26,30,43,53,74,35,47,71,50,42,79,54,38,51,58,31,69,70,78,55,77,63,39,52,62,66,34,60,+45 MissingAxioms=0,3,7,8,16,24,32,40,44,48,56,64,68,76 TotalTime=5.0
Step=66 PrevRays= 13409 ResultRays= 13066 RayPairs=  17451852 NewAxiom=46 PrevAxioms=1,2,4,5,6,9,10,11,12,14,15,17,18,20,22,25,28,33,36,41,45,49,57,65,72,73,13,19,21,23,69,77,27,59,29,37,61,26,30,67,75,47,53,74,71,50,54,43,39,42,63,35,70,51,58,55,31,38,79,52,62,78,34,60,66,+46 MissingAxioms=0,3,7,8,16,24,32,40,44,48,56,64,68,76 TotalTime=4.5
Step=66 PrevRays= 12142 ResultRays= 13066 RayPairs=  12999220 NewAxiom=47 PrevAxioms=1,2,4,5,6,9,10,11,12,14,15,17,18,20,22,25,28,33,36,41,45,49,57,65,72,73,13,19,21,23,69,77,27,59,29,37,61,26,30,67,75,53,71,74,58,70,39,55,63,35,43,79,34,51,31,78,54,66,52,62,38,42,46,50,60,+47 MissingAxioms=0,3,7,8,16,24,32,40,44,48,56,64,68,76 TotalTime=4.4
Step=66 PrevRays= 13086 ResultRays= 13066 RayPairs=  22089019 NewAxiom=49 PrevAxioms=1,2,4,5,6,9,10,11,12,14,15,17,18,20,22,25,28,33,36,41,45,50,57,65,72,73,13,19,21,23,69,77,27,51,35,43,29,37,75,30,42,61,60,62,47,46,74,71,53,52,54,31,39,67,63,59,38,79,55,58,26,78,70,66,34,+49 MissingAxioms=0,3,7,8,16,24,32,40,44,48,56,64,68,76 TotalTime=3.8
Step=66 PrevRays= 13053 ResultRays= 13066 RayPairs=  20148768 NewAxiom=50 PrevAxioms=1,2,4,5,6,9,10,11,12,14,15,17,18,20,22,25,28,33,36,41,45,49,57,65,72,73,13,19,21,23,69,77,27,59,29,37,61,26,30,67,75,47,53,74,71,52,54,43,39,46,31,63,35,60,66,51,55,38,79,70,62,58,78,42,34,+50 MissingAxioms=0,3,7,8,16,24,32,40,44,48,56,64,68,76 TotalTime=3.7
Step=66 PrevRays= 13349 ResultRays= 13066 RayPairs=  12829572 NewAxiom=51 PrevAxioms=1,2,4,5,6,9,10,11,12,14,15,17,18,20,22,25,28,33,36,41,45,49,57,65,72,73,13,19,21,23,69,77,27,59,29,37,61,26,30,67,75,47,53,74,71,50,54,43,39,46,31,42,63,35,79,60,62,55,38,70,78,66,58,34,52,+51 MissingAxioms=0,3,7,8,16,24,32,40,44,48,56,64,68,76 TotalTime=4.0
Step=66 PrevRays= 13053 ResultRays= 13066 RayPairs=  20148768 NewAxiom=52 PrevAxioms=1,2,4,5,6,9,10,11,12,14,15,17,18,20,22,25,28,33,36,41,45,49,57,65,72,73,13,19,21,23,69,77,27,59,29,37,61,26,30,67,75,47,53,74,71,50,54,43,39,46,31,42,63,35,51,58,38,79,70,55,78,60,62,66,34,+52 MissingAxioms=0,3,7,8,16,24,32,40,44,48,56,64,68,76 TotalTime=4.1
Step=66 PrevRays= 13349 ResultRays= 13066 RayPairs=  12829572 NewAxiom=53 PrevAxioms=1,2,4,5,6,9,10,11,12,14,15,17,18,20,22,25,28,33,36,41,45,49,57,65,72,73,13,19,21,23,69,77,27,59,29,37,61,26,30,67,75,47,50,63,54,39,52,35,74,46,34,51,58,31,38,43,71,79,70,55,62,42,78,60,66,+53 MissingAxioms=0,3,7,8,16,24,32,40,44,48,56,64,68,76 TotalTime=4.0
Step=66 PrevRays= 12236 ResultRays= 13066 RayPairs=  11257350 NewAxiom=54 PrevAxioms=1,2,4,5,6,9,10,11,12,14,15,17,18,20,22,25,28,33,36,41,45,49,57,65,72,73,13,19,21,23,69,77,27,59,29,37,61,26,30,67,75,47,53,74,71,50,43,42,39,46,35,79,51,66,63,58,31,38,70,55,78,62,34,60,52,+54 MissingAxioms=0,3,7,8,16,24,32,40,44,48,56,64,68,76 TotalTime=3.2
Step=66 PrevRays= 12386 ResultRays= 13066 RayPairs=  14693855 NewAxiom=55 PrevAxioms=1,2,4,5,6,9,10,11,12,14,15,17,18,20,22,25,28,33,36,41,45,49,57,65,72,73,13,19,21,23,69,77,27,59,29,37,61,26,30,67,75,47,53,74,71,50,54,43,39,46,31,42,63,35,51,58,38,79,70,78,60,62,34,66,52,+55 MissingAxioms=0,3,7,8,16,24,32,40,44,48,56,64,68,76 TotalTime=4.0
Step=66 PrevRays= 13086 ResultRays= 13066 RayPairs=  22089019 NewAxiom=57 PrevAxioms=1,2,4,5,6,9,10,11,12,14,15,17,18,20,22,25,28,33,36,41,45,49,58,65,72,73,13,19,21,23,69,77,27,59,35,43,29,37,53,38,42,75,70,74,51,50,71,52,54,31,55,46,78,26,66,67,47,30,39,61,63,79,62,34,60,+57 MissingAxioms=0,3,7,8,16,24,32,40,44,48,56,64,68,76 TotalTime=3.8
Step=66 PrevRays= 13053 ResultRays= 13066 RayPairs=  20148768 NewAxiom=58 PrevAxioms=1,2,4,5,6,9,10,11,12,14,15,17,18,20,22,25,28,33,36,41,45,49,57,65,72,73,13,19,21,23,69,77,27,59,29,37,61,26,30,67,75,47,53,74,71,50,54,43,39,46,31,42,63,35,51,66,79,38,70,55,78,62,60,34,52,+58 MissingAxioms=0,3,7,8,16,24,32,40,44,48,56,64,68,76 TotalTime=3.5
Step=66 PrevRays= 13349 ResultRays= 13066 RayPairs=  12829572 NewAxiom=59 PrevAxioms=1,2,4,5,6,9,10,11,12,14,15,17,18,20,22,25,28,33,36,41,45,49,57,65,72,73,13,19,21,23,69,77,27,29,35,37,43,53,38,34,31,42,58,62,51,55,60,61,52,75,39,71,70,54,30,63,50,67,79,78,47,66,46,74,26,+59 MissingAxioms=0,3,7,8,16,24,32,40,44,48,56,64,68,76 TotalTime=3.8
Step=66 PrevRays= 13053 ResultRays= 13066 RayPairs=  20148768 NewAxiom=60 PrevAxioms=1,2,4,5,6,9,10,11,12,14,15,17,18,20,22,25,28,33,36,41,45,49,57,65,72,73,13,19,21,23,69,77,27,59,29,37,61,26,30,67,75,47,53,74,71,50,54,43,39,46,31,42,63,35,51,58,38,79,70,55,78,52,62,34,66,+60 MissingAxioms=0,3,7,8,16,24,32,40,44,48,56,64,68,76 TotalTime=3.9
Step=66 PrevRays= 13349 ResultRays= 13066 RayPairs=  12829572 NewAxiom=61 PrevAxioms=1,2,4,5,6,9,10,11,12,14,15,17,18,20,22,25,28,33,36,41,45,49,57,65,72,73,13,19,21,23,69,77,27,59,29,37,67,75,26,30,71,53,58,74,70,39,55,47,43,63,35,34,51,31,46,79,78,66,52,54,62,38,42,50,60,+61 MissingAxioms=0,3,7,8,16,24,32,40,44,48,56,64,68,76 TotalTime=4.7
Step=66 PrevRays= 12236 ResultRays= 13066 RayPairs=  11257350 NewAxiom=62 PrevAxioms=1,2,4,5,6,9,10,11,12,14,15,17,18,20,22,25,28,33,36,41,45,49,57,65,72,73,13,19,21,23,69,77,27,59,29,37,61,26,30,67,75,47,53,74,71,50,54,43,39,46,31,42,63,35,51,58,38,79,70,55,78,52,66,60,34,+62 MissingAxioms=0,3,7,8,16,24,32,40,44,48,56,64,68,76 TotalTime=3.7
Step=66 PrevRays= 12386 ResultRays= 13066 RayPairs=  14693855 NewAxiom=63 PrevAxioms=1,2,4,5,6,9,10,11,12,14,15,17,18,20,22,25,28,33,36,41,45,49,57,65,72,73,13,19,21,23,69,77,27,59,29,37,61,26,30,67,75,47,53,74,71,50,54,43,39,46,31,42,35,79,66,51,38,58,55,70,78,52,62,34,60,+63 MissingAxioms=0,3,7,8,16,24,32,40,44,48,56,64,68,76 TotalTime=3.8
Step=66 PrevRays= 12455 ResultRays= 13066 RayPairs=  17425331 NewAxiom=65 PrevAxioms=1,2,4,5,6,9,10,11,12,14,15,17,18,20,22,25,28,33,36,41,45,49,57,66,72,73,13,19,21,23,77,27,59,29,37,61,26,30,75,47,53,74,63,50,54,43,39,46,35,31,42,79,51,67,38,71,69,58,55,78,52,62,70,34,60,+65 MissingAxioms=0,3,7,8,16,24,32,40,44,48,56,64,68,76 TotalTime=4.1
Step=66 PrevRays= 12455 ResultRays= 13066 RayPairs=  17425331 NewAxiom=66 PrevAxioms=1,2,4,5,6,9,10,11,12,14,15,17,18,20,22,25,28,33,36,41,45,49,57,65,72,73,13,19,21,23,69,77,27,59,29,37,61,26,30,67,75,47,53,74,71,50,54,43,39,46,31,42,63,35,51,58,38,79,70,55,78,52,62,34,60,+66 MissingAxioms=0,3,7,8,16,24,32,40,44,48,56,64,68,76 TotalTime=3.9
Step=66 PrevRays= 13537 ResultRays= 13066 RayPairs=  13149786 NewAxiom=67 PrevAxioms=1,2,4,5,6,9,10,11,12,14,15,17,18,20,22,25,28,33,36,41,45,49,57,65,72,73,13,19,21,23,69,77,27,59,29,37,61,26,30,75,71,53,74,58,70,35,43,55,39,63,34,47,51,31,46,79,50,54,38,62,60,78,42,66,52,+67 MissingAxioms=0,3,7,8,16,24,32,40,44,48,56,64,68,76 TotalTime=4.5
Step=66 PrevRays= 13468 ResultRays= 13066 RayPairs=  17494083 NewAxiom=69 PrevAxioms=1,2,4,5,6,9,10,11,12,14,15,17,18,20,22,25,28,33,36,41,45,49,57,65,72,73,13,19,21,23,77,27,59,67,29,37,61,26,30,75,47,53,74,63,50,54,43,71,39,46,31,35,34,51,58,55,70,79,38,62,60,78,42,66,52,+69 MissingAxioms=0,3,7,8,16,24,32,40,44,48,56,64,68,76 TotalTime=4.6
Step=66 PrevRays= 13468 ResultRays= 13066 RayPairs=  17494083 NewAxiom=70 PrevAxioms=1,2,4,5,6,9,10,11,12,14,15,17,18,20,22,25,28,33,36,41,45,49,57,65,72,73,13,19,21,23,69,77,27,59,29,37,61,26,30,67,75,47,53,74,71,50,54,43,39,46,31,42,63,35,51,58,38,79,78,55,52,62,66,34,60,+70 MissingAxioms=0,3,7,8,16,24,32,40,44,48,56,64,68,76 TotalTime=3.8
Step=66 PrevRays= 12182 ResultRays= 13066 RayPairs=  12547400 NewAxiom=71 PrevAxioms=1,2,4,5,6,9,10,11,12,14,15,17,18,20,22,25,28,33,36,41,45,49,57,65,72,73,13,19,21,23,69,77,27,59,29,37,61,26,30,67,75,47,53,74,70,58,51,38,66,55,31,39,54,46,42,78,79,43,35,63,62,52,34,50,60,+71 MissingAxioms=0,3,7,8,16,24,32,40,44,48,56,64,68,76 TotalTime=4.3
! VaryAxiom=72 NoInitialAxiomSet
Step=66 PrevRays= 12455 ResultRays= 13066 RayPairs=  17425331 NewAxiom=73 PrevAxioms=1,2,4,5,6,9,10,11,12,14,15,17,18,20,22,25,28,33,36,41,45,49,57,65,72,74,13,19,21,23,69,27,59,29,37,61,26,30,67,47,53,75,63,50,54,43,35,39,52,46,31,60,71,79,77,66,51,55,62,58,38,70,78,42,34,+73 MissingAxioms=0,3,7,8,16,24,32,40,44,48,56,64,68,76 TotalTime=4.1
Step=66 PrevRays= 12455 ResultRays= 13066 RayPairs=  17425331 NewAxiom=74 PrevAxioms=1,2,4,5,6,9,10,11,12,14,15,17,18,20,22,25,28,33,36,41,45,49,57,65,72,73,13,19,21,23,69,77,27,59,29,37,61,26,30,67,75,47,53,63,50,54,79,35,39,52,60,31,46,38,43,71,66,51,55,58,62,78,34,42,70,+74 MissingAxioms=0,3,7,8,16,24,32,40,44,48,56,64,68,76 TotalTime=3.2
Step=66 PrevRays= 13537 ResultRays= 13066 RayPairs=  13149786 NewAxiom=75 PrevAxioms=1,2,4,5,6,9,10,11,12,14,15,17,18,20,22,25,28,33,36,41,45,49,57,65,72,73,13,19,21,23,69,77,27,59,29,37,61,26,30,67,47,53,63,50,54,79,35,39,52,60,31,46,38,43,58,51,55,62,66,78,71,34,70,42,74,+75 MissingAxioms=0,3,7,8,16,24,32,40,44,48,56,64,68,76 TotalTime=3.4
Step=66 PrevRays= 13468 ResultRays= 13066 RayPairs=  17494083 NewAxiom=77 PrevAxioms=1,2,4,5,6,9,10,11,12,14,15,17,18,20,22,25,28,33,36,41,45,49,57,65,72,73,13,19,21,23,69,27,59,29,37,75,61,26,30,67,47,53,74,71,50,54,43,35,79,34,39,46,31,63,51,58,55,70,78,66,52,62,38,42,60,+77 MissingAxioms=0,3,7,8,16,24,32,40,44,48,56,64,68,76 TotalTime=4.3
Step=66 PrevRays= 13468 ResultRays= 13066 RayPairs=  17494083 NewAxiom=78 PrevAxioms=1,2,4,5,6,9,10,11,12,14,15,17,18,20,22,25,28,33,36,41,45,49,57,65,72,73,13,19,21,23,69,77,27,59,29,37,61,26,30,67,75,47,53,74,71,50,54,43,39,46,31,42,63,35,51,58,38,79,70,55,52,62,34,60,66,+78 MissingAxioms=0,3,7,8,16,24,32,40,44,48,56,64,68,76 TotalTime=4.0
Step=66 PrevRays= 12182 ResultRays= 13066 RayPairs=  12547400 NewAxiom=79 PrevAxioms=1,2,4,5,6,9,10,11,12,14,15,17,18,20,22,25,28,33,36,41,45,49,57,65,72,73,13,19,21,23,69,77,27,59,29,37,61,26,30,67,75,47,53,74,71,50,54,43,39,46,31,42,63,35,51,58,38,70,55,62,60,78,66,52,34,+79 MissingAxioms=0,3,7,8,16,24,32,40,44,48,56,64,68,76 TotalTime=3.9

Ordered by number of ray pairs:
Step=66 ########...................... (min) Axiom5 10(2,4) - g2 f(0,2,4) + f(1,2,4) >= f(0,1,2,3,4) + f(2,4)
Step=66 ########...................... (min) Axiom6 10(3,4) - g2 f(0,3,4) + f(1,3,4) >= f(0,1,2,3,4) + f(3,4)
Step=66 ###############............... Axiom54 40(2,3) - g2 f(0,2,3) + f(2,3,4) >= f(2,3) + f(0,1,2,3,4)
Step=66 ###############............... Axiom62 41(2,3) - g2 f(1,2,3) + f(2,3,4) >= f(2,3) + f(0,1,2,3,4)
Step=66 #################............. Axiom71 42(0,1,3) - g3 f(0,1,2,3,4) >= f(0,1,3)
Step=66 #################............. Axiom79 43(0,1,2) - g3 f(0,1,2,3,4) >= f(0,1,2)
Step=66 #################............. Axiom13 20(1,4) - g2 f(0,1,4) + f(1,2,4) >= f(0,1,2,3,4) + f(1,4)
Step=66 #################............. Axiom21 21(0,4) - g2 f(0,1,4) + f(0,2,4) >= f(0,1,2,3,4) + f(0,4)
Step=66 #################............. Axiom29 30(1,4) - g2 f(0,1,4) + f(1,3,4) >= f(0,1,2,3,4) + f(1,4)
Step=66 #################............. Axiom37 31(0,4) - g2 f(0,1,4) + f(0,3,4) >= f(0,1,2,3,4) + f(0,4)
Step=66 #################............. Axiom51 40(1,2) - g2 f(0,1,2) + f(1,2,4) >= f(1,2) + f(0,1,2,3,4)
Step=66 #################............. Axiom53 40(1,3) - g2 f(0,1,3) + f(1,3,4) >= f(1,3) + f(0,1,2,3,4)
Step=66 #################............. Axiom59 41(0,2) - g2 f(0,1,2) + f(0,2,4) >= f(0,2) + f(0,1,2,3,4)
Step=66 #################............. Axiom61 41(0,3) - g2 f(0,1,3) + f(0,3,4) >= f(0,3) + f(0,1,2,3,4)
Step=66 #################............. Axiom47 32(0,1,4) - g3 f(0,1,2,3,4) >= f(0,1,4)
Step=66 #################............. Axiom67 42(0,1) - g2 f(0,1,2) + f(0,1,4) >= f(0,1) + f(0,1,2,3,4)
Step=66 #################............. Axiom75 43(0,1) - g2 f(0,1,3) + f(0,1,4) >= f(0,1) + f(0,1,2,3,4)
Step=66 ##################............ Axiom43 32(0,1) - g2 f(0,1,2) + f(0,1,3) >= f(0,1) + f(0,1,2,3,4)
Step=66 ###################........... Axiom11 20(1,3) - g2 f(0,1,3) + f(1,2,3) >= f(1,3) + f(0,1,2,3,4)
Step=66 ###################........... Axiom19 21(0,3) - g2 f(0,1,3) + f(0,2,3) >= f(0,3) + f(0,1,2,3,4)
Step=66 ###################........... Axiom27 30(1,2) - g2 f(0,1,2) + f(1,2,3) >= f(1,2) + f(0,1,2,3,4)
Step=66 ###################........... Axiom35 31(0,2) - g2 f(0,1,2) + f(0,2,3) >= f(0,2) + f(0,1,2,3,4)
Step=66 ###################........... Axiom55 40(1,2,3) - g3 f(0,1,2,3,4) >= f(1,2,3)
Step=66 ###################........... Axiom63 41(0,2,3) - g3 f(0,1,2,3,4) >= f(0,2,3)
Step=66 ####################.......... Axiom14 20(3,4) - g2 f(0,3,4) + f(2,3,4) >= f(0,1,2,3,4) + f(3,4)
Step=66 ####################.......... Axiom22 21(3,4) - g2 f(1,3,4) + f(2,3,4) >= f(0,1,2,3,4) + f(3,4)
Step=66 ####################.......... Axiom30 30(2,4) - g2 f(0,2,4) + f(2,3,4) >= f(0,1,2,3,4) + f(2,4)
Step=66 ####################.......... Axiom38 31(2,4) - g2 f(1,2,4) + f(2,3,4) >= f(0,1,2,3,4) + f(2,4)
Step=66 #####################......... Axiom15 20(1,3,4) - g3 f(0,1,2,3,4) >= f(1,3,4)
Step=66 #####################......... Axiom23 21(0,3,4) - g3 f(0,1,2,3,4) >= f(0,3,4)
Step=66 #####################......... Axiom31 30(1,2,4) - g3 f(0,1,2,3,4) >= f(1,2,4)
Step=66 #####################......... Axiom39 31(0,2,4) - g3 f(0,1,2,3,4) >= f(0,2,4)
Step=66 #######################....... Axiom65 42(0) - g1 f(0,2) + f(0,4) >= f(0) + f(0,2,4)
Step=66 #######################....... Axiom66 42(1) - g1 f(1,2) + f(1,4) >= f(1) + f(1,2,4)
Step=66 #######################....... Axiom73 43(0) - g1 f(0,3) + f(0,4) >= f(0) + f(0,3,4)
Step=66 #######################....... Axiom74 43(1) - g1 f(1,3) + f(1,4) >= f(1) + f(1,3,4)
Step=66 #######################....... Axiom45 32(0,4) - g2 f(0,2,4) + f(0,3,4) >= f(0,1,2,3,4) + f(0,4)
Step=66 #######################....... Axiom46 32(1,4) - g2 f(1,2,4) + f(1,3,4) >= f(0,1,2,3,4) + f(1,4)
Step=66 #######################....... Axiom69 42(0,3) - g2 f(0,2,3) + f(0,3,4) >= f(0,3) + f(0,1,2,3,4)
Step=66 #######################....... Axiom70 42(1,3) - g2 f(1,2,3) + f(1,3,4) >= f(1,3) + f(0,1,2,3,4)
Step=66 #######################....... Axiom77 43(0,2) - g2 f(0,2,3) + f(0,2,4) >= f(0,2) + f(0,1,2,3,4)
Step=66 #######################....... Axiom78 43(1,2) - g2 f(1,2,3) + f(1,2,4) >= f(1,2) + f(0,1,2,3,4)
Step=66 ########################...... Axiom1 10(2) - g1 f(0,2) + f(1,2) >= f(2) + f(0,1,2)
Step=66 ########################...... Axiom2 10(3) - g1 f(0,3) + f(1,3) >= f(3) + f(0,1,3)
Step=66 ########################...... Axiom10 20(3) - g1 f(0,3) + f(2,3) >= f(3) + f(0,2,3)
Step=66 ########################...... Axiom18 21(3) - g1 f(1,3) + f(2,3) >= f(3) + f(1,2,3)
Step=66 ########################...... Axiom26 30(2) - g1 f(0,2) + f(2,3) >= f(2) + f(0,2,3)
Step=66 ########################...... Axiom34 31(2) - g1 f(1,2) + f(2,3) >= f(2) + f(1,2,3)
Step=66 #########################..... Axiom41 32(0) - g1 f(0,2) + f(0,3) >= f(0) + f(0,2,3)
Step=66 #########################..... Axiom42 32(1) - g1 f(1,2) + f(1,3) >= f(1) + f(1,2,3)
Step=66 ##########################.... Axiom12 20(4) - g1 f(0,4) + f(2,4) >= f(4) + f(0,2,4)
Step=66 ##########################.... Axiom20 21(4) - g1 f(1,4) + f(2,4) >= f(4) + f(1,2,4)
Step=66 ##########################.... Axiom28 30(4) - g1 f(0,4) + f(3,4) >= f(4) + f(0,3,4)
Step=66 ##########################.... Axiom36 31(4) - g1 f(1,4) + f(3,4) >= f(4) + f(1,3,4)
Step=66 ###########################... Axiom50 40(2) - g1 f(0,2) + f(2,4) >= f(2) + f(0,2,4)
Step=66 ###########################... Axiom52 40(3) - g1 f(0,3) + f(3,4) >= f(3) + f(0,3,4)
Step=66 ###########################... Axiom58 41(2) - g1 f(1,2) + f(2,4) >= f(2) + f(1,2,4)
Step=66 ###########################... Axiom60 41(3) - g1 f(1,3) + f(3,4) >= f(3) + f(1,3,4)
Step=66 #############################. Axiom49 40(1) - g1 f(0,1) + f(1,4) >= f(1) + f(0,1,4)
Step=66 #############################. Axiom57 41(0) - g1 f(0,1) + f(0,4) >= f(0) + f(0,1,4)
Step=66 ############################## Axiom4 10(4) - g1 f(0,4) + f(1,4) >= f(4) + f(0,1,4)
Step=66 ############################## Axiom9 20(1) - g1 f(0,1) + f(1,2) >= f(1) + f(0,1,2)
Step=66 ############################## Axiom17 21(0) - g1 f(0,1) + f(0,2) >= f(0) + f(0,1,2)
Step=66 ############################## Axiom25 30(1) - g1 f(0,1) + f(1,3) >= f(1) + f(0,1,3)
Step=66 ############################## Axiom33 31(0) - g1 f(0,1) + f(0,3) >= f(0) + f(0,1,3)

Ordered by number of previous rays:
Step=66 $$$$$$$$$$$$$$$$$$$$$$$$$$.... (min) Axiom5 10(2,4) - g2 f(0,2,4) + f(1,2,4) >= f(0,1,2,3,4) + f(2,4)
Step=66 $$$$$$$$$$$$$$$$$$$$$$$$$$.... (min) Axiom6 10(3,4) - g2 f(0,3,4) + f(1,3,4) >= f(0,1,2,3,4) + f(3,4)
Step=66 $$$$$$$$$$$$$$$$$$$$$$$$$$$... Axiom47 32(0,1,4) - g3 f(0,1,2,3,4) >= f(0,1,4)
Step=66 $$$$$$$$$$$$$$$$$$$$$$$$$$$... Axiom71 42(0,1,3) - g3 f(0,1,2,3,4) >= f(0,1,3)
Step=66 $$$$$$$$$$$$$$$$$$$$$$$$$$$... Axiom79 43(0,1,2) - g3 f(0,1,2,3,4) >= f(0,1,2)
Step=66 $$$$$$$$$$$$$$$$$$$$$$$$$$$... Axiom54 40(2,3) - g2 f(0,2,3) + f(2,3,4) >= f(2,3) + f(0,1,2,3,4)
Step=66 $$$$$$$$$$$$$$$$$$$$$$$$$$$... Axiom62 41(2,3) - g2 f(1,2,3) + f(2,3,4) >= f(2,3) + f(0,1,2,3,4)
Step=66 $$$$$$$$$$$$$$$$$$$$$$$$$$$... Axiom1 10(2) - g1 f(0,2) + f(1,2) >= f(2) + f(0,1,2)
Step=66 $$$$$$$$$$$$$$$$$$$$$$$$$$$... Axiom2 10(3) - g1 f(0,3) + f(1,3) >= f(3) + f(0,1,3)
Step=66 $$$$$$$$$$$$$$$$$$$$$$$$$$$... Axiom10 20(3) - g1 f(0,3) + f(2,3) >= f(3) + f(0,2,3)
Step=66 $$$$$$$$$$$$$$$$$$$$$$$$$$$... Axiom18 21(3) - g1 f(1,3) + f(2,3) >= f(3) + f(1,2,3)
Step=66 $$$$$$$$$$$$$$$$$$$$$$$$$$$... Axiom26 30(2) - g1 f(0,2) + f(2,3) >= f(2) + f(0,2,3)
Step=66 $$$$$$$$$$$$$$$$$$$$$$$$$$$... Axiom34 31(2) - g1 f(1,2) + f(2,3) >= f(2) + f(1,2,3)
Step=66 $$$$$$$$$$$$$$$$$$$$$$$$$$$... Axiom55 40(1,2,3) - g3 f(0,1,2,3,4) >= f(1,2,3)
Step=66 $$$$$$$$$$$$$$$$$$$$$$$$$$$... Axiom63 41(0,2,3) - g3 f(0,1,2,3,4) >= f(0,2,3)
Step=66 $$$$$$$$$$$$$$$$$$$$$$$$$$$... Axiom65 42(0) - g1 f(0,2) + f(0,4) >= f(0) + f(0,2,4)
Step=66 $$$$$$$$$$$$$$$$$$$$$$$$$$$... Axiom66 42(1) - g1 f(1,2) + f(1,4) >= f(1) + f(1,2,4)
Step=66 $$$$$$$$$$$$$$$$$$$$$$$$$$$... Axiom73 43(0) - g1 f(0,3) + f(0,4) >= f(0) + f(0,3,4)
Step=66 $$$$$$$$$$$$$$$$$$$$$$$$$$$... Axiom74 43(1) - g1 f(1,3) + f(1,4) >= f(1) + f(1,3,4)
Step=66 $$$$$$$$$$$$$$$$$$$$$$$$$$$$.. Axiom14 20(3,4) - g2 f(0,3,4) + f(2,3,4) >= f(0,1,2,3,4) + f(3,4)
Step=66 $$$$$$$$$$$$$$$$$$$$$$$$$$$$.. Axiom22 21(3,4) - g2 f(1,3,4) + f(2,3,4) >= f(0,1,2,3,4) + f(3,4)
Step=66 $$$$$$$$$$$$$$$$$$$$$$$$$$$$.. Axiom30 30(2,4) - g2 f(0,2,4) + f(2,3,4) >= f(0,1,2,3,4) + f(2,4)
Step=66 $$$$$$$$$$$$$$$$$$$$$$$$$$$$.. Axiom38 31(2,4) - g2 f(1,2,4) + f(2,3,4) >= f(0,1,2,3,4) + f(2,4)
Step=66 $$$$$$$$$$$$$$$$$$$$$$$$$$$$.. Axiom41 32(0) - g1 f(0,2) + f(0,3) >= f(0) + f(0,2,3)
Step=66 $$$$$$$$$$$$$$$$$$$$$$$$$$$$.. Axiom42 32(1) - g1 f(1,2) + f(1,3) >= f(1) + f(1,2,3)
Step=66 $$$$$$$$$$$$$$$$$$$$$$$$$$$$.. Axiom15 20(1,3,4) - g3 f(0,1,2,3,4) >= f(1,3,4)
Step=66 $$$$$$$$$$$$$$$$$$$$$$$$$$$$.. Axiom23 21(0,3,4) - g3 f(0,1,2,3,4) >= f(0,3,4)
Step=66 $$$$$$$$$$$$$$$$$$$$$$$$$$$$.. Axiom31 30(1,2,4) - g3 f(0,1,2,3,4) >= f(1,2,4)
Step=66 $$$$$$$$$$$$$$$$$$$$$$$$$$$$.. Axiom39 31(0,2,4) - g3 f(0,1,2,3,4) >= f(0,2,4)
Step=66 $$$$$$$$$$$$$$$$$$$$$$$$$$$$.. Axiom12 20(4) - g1 f(0,4) + f(2,4) >= f(4) + f(0,2,4)
Step=66 $$$$$$$$$$$$$$$$$$$$$$$$$$$$.. Axiom20 21(4) - g1 f(1,4) + f(2,4) >= f(4) + f(1,2,4)
Step=66 $$$$$$$$$$$$$$$$$$$$$$$$$$$$.. Axiom28 30(4) - g1 f(0,4) + f(3,4) >= f(4) + f(0,3,4)
Step=66 $$$$$$$$$$$$$$$$$$$$$$$$$$$$.. Axiom36 31(4) - g1 f(1,4) + f(3,4) >= f(4) + f(1,3,4)
Step=66 $$$$$$$$$$$$$$$$$$$$$$$$$$$$$. Axiom50 40(2) - g1 f(0,2) + f(2,4) >= f(2) + f(0,2,4)
Step=66 $$$$$$$$$$$$$$$$$$$$$$$$$$$$$. Axiom52 40(3) - g1 f(0,3) + f(3,4) >= f(3) + f(0,3,4)
Step=66 $$$$$$$$$$$$$$$$$$$$$$$$$$$$$. Axiom58 41(2) - g1 f(1,2) + f(2,4) >= f(2) + f(1,2,4)
Step=66 $$$$$$$$$$$$$$$$$$$$$$$$$$$$$. Axiom60 41(3) - g1 f(1,3) + f(3,4) >= f(3) + f(1,3,4)
Step=66 $$$$$$$$$$$$$$$$$$$$$$$$$$$$$. Axiom49 40(1) - g1 f(0,1) + f(1,4) >= f(1) + f(0,1,4)
Step=66 $$$$$$$$$$$$$$$$$$$$$$$$$$$$$. Axiom57 41(0) - g1 f(0,1) + f(0,4) >= f(0) + f(0,1,4)
Step=66 $$$$$$$$$$$$$$$$$$$$$$$$$$$$$. Axiom13 20(1,4) - g2 f(0,1,4) + f(1,2,4) >= f(0,1,2,3,4) + f(1,4)
Step=66 $$$$$$$$$$$$$$$$$$$$$$$$$$$$$. Axiom21 21(0,4) - g2 f(0,1,4) + f(0,2,4) >= f(0,1,2,3,4) + f(0,4)
Step=66 $$$$$$$$$$$$$$$$$$$$$$$$$$$$$. Axiom29 30(1,4) - g2 f(0,1,4) + f(1,3,4) >= f(0,1,2,3,4) + f(1,4)
Step=66 $$$$$$$$$$$$$$$$$$$$$$$$$$$$$. Axiom37 31(0,4) - g2 f(0,1,4) + f(0,3,4) >= f(0,1,2,3,4) + f(0,4)
Step=66 $$$$$$$$$$$$$$$$$$$$$$$$$$$$$. Axiom51 40(1,2) - g2 f(0,1,2) + f(1,2,4) >= f(1,2) + f(0,1,2,3,4)
Step=66 $$$$$$$$$$$$$$$$$$$$$$$$$$$$$. Axiom53 40(1,3) - g2 f(0,1,3) + f(1,3,4) >= f(1,3) + f(0,1,2,3,4)
Step=66 $$$$$$$$$$$$$$$$$$$$$$$$$$$$$. Axiom59 41(0,2) - g2 f(0,1,2) + f(0,2,4) >= f(0,2) + f(0,1,2,3,4)
Step=66 $$$$$$$$$$$$$$$$$$$$$$$$$$$$$. Axiom61 41(0,3) - g2 f(0,1,3) + f(0,3,4) >= f(0,3) + f(0,1,2,3,4)
Step=66 $$$$$$$$$$$$$$$$$$$$$$$$$$$$$$ Axiom9 20(1) - g1 f(0,1) + f(1,2) >= f(1) + f(0,1,2)
Step=66 $$$$$$$$$$$$$$$$$$$$$$$$$$$$$$ Axiom17 21(0) - g1 f(0,1) + f(0,2) >= f(0) + f(0,1,2)
Step=66 $$$$$$$$$$$$$$$$$$$$$$$$$$$$$$ Axiom25 30(1) - g1 f(0,1) + f(1,3) >= f(1) + f(0,1,3)
Step=66 $$$$$$$$$$$$$$$$$$$$$$$$$$$$$$ Axiom33 31(0) - g1 f(0,1) + f(0,3) >= f(0) + f(0,1,3)
Step=66 $$$$$$$$$$$$$$$$$$$$$$$$$$$$$$ Axiom4 10(4) - g1 f(0,4) + f(1,4) >= f(4) + f(0,1,4)
Step=66 $$$$$$$$$$$$$$$$$$$$$$$$$$$$$$ Axiom45 32(0,4) - g2 f(0,2,4) + f(0,3,4) >= f(0,1,2,3,4) + f(0,4)
Step=66 $$$$$$$$$$$$$$$$$$$$$$$$$$$$$$ Axiom46 32(1,4) - g2 f(1,2,4) + f(1,3,4) >= f(0,1,2,3,4) + f(1,4)
Step=66 $$$$$$$$$$$$$$$$$$$$$$$$$$$$$$ Axiom11 20(1,3) - g2 f(0,1,3) + f(1,2,3) >= f(1,3) + f(0,1,2,3,4)
Step=66 $$$$$$$$$$$$$$$$$$$$$$$$$$$$$$ Axiom19 21(0,3) - g2 f(0,1,3) + f(0,2,3) >= f(0,3) + f(0,1,2,3,4)
Step=66 $$$$$$$$$$$$$$$$$$$$$$$$$$$$$$ Axiom27 30(1,2) - g2 f(0,1,2) + f(1,2,3) >= f(1,2) + f(0,1,2,3,4)
Step=66 $$$$$$$$$$$$$$$$$$$$$$$$$$$$$$ Axiom35 31(0,2) - g2 f(0,1,2) + f(0,2,3) >= f(0,2) + f(0,1,2,3,4)
Step=66 $$$$$$$$$$$$$$$$$$$$$$$$$$$$$$ Axiom69 42(0,3) - g2 f(0,2,3) + f(0,3,4) >= f(0,3) + f(0,1,2,3,4)
Step=66 $$$$$$$$$$$$$$$$$$$$$$$$$$$$$$ Axiom70 42(1,3) - g2 f(1,2,3) + f(1,3,4) >= f(1,3) + f(0,1,2,3,4)
Step=66 $$$$$$$$$$$$$$$$$$$$$$$$$$$$$$ Axiom77 43(0,2) - g2 f(0,2,3) + f(0,2,4) >= f(0,2) + f(0,1,2,3,4)
Step=66 $$$$$$$$$$$$$$$$$$$$$$$$$$$$$$ Axiom78 43(1,2) - g2 f(1,2,3) + f(1,2,4) >= f(1,2) + f(0,1,2,3,4)
Step=66 $$$$$$$$$$$$$$$$$$$$$$$$$$$$$$ Axiom67 42(0,1) - g2 f(0,1,2) + f(0,1,4) >= f(0,1) + f(0,1,2,3,4)
Step=66 $$$$$$$$$$$$$$$$$$$$$$$$$$$$$$ Axiom75 43(0,1) - g2 f(0,1,3) + f(0,1,4) >= f(0,1) + f(0,1,2,3,4)
Step=66 $$$$$$$$$$$$$$$$$$$$$$$$$$$$$$ Axiom43 32(0,1) - g2 f(0,1,2) + f(0,1,3) >= f(0,1) + f(0,1,2,3,4)
