Step=73 PrevRays= 43366 ResultRays= 45355 RayPairs= 236460672 NewAxiom=1 PrevAxioms=2,3,4,5,6,7,9,10,12,14,17,18,20,22,25,26,28,33,36,40,41,44,49,57,64,72,11,13,15,19,21,23,68,76,27,59,29,37,61,73,51,70,75,38,53,55,31,46,54,47,77,52,74,69,67,65,43,71,63,79,45,42,78,34,35,62,58,39,30,50,60,66,+1 MissingAxioms=0,8,16,24,32,48,56 TotalTime=31.9
Step=73 PrevRays= 43366 ResultRays= 45355 RayPairs= 236460672 NewAxiom=2 PrevAxioms=1,3,4,5,6,7,9,10,11,12,14,17,18,20,22,25,28,33,36,40,41,44,49,57,64,72,13,15,19,21,23,68,76,27,59,26,29,37,61,30,43,45,53,58,35,42,65,67,39,69,71,70,55,51,54,77,46,31,50,79,63,75,78,47,34,74,38,52,62,60,73,66,+2 MissingAxioms=0,8,16,24,32,48,56 TotalTime=39.6
Step=73 PrevRays= 46091 ResultRays= 45355 RayPairs= 213762393 NewAxiom=3 PrevAxioms=1,2,4,5,6,7,9,10,11,12,14,17,18,20,22,25,28,33,36,40,41,44,49,57,64,72,13,15,19,21,23,68,76,27,59,29,37,61,26,30,43,42,45,35,77,63,39,52,53,69,75,47,71,70,60,54,50,79,67,51,74,38,58,46,31,78,55,62,65,34,66,73,+3 MissingAxioms=0,8,16,24,32,48,56 TotalTime=44.1
Step=73 PrevRays= 43366 ResultRays= 45355 RayPairs= 236460672 NewAxiom=4 PrevAxioms=1,2,3,5,6,7,9,10,12,13,14,17,18,20,22,25,28,33,36,40,41,44,49,57,64,72,11,15,19,21,23,68,76,27,59,58,30,26,45,35,43,42,77,38,46,47,69,39,63,34,79,78,74,31,51,37,55,61,60,29,75,53,52,54,71,67,70,62,50,65,66,73,+4 MissingAxioms=0,8,16,24,32,48,56 TotalTime=42.2
Step=73 PrevRays= 46091 ResultRays= 45355 RayPairs= 213762393 NewAxiom=5 PrevAxioms=1,2,3,4,6,7,9,10,12,13,14,17,18,20,22,25,28,33,36,40,41,44,49,57,64,72,11,15,19,21,23,68,76,27,29,37,59,61,26,30,43,42,45,35,77,39,69,63,53,71,70,60,73,75,65,47,74,67,46,79,55,62,54,66,78,50,31,38,51,58,52,34,+5 MissingAxioms=0,8,16,24,32,48,56 TotalTime=34.9
Step=73 PrevRays= 46091 ResultRays= 45355 RayPairs= 213762393 NewAxiom=6 PrevAxioms=1,2,3,4,5,7,9,10,12,14,15,17,18,20,22,25,28,33,36,40,41,44,49,57,64,72,11,13,19,21,23,68,76,27,59,26,30,45,58,70,74,31,69,47,46,73,77,29,75,53,61,37,39,71,55,63,35,34,43,67,79,78,38,62,54,51,52,50,66,60,42,65,+6 MissingAxioms=0,8,16,24,32,48,56 TotalTime=43.8
Step=73 PrevRays= 44288 ResultRays= 45355 RayPairs= 131091210 NewAxiom=7 PrevAxioms=1,2,3,4,5,6,9,10,12,14,15,17,18,20,22,25,28,33,36,40,41,44,49,57,64,72,11,13,19,21,23,68,76,27,59,29,37,61,26,30,70,53,58,69,39,45,65,67,47,71,43,77,52,35,63,51,31,46,55,79,75,74,78,34,38,62,54,60,50,42,66,73,+7 MissingAxioms=0,8,16,24,32,48,56 TotalTime=49.9
Step=73 PrevRays= 44353 ResultRays= 45355 RayPairs= 259496280 NewAxiom=9 PrevAxioms=1,2,3,4,5,6,7,10,12,14,17,18,20,22,25,26,28,33,36,40,41,44,49,57,64,72,11,13,15,19,21,23,68,76,27,59,29,53,37,61,43,30,77,35,69,34,39,45,73,75,65,63,71,70,52,54,47,60,31,46,74,67,42,55,51,79,78,38,66,62,58,50,+9 MissingAxioms=0,8,16,24,32,48,56 TotalTime=30.5
Step=73 PrevRays= 45483 ResultRays= 45355 RayPairs= 257107125 NewAxiom=10 PrevAxioms=1,2,3,4,5,6,7,9,11,12,14,17,18,20,22,25,28,33,36,40,41,44,49,57,64,72,13,15,19,21,23,27,68,76,35,43,42,29,37,51,34,38,26,46,31,60,47,55,58,59,45,50,53,62,70,67,78,79,61,71,75,73,63,77,39,30,69,52,54,66,65,74,+10 MissingAxioms=0,8,16,24,32,48,56 TotalTime=39.4
Step=73 PrevRays= 46074 ResultRays= 45355 RayPairs= 184278907 NewAxiom=11 PrevAxioms=1,2,3,4,5,6,7,9,10,12,14,17,18,20,22,25,28,33,36,40,41,44,49,57,64,72,13,15,19,21,23,68,76,35,43,51,69,34,29,53,37,59,30,58,70,61,45,39,63,65,47,46,67,71,55,77,26,27,79,75,74,31,78,50,54,38,62,60,52,66,73,42,+11 MissingAxioms=0,8,16,24,32,48,56 TotalTime=47.6
Step=73 PrevRays= 45483 ResultRays= 45355 RayPairs= 257107125 NewAxiom=12 PrevAxioms=1,2,3,4,5,6,7,9,10,13,14,17,18,20,22,25,28,33,36,40,41,44,49,57,64,72,11,15,19,21,23,51,68,76,35,43,29,53,34,37,38,39,42,46,27,58,62,31,78,70,61,55,71,60,79,75,67,69,52,47,59,63,77,50,45,54,30,74,65,26,66,73,+12 MissingAxioms=0,8,16,24,32,48,56 TotalTime=40.0
Step=73 PrevRays= 46074 ResultRays= 45355 RayPairs= 184278907 NewAxiom=13 PrevAxioms=1,2,3,4,5,6,7,9,10,12,14,17,18,20,22,25,28,33,36,40,41,44,49,57,64,72,11,15,19,21,23,68,76,27,30,59,45,26,37,61,43,29,42,35,77,39,52,53,63,50,69,38,46,31,71,70,60,54,79,51,66,55,34,78,75,47,67,65,62,58,74,73,+13 MissingAxioms=0,8,16,24,32,48,56 TotalTime=41.5
Step=73 PrevRays= 44091 ResultRays= 45355 RayPairs= 197773710 NewAxiom=14 PrevAxioms=1,2,3,4,5,6,7,9,10,12,15,17,18,20,22,25,28,33,36,40,41,44,49,57,64,72,11,13,19,21,23,68,76,27,59,26,29,37,61,51,70,73,75,38,62,60,31,46,47,77,55,53,71,45,30,69,65,67,43,39,66,78,79,63,35,54,50,34,74,58,52,42,+14 MissingAxioms=0,8,16,24,32,48,56 TotalTime=37.1
Step=73 PrevRays= 44054 ResultRays= 45355 RayPairs= 188900912 NewAxiom=15 PrevAxioms=1,2,3,4,5,6,7,9,10,12,14,17,18,20,22,25,28,33,36,40,41,44,49,57,64,72,11,13,19,21,23,68,76,27,59,30,26,45,29,35,43,37,34,42,61,77,63,39,79,73,75,50,51,70,38,60,47,53,46,74,69,58,78,62,31,55,71,67,54,52,66,65,+15 MissingAxioms=0,8,16,24,32,48,56 TotalTime=35.6
Step=73 PrevRays= 44353 ResultRays= 45355 RayPairs= 259496280 NewAxiom=17 PrevAxioms=1,2,3,4,5,6,7,9,10,12,14,18,20,22,25,28,33,34,36,40,41,44,49,57,64,72,11,13,15,19,21,23,68,76,27,35,43,29,37,53,38,42,31,46,70,26,74,75,55,78,66,71,69,61,73,51,67,79,63,62,54,58,59,39,45,52,77,30,65,47,50,60,+17 MissingAxioms=0,8,16,24,32,48,56 TotalTime=33.1
Step=73 PrevRays= 45483 ResultRays= 45355 RayPairs= 257107125 NewAxiom=18 PrevAxioms=1,2,3,4,5,6,7,9,10,12,14,17,19,20,22,25,28,33,36,40,41,44,49,57,64,72,11,13,15,21,23,35,43,68,76,27,26,29,34,37,59,30,42,45,39,52,47,63,50,51,46,58,61,54,69,67,77,79,53,71,75,74,55,78,31,38,70,60,62,65,66,73,+18 MissingAxioms=0,8,16,24,32,48,56 TotalTime=39.2
Step=73 PrevRays= 46074 ResultRays= 45355 RayPairs= 184278907 NewAxiom=19 PrevAxioms=1,2,3,4,5,6,7,9,10,12,14,17,18,20,22,25,28,33,36,40,41,44,49,57,64,72,11,13,15,21,23,68,76,27,59,70,26,29,37,61,51,73,75,38,60,62,31,46,47,55,53,45,77,30,50,71,69,63,54,65,67,43,79,78,42,35,58,39,74,52,34,66,+19 MissingAxioms=0,8,16,24,32,48,56 TotalTime=40.0
Step=73 PrevRays= 45483 ResultRays= 45355 RayPairs= 257107125 NewAxiom=20 PrevAxioms=1,2,3,4,5,6,7,9,10,12,14,17,18,21,22,25,28,33,36,40,41,44,49,57,64,72,11,13,15,19,23,59,68,76,27,26,29,37,61,51,70,73,75,39,50,58,30,35,34,63,54,43,31,38,77,45,69,65,46,71,53,78,67,79,55,47,74,62,60,66,52,42,+20 MissingAxioms=0,8,16,24,32,48,56 TotalTime=37.5
Step=73 PrevRays= 46074 ResultRays= 45355 RayPairs= 184278907 NewAxiom=21 PrevAxioms=1,2,3,4,5,6,7,9,10,12,14,17,18,20,22,25,28,33,36,40,41,44,49,57,64,72,11,13,15,19,23,68,76,27,38,35,43,46,29,42,53,34,47,37,26,66,61,45,55,70,71,69,31,67,51,50,63,78,79,75,73,77,59,39,30,54,62,60,52,58,74,65,+21 MissingAxioms=0,8,16,24,32,48,56 TotalTime=39.8
Step=73 PrevRays= 44091 ResultRays= 45355 RayPairs= 197773710 NewAxiom=22 PrevAxioms=1,2,3,4,5,6,7,9,10,12,14,17,18,20,23,25,28,33,36,40,41,44,49,57,64,72,11,13,15,19,21,68,76,27,59,26,29,37,61,30,43,42,45,35,77,39,52,53,63,50,46,31,69,75,71,60,54,51,38,55,70,34,79,67,78,47,66,62,58,73,74,65,+22 MissingAxioms=0,8,16,24,32,48,56 TotalTime=43.4
Step=73 PrevRays= 44054 ResultRays= 45355 RayPairs= 188900912 NewAxiom=23 PrevAxioms=1,2,3,4,5,6,7,9,10,12,14,17,18,20,22,25,28,33,36,40,41,44,49,57,64,72,11,13,15,19,21,68,76,27,59,26,29,37,61,70,30,43,53,35,71,52,60,74,75,62,55,69,38,31,46,51,78,45,39,63,34,54,58,77,79,67,47,73,50,66,65,42,+23 MissingAxioms=0,8,16,24,32,48,56 TotalTime=39.0
Step=73 PrevRays= 44353 ResultRays= 45355 RayPairs= 259496280 NewAxiom=25 PrevAxioms=1,2,3,4,5,6,7,9,10,12,14,17,18,20,22,26,28,33,36,40,41,44,49,57,64,72,11,13,15,19,21,23,68,76,27,51,35,43,29,37,34,38,69,73,31,71,46,47,67,61,75,70,79,78,66,50,42,55,53,59,45,60,39,63,77,30,54,62,74,52,58,65,+25 MissingAxioms=0,8,16,24,32,48,56 TotalTime=43.7
Step=73 PrevRays= 45483 ResultRays= 45355 RayPairs= 257107125 NewAxiom=26 PrevAxioms=1,2,3,4,5,6,7,9,10,12,14,17,18,20,22,25,28,33,36,40,41,44,49,57,64,72,11,13,15,19,21,23,68,76,27,59,29,37,61,30,43,42,53,58,35,69,34,45,39,63,65,67,71,70,52,47,51,46,77,79,75,74,31,55,54,78,38,62,50,60,73,66,+26 MissingAxioms=0,8,16,24,32,48,56 TotalTime=44.7
Step=73 PrevRays= 46074 ResultRays= 45355 RayPairs= 184278907 NewAxiom=27 PrevAxioms=1,2,3,4,5,6,7,9,10,12,14,17,18,20,22,25,28,33,36,40,41,44,49,57,64,72,11,13,15,19,21,23,68,76,35,43,51,29,53,34,37,38,69,78,59,30,45,39,46,31,63,58,61,65,67,66,71,70,42,62,52,75,55,74,47,79,77,50,54,26,60,73,+27 MissingAxioms=0,8,16,24,32,48,56 TotalTime=35.4
Step=73 PrevRays= 45483 ResultRays= 45355 RayPairs= 257107125 NewAxiom=28 PrevAxioms=1,2,3,4,5,6,7,9,10,12,14,17,18,20,22,25,29,33,36,40,41,44,49,57,64,72,11,13,15,19,21,23,53,68,76,35,43,51,34,37,38,46,31,61,69,62,50,47,30,45,39,78,63,65,67,27,42,70,59,58,71,55,79,75,77,73,74,60,52,54,26,66,+28 MissingAxioms=0,8,16,24,32,48,56 TotalTime=34.7
Step=73 PrevRays= 46074 ResultRays= 45355 RayPairs= 184278907 NewAxiom=29 PrevAxioms=1,2,3,4,5,6,7,9,10,12,14,17,18,20,22,25,28,33,36,40,41,44,49,57,64,72,11,13,15,19,21,23,68,76,27,59,26,30,45,58,70,74,46,71,31,73,77,51,55,50,35,69,43,65,67,38,39,63,34,78,62,61,79,75,53,54,37,47,60,66,52,42,+29 MissingAxioms=0,8,16,24,32,48,56 TotalTime=49.8
Step=73 PrevRays= 44091 ResultRays= 45355 RayPairs= 197773710 NewAxiom=30 PrevAxioms=1,2,3,4,5,6,7,9,10,12,14,17,18,20,22,25,28,33,36,40,41,44,49,57,64,72,11,13,15,19,21,23,68,76,27,59,26,29,37,61,51,70,73,75,38,62,60,31,46,47,55,53,45,77,71,52,69,65,67,43,66,39,78,79,63,35,54,58,34,74,50,42,+30 MissingAxioms=0,8,16,24,32,48,56 TotalTime=38.2
Step=73 PrevRays= 44054 ResultRays= 45355 RayPairs= 188900912 NewAxiom=31 PrevAxioms=1,2,3,4,5,6,7,9,10,12,14,17,18,20,22,25,28,33,36,40,41,44,49,57,64,72,11,13,15,19,21,23,68,76,27,59,26,29,37,61,30,43,42,45,35,77,39,52,53,63,50,69,75,47,71,46,60,74,54,70,79,67,51,58,55,78,38,66,62,34,73,65,+31 MissingAxioms=0,8,16,24,32,48,56 TotalTime=36.6
Step=73 PrevRays= 44353 ResultRays= 45355 RayPairs= 259496280 NewAxiom=33 PrevAxioms=1,2,3,4,5,6,7,9,10,12,14,17,18,20,22,25,28,34,36,40,41,44,49,57,64,72,11,13,15,19,21,23,68,76,27,59,35,29,37,26,30,43,45,53,58,65,67,47,71,70,69,39,63,51,77,61,79,75,74,46,42,52,31,55,78,38,62,54,73,60,50,66,+33 MissingAxioms=0,8,16,24,32,48,56 TotalTime=46.3
Step=73 PrevRays= 45483 ResultRays= 45355 RayPairs= 257107125 NewAxiom=34 PrevAxioms=1,2,3,4,5,6,7,9,10,12,14,17,18,20,22,25,28,33,36,40,41,44,49,57,64,72,11,13,15,19,21,23,68,76,27,59,26,29,37,61,30,43,42,45,35,77,39,52,53,63,50,69,75,47,71,46,60,74,54,70,79,67,51,31,38,55,78,58,62,66,73,65,+34 MissingAxioms=0,8,16,24,32,48,56 TotalTime=38.5
Step=73 PrevRays= 46074 ResultRays= 45355 RayPairs= 184278907 NewAxiom=35 PrevAxioms=1,2,3,4,5,6,7,9,10,12,14,17,18,20,22,25,28,33,36,40,41,44,49,57,64,72,11,13,15,19,21,23,68,76,27,59,26,29,37,61,30,43,42,45,77,39,52,53,47,69,71,67,70,60,50,54,51,63,46,31,79,75,55,78,65,38,34,66,62,74,58,73,+35 MissingAxioms=0,8,16,24,32,48,56 TotalTime=40.6
Step=73 PrevRays= 45483 ResultRays= 45355 RayPairs= 257107125 NewAxiom=36 PrevAxioms=1,2,3,4,5,6,7,9,10,12,14,17,18,20,22,25,28,33,37,40,41,44,49,57,64,72,11,13,15,19,21,23,61,68,76,27,43,35,29,42,53,39,30,34,45,59,69,63,65,62,71,52,67,54,60,70,75,38,58,47,46,79,77,31,78,51,55,26,66,74,73,50,+36 MissingAxioms=0,8,16,24,32,48,56 TotalTime=36.8
Step=73 PrevRays= 46074 ResultRays= 45355 RayPairs= 184278907 NewAxiom=37 PrevAxioms=1,2,3,4,5,6,7,9,10,12,14,17,18,20,22,25,28,33,36,40,41,44,49,57,64,72,11,13,15,19,21,23,68,76,27,59,26,29,30,35,43,45,34,53,58,65,67,47,71,69,70,55,77,74,75,46,79,39,63,51,31,78,50,54,61,38,62,52,60,66,42,73,+37 MissingAxioms=0,8,16,24,32,48,56 TotalTime=48.9
Step=73 PrevRays= 44091 ResultRays= 45355 RayPairs= 197773710 NewAxiom=38 PrevAxioms=1,2,3,4,5,6,7,9,10,12,14,17,18,20,22,25,28,33,36,40,41,44,49,57,64,72,11,13,15,19,21,23,68,76,27,59,26,29,37,61,30,43,42,45,35,77,39,52,53,63,50,69,75,47,71,46,60,74,54,70,79,67,51,31,55,78,62,34,65,58,66,73,+38 MissingAxioms=0,8,16,24,32,48,56 TotalTime=37.0
Step=73 PrevRays= 44054 ResultRays= 45355 RayPairs= 188900912 NewAxiom=39 PrevAxioms=1,2,3,4,5,6,7,9,10,12,14,17,18,20,22,25,28,33,36,40,41,44,49,57,64,72,11,13,15,19,21,23,68,76,27,59,26,29,37,61,30,43,42,45,35,77,51,63,79,73,62,70,75,46,60,53,74,50,67,66,47,38,78,55,31,71,69,65,54,58,34,52,+39 MissingAxioms=0,8,16,24,32,48,56 TotalTime=31.5
Step=73 PrevRays= 36355 ResultRays= 45355 RayPairs= 100898945 NewAxiom=40 PrevAxioms=1,2,3,4,5,6,7,9,10,12,14,17,18,20,22,25,28,33,36,41,44,49,57,64,65,72,11,13,15,19,21,23,27,59,67,26,29,37,61,66,51,46,38,53,55,31,70,52,47,60,75,73,45,54,39,35,63,43,62,42,71,79,78,69,30,68,76,77,34,58,50,74,+40 MissingAxioms=0,8,16,24,32,48,56 TotalTime=37.3
Step=73 PrevRays= 47839 ResultRays= 45355 RayPairs= 299501920 NewAxiom=41 PrevAxioms=1,2,3,4,5,6,7,9,10,12,14,17,18,20,22,25,28,33,36,40,42,44,49,57,64,72,11,13,15,19,21,23,68,76,27,43,59,26,29,37,61,30,70,77,51,35,34,45,63,39,60,79,47,75,73,46,38,78,69,55,31,53,71,67,62,54,50,58,66,52,65,74,+41 MissingAxioms=0,8,16,24,32,48,56 TotalTime=42.2
Step=73 PrevRays= 47839 ResultRays= 45355 RayPairs= 299501920 NewAxiom=42 PrevAxioms=1,2,3,4,5,6,7,9,10,12,14,17,18,20,22,25,28,33,36,40,41,44,49,57,64,72,11,13,15,19,21,23,68,76,27,59,26,29,37,61,30,43,45,35,77,63,39,52,50,69,53,75,47,54,46,60,71,74,79,67,70,58,51,34,31,55,38,78,62,65,66,73,+42 MissingAxioms=0,8,16,24,32,48,56 TotalTime=37.9
Step=73 PrevRays= 46008 ResultRays= 45355 RayPairs= 158445040 NewAxiom=43 PrevAxioms=1,2,3,4,5,6,7,9,10,12,14,17,18,20,22,25,28,33,36,40,41,44,49,57,64,72,11,13,15,19,21,23,68,76,27,59,26,29,37,61,30,70,73,75,35,34,51,77,45,63,39,60,47,46,79,69,53,74,62,58,50,38,78,55,31,71,67,54,52,65,42,66,+43 MissingAxioms=0,8,16,24,32,48,56 TotalTime=39.1
Step=73 PrevRays= 50286 ResultRays= 45355 RayPairs= 211199532 NewAxiom=44 PrevAxioms=1,2,3,4,5,6,7,9,10,12,14,17,18,20,22,25,28,33,36,40,41,45,49,57,64,72,11,13,15,19,21,23,27,59,26,29,37,61,46,53,47,43,52,35,60,73,75,79,39,30,50,65,67,71,77,54,63,76,69,62,68,31,34,51,70,55,78,38,58,66,74,42,+44 MissingAxioms=0,8,16,24,32,48,56 TotalTime=32.7
Step=73 PrevRays= 44916 ResultRays= 45355 RayPairs= 166968258 NewAxiom=45 PrevAxioms=1,2,3,4,5,6,7,9,10,12,14,17,18,20,22,25,28,33,36,40,41,44,49,57,64,72,11,13,15,19,21,23,68,76,27,59,26,29,37,61,30,43,42,77,35,51,62,63,39,79,75,70,34,47,46,60,69,53,74,31,78,38,55,71,67,52,65,58,54,50,66,73,+45 MissingAxioms=0,8,16,24,32,48,56 TotalTime=39.6
Step=73 PrevRays= 44916 ResultRays= 45355 RayPairs= 166968258 NewAxiom=46 PrevAxioms=1,2,3,4,5,6,7,9,10,12,14,17,18,20,22,25,28,33,36,40,41,44,49,57,64,72,11,13,15,19,21,23,68,76,27,59,26,29,37,61,30,43,42,45,35,77,39,52,53,63,50,69,75,47,71,70,60,79,67,51,54,38,31,55,78,34,65,62,58,73,66,74,+46 MissingAxioms=0,8,16,24,32,48,56 TotalTime=38.0
Step=73 PrevRays= 43577 ResultRays= 45355 RayPairs= 201601680 NewAxiom=47 PrevAxioms=1,2,3,4,5,6,7,9,10,12,14,17,18,20,22,25,28,33,36,40,41,44,49,57,64,72,11,13,15,19,21,23,68,76,27,59,26,29,37,61,30,43,42,45,35,77,39,52,53,63,50,69,75,46,60,71,31,54,70,51,55,62,34,79,67,78,38,65,58,74,66,73,+47 MissingAxioms=0,8,16,24,32,48,56 TotalTime=40.3
Step=73 PrevRays= 44353 ResultRays= 45355 RayPairs= 259496280 NewAxiom=49 PrevAxioms=1,2,3,4,5,6,7,9,10,12,14,17,18,20,22,25,28,33,36,40,41,44,50,57,64,72,11,13,15,19,21,23,68,76,27,51,35,43,30,42,45,46,26,38,34,54,77,31,39,70,55,74,69,52,78,59,29,63,62,60,79,75,47,37,61,53,71,67,58,66,65,73,+49 MissingAxioms=0,8,16,24,32,48,56 TotalTime=39.8
Step=73 PrevRays= 45483 ResultRays= 45355 RayPairs= 257107125 NewAxiom=50 PrevAxioms=1,2,3,4,5,6,7,9,10,12,14,17,18,20,22,25,28,33,36,40,41,44,49,57,64,72,11,13,15,19,21,23,68,76,27,59,26,29,37,61,30,43,42,45,35,77,39,52,53,63,73,75,60,54,69,71,65,70,47,67,79,31,46,51,55,78,38,66,34,62,58,74,+50 MissingAxioms=0,8,16,24,32,48,56 TotalTime=34.9
Step=73 PrevRays= 46074 ResultRays= 45355 RayPairs= 184278907 NewAxiom=51 PrevAxioms=1,2,3,4,5,6,7,9,10,12,14,17,18,20,22,25,28,33,36,40,41,44,49,57,64,72,11,13,15,19,21,23,68,76,27,59,26,29,37,61,30,43,42,45,35,77,39,52,53,63,50,69,75,47,71,46,60,74,54,70,79,67,31,78,38,34,55,62,65,58,73,66,+51 MissingAxioms=0,8,16,24,32,48,56 TotalTime=38.1
Step=73 PrevRays= 45483 ResultRays= 45355 RayPairs= 257107125 NewAxiom=52 PrevAxioms=1,2,3,4,5,6,7,9,10,12,14,17,18,20,22,25,28,33,36,40,41,44,49,57,64,72,11,13,15,19,21,23,68,76,27,59,26,29,37,61,30,43,42,45,35,77,39,69,63,53,71,70,58,73,75,65,74,67,79,55,34,47,46,78,31,38,51,62,54,60,50,66,+52 MissingAxioms=0,8,16,24,32,48,56 TotalTime=33.9
Step=73 PrevRays= 46074 ResultRays= 45355 RayPairs= 184278907 NewAxiom=53 PrevAxioms=1,2,3,4,5,6,7,9,10,12,14,17,18,20,22,25,28,33,36,40,41,44,49,57,64,72,11,13,15,19,21,23,68,76,27,59,26,29,37,61,30,43,42,45,35,77,39,52,63,51,73,75,38,62,46,31,70,34,79,78,55,54,69,58,47,60,71,67,66,50,65,74,+53 MissingAxioms=0,8,16,24,32,48,56 TotalTime=36.4
Step=73 PrevRays= 44091 ResultRays= 45355 RayPairs= 197773710 NewAxiom=54 PrevAxioms=1,2,3,4,5,6,7,9,10,12,14,17,18,20,22,25,28,33,36,40,41,44,49,57,64,72,11,13,15,19,21,23,68,76,27,59,26,29,37,61,30,43,42,45,35,77,39,52,53,63,50,69,75,47,71,46,60,74,70,79,67,51,58,31,55,78,38,62,34,65,66,73,+54 MissingAxioms=0,8,16,24,32,48,56 TotalTime=39.5
Step=73 PrevRays= 44054 ResultRays= 45355 RayPairs= 188900912 NewAxiom=55 PrevAxioms=1,2,3,4,5,6,7,9,10,12,14,17,18,20,22,25,28,33,36,40,41,44,49,57,64,72,11,13,15,19,21,23,68,76,27,59,26,29,37,61,30,43,42,45,35,77,39,52,53,63,50,69,75,47,71,46,60,74,54,70,79,67,51,31,38,34,78,66,62,65,58,73,+55 MissingAxioms=0,8,16,24,32,48,56 TotalTime=37.0
Step=73 PrevRays= 44353 ResultRays= 45355 RayPairs= 259496280 NewAxiom=57 PrevAxioms=1,2,3,4,5,6,7,9,10,12,14,17,18,20,22,25,28,33,36,40,41,44,49,58,64,72,11,13,15,19,21,23,68,76,27,59,35,43,30,42,45,46,26,38,34,62,78,39,31,69,63,73,70,60,77,51,37,55,54,52,79,75,47,29,53,61,71,67,50,65,66,74,+57 MissingAxioms=0,8,16,24,32,48,56 TotalTime=40.1
Step=73 PrevRays= 45483 ResultRays= 45355 RayPairs= 257107125 NewAxiom=58 PrevAxioms=1,2,3,4,5,6,7,9,10,12,14,17,18,20,22,25,28,33,36,40,41,44,49,57,64,72,11,13,15,19,21,23,68,76,27,59,26,29,37,61,30,43,42,45,35,77,39,52,53,63,50,69,75,47,71,46,60,74,54,70,79,67,51,31,38,55,78,34,62,65,66,73,+58 MissingAxioms=0,8,16,24,32,48,56 TotalTime=37.1
Step=73 PrevRays= 46074 ResultRays= 45355 RayPairs= 184278907 NewAxiom=59 PrevAxioms=1,2,3,4,5,6,7,9,10,12,14,17,18,20,22,25,28,33,36,40,41,44,49,57,64,72,11,13,15,19,21,23,68,76,27,35,43,29,37,42,53,34,38,31,60,78,51,61,70,46,55,71,58,67,62,79,75,69,52,47,45,39,30,77,26,63,54,66,50,73,74,65,+59 MissingAxioms=0,8,16,24,32,48,56 TotalTime=39.0
Step=73 PrevRays= 45483 ResultRays= 45355 RayPairs= 257107125 NewAxiom=60 PrevAxioms=1,2,3,4,5,6,7,9,10,12,14,17,18,20,22,25,28,33,36,40,41,44,49,57,64,72,11,13,15,19,21,23,68,76,27,59,26,29,37,61,30,43,42,45,35,77,39,52,53,63,50,69,75,47,71,46,74,70,79,67,54,51,58,31,78,38,55,73,62,34,66,65,+60 MissingAxioms=0,8,16,24,32,48,56 TotalTime=40.1
Step=73 PrevRays= 46074 ResultRays= 45355 RayPairs= 184278907 NewAxiom=61 PrevAxioms=1,2,3,4,5,6,7,9,10,12,14,17,18,20,22,25,28,33,36,40,41,44,49,57,64,72,11,13,15,19,21,23,68,76,27,59,26,29,37,30,35,43,34,45,53,58,65,67,47,71,69,39,70,63,77,79,75,74,46,55,51,31,78,50,54,38,62,60,52,42,66,73,+61 MissingAxioms=0,8,16,24,32,48,56 TotalTime=45.3
Step=73 PrevRays= 44091 ResultRays= 45355 RayPairs= 197773710 NewAxiom=62 PrevAxioms=1,2,3,4,5,6,7,9,10,12,14,17,18,20,22,25,28,33,36,40,41,44,49,57,64,72,11,13,15,19,21,23,68,76,27,59,26,29,37,61,30,43,42,45,35,77,39,52,53,63,50,69,75,47,71,46,60,74,54,70,79,67,51,31,38,55,78,58,65,34,73,66,+62 MissingAxioms=0,8,16,24,32,48,56 TotalTime=39.4
Step=73 PrevRays= 44054 ResultRays= 45355 RayPairs= 188900912 NewAxiom=63 PrevAxioms=1,2,3,4,5,6,7,9,10,12,14,17,18,20,22,25,28,33,36,40,41,44,49,57,64,72,11,13,15,19,21,23,68,76,27,59,26,29,37,61,30,43,42,45,35,77,39,52,53,69,47,71,67,70,60,50,54,51,46,38,66,75,79,55,31,78,34,65,62,58,73,74,+63 MissingAxioms=0,8,16,24,32,48,56 TotalTime=33.1
Step=73 PrevRays= 36355 ResultRays= 45355 RayPairs= 100898945 NewAxiom=64 PrevAxioms=1,2,3,4,5,6,7,9,10,12,14,17,18,20,22,25,28,33,36,40,41,44,49,57,65,72,11,13,15,19,21,23,76,27,59,67,26,29,37,61,66,51,73,75,62,60,38,31,46,47,55,53,52,63,70,54,43,45,35,42,71,69,77,30,39,68,79,78,58,50,34,74,+64 MissingAxioms=0,8,16,24,32,48,56 TotalTime=31.7
Step=73 PrevRays= 47839 ResultRays= 45355 RayPairs= 299501920 NewAxiom=65 PrevAxioms=1,2,3,4,5,6,7,9,10,12,14,17,18,20,22,25,28,33,36,40,41,44,49,57,64,72,11,13,15,19,21,23,68,76,27,59,26,29,37,61,30,43,42,45,35,77,39,52,53,63,50,69,75,47,71,46,60,74,54,70,79,67,51,31,38,55,78,58,62,66,73,34,+65 MissingAxioms=0,8,16,24,32,48,56 TotalTime=38.4
Step=73 PrevRays= 47839 ResultRays= 45355 RayPairs= 299501920 NewAxiom=66 PrevAxioms=1,2,3,4,5,6,7,9,10,12,14,17,18,20,22,25,28,33,36,40,41,44,49,57,64,72,11,13,15,19,21,23,68,76,27,59,26,29,37,61,30,43,42,45,35,77,39,52,53,63,50,69,75,47,71,46,60,74,54,70,79,67,51,31,38,55,78,58,62,65,34,73,+66 MissingAxioms=0,8,16,24,32,48,56 TotalTime=39.4
Step=73 PrevRays= 46008 ResultRays= 45355 RayPairs= 158445040 NewAxiom=67 PrevAxioms=1,2,3,4,5,6,7,9,10,12,14,17,18,20,22,25,28,33,36,40,41,44,49,57,64,72,11,13,15,19,21,23,68,76,27,59,26,29,37,61,30,43,42,45,35,77,39,52,53,63,50,69,75,47,71,46,60,74,54,70,79,51,31,38,78,55,34,66,62,58,65,73,+67 MissingAxioms=0,8,16,24,32,48,56 TotalTime=37.4
Step=73 PrevRays= 50286 ResultRays= 45355 RayPairs= 211199532 NewAxiom=68 PrevAxioms=1,2,3,4,5,6,7,9,10,12,14,17,18,20,22,25,28,33,36,40,41,44,49,57,64,72,11,13,15,19,21,23,76,27,59,26,29,37,61,30,43,42,45,35,77,39,52,53,63,50,69,71,67,54,62,47,46,55,70,51,31,79,75,34,38,78,58,73,60,66,65,74,+68 MissingAxioms=0,8,16,24,32,48,56 TotalTime=39.7
Step=73 PrevRays= 44916 ResultRays= 45355 RayPairs= 166968258 NewAxiom=69 PrevAxioms=1,2,3,4,5,6,7,9,10,12,14,17,18,20,22,25,28,33,36,40,41,44,49,57,64,72,11,13,15,19,21,23,68,76,27,59,26,29,37,61,30,43,42,45,35,77,39,52,53,63,50,75,47,60,79,46,51,62,70,58,34,54,55,31,78,38,71,67,65,74,73,66,+69 MissingAxioms=0,8,16,24,32,48,56 TotalTime=31.4
Step=73 PrevRays= 44916 ResultRays= 45355 RayPairs= 166968258 NewAxiom=70 PrevAxioms=1,2,3,4,5,6,7,9,10,12,14,17,18,20,22,25,28,33,36,40,41,44,49,57,64,72,11,13,15,19,21,23,68,76,27,59,26,29,37,61,30,43,42,45,35,77,39,52,53,63,50,69,75,47,71,46,60,74,54,79,67,51,58,31,78,38,55,62,66,73,34,65,+70 MissingAxioms=0,8,16,24,32,48,56 TotalTime=39.7
Step=73 PrevRays= 43577 ResultRays= 45355 RayPairs= 201601680 NewAxiom=71 PrevAxioms=1,2,3,4,5,6,7,9,10,12,14,17,18,20,22,25,28,33,36,40,41,44,49,57,64,72,11,13,15,19,21,23,68,76,27,59,26,29,37,61,30,43,42,45,35,77,39,52,53,63,50,69,75,47,46,60,54,79,31,51,38,58,34,78,70,62,55,65,67,73,66,74,+71 MissingAxioms=0,8,16,24,32,48,56 TotalTime=32.7
Step=73 PrevRays= 36355 ResultRays= 45355 RayPairs= 100898945 NewAxiom=72 PrevAxioms=1,2,3,4,5,6,7,9,10,12,14,17,18,20,22,25,28,33,36,40,41,44,49,57,64,73,11,13,15,19,21,23,68,27,59,26,29,37,75,61,30,43,42,45,35,52,53,74,58,39,69,71,70,65,77,63,67,47,51,79,46,76,66,31,55,78,38,62,54,34,60,50,+72 MissingAxioms=0,8,16,24,32,48,56 TotalTime=33.0
Step=73 PrevRays= 47839 ResultRays= 45355 RayPairs= 299501920 NewAxiom=73 PrevAxioms=1,2,3,4,5,6,7,9,10,12,14,17,18,20,22,25,28,33,36,40,41,44,49,57,64,72,11,13,15,19,21,23,68,76,27,59,26,29,37,61,30,43,42,45,35,77,39,52,53,63,50,69,75,47,71,46,60,74,54,70,79,67,51,31,38,55,78,58,62,66,34,65,+73 MissingAxioms=0,8,16,24,32,48,56 TotalTime=38.2
Step=73 PrevRays= 47839 ResultRays= 45355 RayPairs= 299501920 NewAxiom=74 PrevAxioms=1,2,3,4,5,6,7,9,10,12,14,17,18,20,22,25,28,33,36,40,41,44,49,57,64,72,11,13,15,19,21,23,68,76,27,59,26,29,37,61,30,43,42,45,35,77,39,52,53,63,50,69,75,47,71,46,60,54,79,67,70,51,66,38,34,55,31,78,62,65,58,73,+74 MissingAxioms=0,8,16,24,32,48,56 TotalTime=38.2
Step=73 PrevRays= 46008 ResultRays= 45355 RayPairs= 158445040 NewAxiom=75 PrevAxioms=1,2,3,4,5,6,7,9,10,12,14,17,18,20,22,25,28,33,36,40,41,44,49,57,64,72,11,13,15,19,21,23,68,76,27,59,26,29,37,61,30,43,42,45,35,77,39,52,53,63,50,69,71,67,54,79,70,60,51,47,46,38,66,34,31,78,55,74,62,58,73,65,+75 MissingAxioms=0,8,16,24,32,48,56 TotalTime=38.0
Step=73 PrevRays= 50286 ResultRays= 45355 RayPairs= 211199532 NewAxiom=76 PrevAxioms=1,2,3,4,5,6,7,9,10,12,14,17,18,20,22,25,28,33,36,40,41,44,49,57,64,72,11,13,15,19,21,23,68,27,59,26,29,37,61,30,43,42,45,35,77,39,52,53,69,63,71,50,67,54,79,75,70,60,47,51,46,66,38,31,55,78,34,62,65,58,73,74,+76 MissingAxioms=0,8,16,24,32,48,56 TotalTime=40.6
Step=73 PrevRays= 44916 ResultRays= 45355 RayPairs= 166968258 NewAxiom=77 PrevAxioms=1,2,3,4,5,6,7,9,10,12,14,17,18,20,22,25,28,33,36,40,41,44,49,57,64,72,11,13,15,19,21,23,68,76,27,59,26,29,37,61,30,43,42,45,35,52,53,63,39,50,60,47,54,69,75,71,70,67,79,51,46,66,38,31,55,78,34,73,62,58,65,74,+77 MissingAxioms=0,8,16,24,32,48,56 TotalTime=39.8
Step=73 PrevRays= 44916 ResultRays= 45355 RayPairs= 166968258 NewAxiom=78 PrevAxioms=1,2,3,4,5,6,7,9,10,12,14,17,18,20,22,25,28,33,36,40,41,44,49,57,64,72,11,13,15,19,21,23,68,76,27,59,26,29,37,61,30,43,42,45,35,77,39,52,53,63,50,69,75,47,71,46,60,74,54,70,79,67,51,31,38,55,58,62,65,34,66,73,+78 MissingAxioms=0,8,16,24,32,48,56 TotalTime=40.2
Step=73 PrevRays= 43577 ResultRays= 45355 RayPairs= 201601680 NewAxiom=79 PrevAxioms=1,2,3,4,5,6,7,9,10,12,14,17,18,20,22,25,28,33,36,40,41,44,49,57,64,72,11,13,15,19,21,23,68,76,27,59,26,29,37,61,30,43,42,45,35,77,39,52,53,63,50,69,75,47,71,46,60,74,54,70,31,51,38,78,55,67,58,62,66,34,73,65,+79 MissingAxioms=0,8,16,24,32,48,56 TotalTime=37.4

Ordered by number of ray pairs:
Step=73 ##########.................... (min) Axiom40 23() - g0 f(2) + f(3) >= f(2,3)
Step=73 ##########.................... (min) Axiom64 24() - g0 f(2) + f(4) >= f(2,4)
Step=73 ##########.................... (min) Axiom72 34() - g0 f(3) + f(4) >= f(3,4)
Step=73 #############................. Axiom7 01(2,3,4) - g3 f(0,1,2,3,4) >= f(2,3,4)
Step=73 ################.............. Axiom43 23(0,1) - g2 f(0,1,2) + f(0,1,3) >= f(0,1) + f(0,1,2,3,4)
Step=73 ################.............. Axiom67 24(0,1) - g2 f(0,1,2) + f(0,1,4) >= f(0,1) + f(0,1,2,3,4)
Step=73 ################.............. Axiom75 34(0,1) - g2 f(0,1,3) + f(0,1,4) >= f(0,1) + f(0,1,2,3,4)
Step=73 #################............. Axiom45 23(0,4) - g2 f(0,2,4) + f(0,3,4) >= f(0,1,2,3,4) + f(0,4)
Step=73 #################............. Axiom46 23(1,4) - g2 f(1,2,4) + f(1,3,4) >= f(0,1,2,3,4) + f(1,4)
Step=73 #################............. Axiom69 24(0,3) - g2 f(0,2,3) + f(0,3,4) >= f(0,3) + f(0,1,2,3,4)
Step=73 #################............. Axiom70 24(1,3) - g2 f(1,2,3) + f(1,3,4) >= f(1,3) + f(0,1,2,3,4)
Step=73 #################............. Axiom77 34(0,2) - g2 f(0,2,3) + f(0,2,4) >= f(0,2) + f(0,1,2,3,4)
Step=73 #################............. Axiom78 34(1,2) - g2 f(1,2,3) + f(1,2,4) >= f(1,2) + f(0,1,2,3,4)
Step=73 ##################............ Axiom11 02(1,3) - g2 f(0,1,3) + f(1,2,3) >= f(1,3) + f(0,1,2,3,4)
Step=73 ##################............ Axiom13 02(1,4) - g2 f(0,1,4) + f(1,2,4) >= f(0,1,2,3,4) + f(1,4)
Step=73 ##################............ Axiom19 12(0,3) - g2 f(0,1,3) + f(0,2,3) >= f(0,3) + f(0,1,2,3,4)
Step=73 ##################............ Axiom21 12(0,4) - g2 f(0,1,4) + f(0,2,4) >= f(0,1,2,3,4) + f(0,4)
Step=73 ##################............ Axiom27 03(1,2) - g2 f(0,1,2) + f(1,2,3) >= f(1,2) + f(0,1,2,3,4)
Step=73 ##################............ Axiom29 03(1,4) - g2 f(0,1,4) + f(1,3,4) >= f(0,1,2,3,4) + f(1,4)
Step=73 ##################............ Axiom35 13(0,2) - g2 f(0,1,2) + f(0,2,3) >= f(0,2) + f(0,1,2,3,4)
Step=73 ##################............ Axiom37 13(0,4) - g2 f(0,1,4) + f(0,3,4) >= f(0,1,2,3,4) + f(0,4)
Step=73 ##################............ Axiom51 04(1,2) - g2 f(0,1,2) + f(1,2,4) >= f(1,2) + f(0,1,2,3,4)
Step=73 ##################............ Axiom53 04(1,3) - g2 f(0,1,3) + f(1,3,4) >= f(1,3) + f(0,1,2,3,4)
Step=73 ##################............ Axiom59 14(0,2) - g2 f(0,1,2) + f(0,2,4) >= f(0,2) + f(0,1,2,3,4)
Step=73 ##################............ Axiom61 14(0,3) - g2 f(0,1,3) + f(0,3,4) >= f(0,3) + f(0,1,2,3,4)
Step=73 ###################........... Axiom15 02(1,3,4) - g3 f(0,1,2,3,4) >= f(1,3,4)
Step=73 ###################........... Axiom23 12(0,3,4) - g3 f(0,1,2,3,4) >= f(0,3,4)
Step=73 ###################........... Axiom31 03(1,2,4) - g3 f(0,1,2,3,4) >= f(1,2,4)
Step=73 ###################........... Axiom39 13(0,2,4) - g3 f(0,1,2,3,4) >= f(0,2,4)
Step=73 ###################........... Axiom55 04(1,2,3) - g3 f(0,1,2,3,4) >= f(1,2,3)
Step=73 ###################........... Axiom63 14(0,2,3) - g3 f(0,1,2,3,4) >= f(0,2,3)
Step=73 ####################.......... Axiom14 02(3,4) - g2 f(0,3,4) + f(2,3,4) >= f(0,1,2,3,4) + f(3,4)
Step=73 ####################.......... Axiom22 12(3,4) - g2 f(1,3,4) + f(2,3,4) >= f(0,1,2,3,4) + f(3,4)
Step=73 ####################.......... Axiom30 03(2,4) - g2 f(0,2,4) + f(2,3,4) >= f(0,1,2,3,4) + f(2,4)
Step=73 ####################.......... Axiom38 13(2,4) - g2 f(1,2,4) + f(2,3,4) >= f(0,1,2,3,4) + f(2,4)
Step=73 ####################.......... Axiom54 04(2,3) - g2 f(0,2,3) + f(2,3,4) >= f(2,3) + f(0,1,2,3,4)
Step=73 ####################.......... Axiom62 14(2,3) - g2 f(1,2,3) + f(2,3,4) >= f(2,3) + f(0,1,2,3,4)
Step=73 ####################.......... Axiom47 23(0,1,4) - g3 f(0,1,2,3,4) >= f(0,1,4)
Step=73 ####################.......... Axiom71 24(0,1,3) - g3 f(0,1,2,3,4) >= f(0,1,3)
Step=73 ####################.......... Axiom79 34(0,1,2) - g3 f(0,1,2,3,4) >= f(0,1,2)
Step=73 #####################......... Axiom44 23(4) - g1 f(2,4) + f(3,4) >= f(4) + f(2,3,4)
Step=73 #####################......... Axiom68 24(3) - g1 f(2,3) + f(3,4) >= f(3) + f(2,3,4)
Step=73 #####################......... Axiom76 34(2) - g1 f(2,3) + f(2,4) >= f(2) + f(2,3,4)
Step=73 #####################......... Axiom3 01(2,3) - g2 f(0,2,3) + f(1,2,3) >= f(2,3) + f(0,1,2,3,4)
Step=73 #####################......... Axiom5 01(2,4) - g2 f(0,2,4) + f(1,2,4) >= f(0,1,2,3,4) + f(2,4)
Step=73 #####################......... Axiom6 01(3,4) - g2 f(0,3,4) + f(1,3,4) >= f(0,1,2,3,4) + f(3,4)
Step=73 ########################...... Axiom1 01(2) - g1 f(0,2) + f(1,2) >= f(2) + f(0,1,2)
Step=73 ########################...... Axiom2 01(3) - g1 f(0,3) + f(1,3) >= f(3) + f(0,1,3)
Step=73 ########################...... Axiom4 01(4) - g1 f(0,4) + f(1,4) >= f(4) + f(0,1,4)
Step=73 ##########################.... Axiom10 02(3) - g1 f(0,3) + f(2,3) >= f(3) + f(0,2,3)
Step=73 ##########################.... Axiom12 02(4) - g1 f(0,4) + f(2,4) >= f(4) + f(0,2,4)
Step=73 ##########################.... Axiom18 12(3) - g1 f(1,3) + f(2,3) >= f(3) + f(1,2,3)
Step=73 ##########################.... Axiom20 12(4) - g1 f(1,4) + f(2,4) >= f(4) + f(1,2,4)
Step=73 ##########################.... Axiom26 03(2) - g1 f(0,2) + f(2,3) >= f(2) + f(0,2,3)
Step=73 ##########################.... Axiom28 03(4) - g1 f(0,4) + f(3,4) >= f(4) + f(0,3,4)
Step=73 ##########################.... Axiom34 13(2) - g1 f(1,2) + f(2,3) >= f(2) + f(1,2,3)
Step=73 ##########################.... Axiom36 13(4) - g1 f(1,4) + f(3,4) >= f(4) + f(1,3,4)
Step=73 ##########################.... Axiom50 04(2) - g1 f(0,2) + f(2,4) >= f(2) + f(0,2,4)
Step=73 ##########################.... Axiom52 04(3) - g1 f(0,3) + f(3,4) >= f(3) + f(0,3,4)
Step=73 ##########################.... Axiom58 14(2) - g1 f(1,2) + f(2,4) >= f(2) + f(1,2,4)
Step=73 ##########################.... Axiom60 14(3) - g1 f(1,3) + f(3,4) >= f(3) + f(1,3,4)
Step=73 ##########################.... Axiom9 02(1) - g1 f(0,1) + f(1,2) >= f(1) + f(0,1,2)
Step=73 ##########################.... Axiom17 12(0) - g1 f(0,1) + f(0,2) >= f(0) + f(0,1,2)
Step=73 ##########################.... Axiom25 03(1) - g1 f(0,1) + f(1,3) >= f(1) + f(0,1,3)
Step=73 ##########################.... Axiom33 13(0) - g1 f(0,1) + f(0,3) >= f(0) + f(0,1,3)
Step=73 ##########################.... Axiom49 04(1) - g1 f(0,1) + f(1,4) >= f(1) + f(0,1,4)
Step=73 ##########################.... Axiom57 14(0) - g1 f(0,1) + f(0,4) >= f(0) + f(0,1,4)
Step=73 ############################## Axiom41 23(0) - g1 f(0,2) + f(0,3) >= f(0) + f(0,2,3)
Step=73 ############################## Axiom42 23(1) - g1 f(1,2) + f(1,3) >= f(1) + f(1,2,3)
Step=73 ############################## Axiom65 24(0) - g1 f(0,2) + f(0,4) >= f(0) + f(0,2,4)
Step=73 ############################## Axiom66 24(1) - g1 f(1,2) + f(1,4) >= f(1) + f(1,2,4)
Step=73 ############################## Axiom73 34(0) - g1 f(0,3) + f(0,4) >= f(0) + f(0,3,4)
Step=73 ############################## Axiom74 34(1) - g1 f(1,3) + f(1,4) >= f(1) + f(1,3,4)

Ordered by number of previous rays:
Step=73 $$$$$$$$$$$$$$$$$$$$$$........ (min) Axiom40 23() - g0 f(2) + f(3) >= f(2,3)
Step=73 $$$$$$$$$$$$$$$$$$$$$$........ (min) Axiom64 24() - g0 f(2) + f(4) >= f(2,4)
Step=73 $$$$$$$$$$$$$$$$$$$$$$........ (min) Axiom72 34() - g0 f(3) + f(4) >= f(3,4)
Step=73 $$$$$$$$$$$$$$$$$$$$$$$$$$.... Axiom1 01(2) - g1 f(0,2) + f(1,2) >= f(2) + f(0,1,2)
Step=73 $$$$$$$$$$$$$$$$$$$$$$$$$$.... Axiom2 01(3) - g1 f(0,3) + f(1,3) >= f(3) + f(0,1,3)
Step=73 $$$$$$$$$$$$$$$$$$$$$$$$$$.... Axiom4 01(4) - g1 f(0,4) + f(1,4) >= f(4) + f(0,1,4)
Step=73 $$$$$$$$$$$$$$$$$$$$$$$$$$.... Axiom47 23(0,1,4) - g3 f(0,1,2,3,4) >= f(0,1,4)
Step=73 $$$$$$$$$$$$$$$$$$$$$$$$$$.... Axiom71 24(0,1,3) - g3 f(0,1,2,3,4) >= f(0,1,3)
Step=73 $$$$$$$$$$$$$$$$$$$$$$$$$$.... Axiom79 34(0,1,2) - g3 f(0,1,2,3,4) >= f(0,1,2)
Step=73 $$$$$$$$$$$$$$$$$$$$$$$$$$.... Axiom15 02(1,3,4) - g3 f(0,1,2,3,4) >= f(1,3,4)
Step=73 $$$$$$$$$$$$$$$$$$$$$$$$$$.... Axiom23 12(0,3,4) - g3 f(0,1,2,3,4) >= f(0,3,4)
Step=73 $$$$$$$$$$$$$$$$$$$$$$$$$$.... Axiom31 03(1,2,4) - g3 f(0,1,2,3,4) >= f(1,2,4)
Step=73 $$$$$$$$$$$$$$$$$$$$$$$$$$.... Axiom39 13(0,2,4) - g3 f(0,1,2,3,4) >= f(0,2,4)
Step=73 $$$$$$$$$$$$$$$$$$$$$$$$$$.... Axiom55 04(1,2,3) - g3 f(0,1,2,3,4) >= f(1,2,3)
Step=73 $$$$$$$$$$$$$$$$$$$$$$$$$$.... Axiom63 14(0,2,3) - g3 f(0,1,2,3,4) >= f(0,2,3)
Step=73 $$$$$$$$$$$$$$$$$$$$$$$$$$.... Axiom14 02(3,4) - g2 f(0,3,4) + f(2,3,4) >= f(0,1,2,3,4) + f(3,4)
Step=73 $$$$$$$$$$$$$$$$$$$$$$$$$$.... Axiom22 12(3,4) - g2 f(1,3,4) + f(2,3,4) >= f(0,1,2,3,4) + f(3,4)
Step=73 $$$$$$$$$$$$$$$$$$$$$$$$$$.... Axiom30 03(2,4) - g2 f(0,2,4) + f(2,3,4) >= f(0,1,2,3,4) + f(2,4)
Step=73 $$$$$$$$$$$$$$$$$$$$$$$$$$.... Axiom38 13(2,4) - g2 f(1,2,4) + f(2,3,4) >= f(0,1,2,3,4) + f(2,4)
Step=73 $$$$$$$$$$$$$$$$$$$$$$$$$$.... Axiom54 04(2,3) - g2 f(0,2,3) + f(2,3,4) >= f(2,3) + f(0,1,2,3,4)
Step=73 $$$$$$$$$$$$$$$$$$$$$$$$$$.... Axiom62 14(2,3) - g2 f(1,2,3) + f(2,3,4) >= f(2,3) + f(0,1,2,3,4)
Step=73 $$$$$$$$$$$$$$$$$$$$$$$$$$.... Axiom7 01(2,3,4) - g3 f(0,1,2,3,4) >= f(2,3,4)
Step=73 $$$$$$$$$$$$$$$$$$$$$$$$$$.... Axiom9 02(1) - g1 f(0,1) + f(1,2) >= f(1) + f(0,1,2)
Step=73 $$$$$$$$$$$$$$$$$$$$$$$$$$.... Axiom17 12(0) - g1 f(0,1) + f(0,2) >= f(0) + f(0,1,2)
Step=73 $$$$$$$$$$$$$$$$$$$$$$$$$$.... Axiom25 03(1) - g1 f(0,1) + f(1,3) >= f(1) + f(0,1,3)
Step=73 $$$$$$$$$$$$$$$$$$$$$$$$$$.... Axiom33 13(0) - g1 f(0,1) + f(0,3) >= f(0) + f(0,1,3)
Step=73 $$$$$$$$$$$$$$$$$$$$$$$$$$.... Axiom49 04(1) - g1 f(0,1) + f(1,4) >= f(1) + f(0,1,4)
Step=73 $$$$$$$$$$$$$$$$$$$$$$$$$$.... Axiom57 14(0) - g1 f(0,1) + f(0,4) >= f(0) + f(0,1,4)
Step=73 $$$$$$$$$$$$$$$$$$$$$$$$$$$... Axiom45 23(0,4) - g2 f(0,2,4) + f(0,3,4) >= f(0,1,2,3,4) + f(0,4)
Step=73 $$$$$$$$$$$$$$$$$$$$$$$$$$$... Axiom46 23(1,4) - g2 f(1,2,4) + f(1,3,4) >= f(0,1,2,3,4) + f(1,4)
Step=73 $$$$$$$$$$$$$$$$$$$$$$$$$$$... Axiom69 24(0,3) - g2 f(0,2,3) + f(0,3,4) >= f(0,3) + f(0,1,2,3,4)
Step=73 $$$$$$$$$$$$$$$$$$$$$$$$$$$... Axiom70 24(1,3) - g2 f(1,2,3) + f(1,3,4) >= f(1,3) + f(0,1,2,3,4)
Step=73 $$$$$$$$$$$$$$$$$$$$$$$$$$$... Axiom77 34(0,2) - g2 f(0,2,3) + f(0,2,4) >= f(0,2) + f(0,1,2,3,4)
Step=73 $$$$$$$$$$$$$$$$$$$$$$$$$$$... Axiom78 34(1,2) - g2 f(1,2,3) + f(1,2,4) >= f(1,2) + f(0,1,2,3,4)
Step=73 $$$$$$$$$$$$$$$$$$$$$$$$$$$... Axiom10 02(3) - g1 f(0,3) + f(2,3) >= f(3) + f(0,2,3)
Step=73 $$$$$$$$$$$$$$$$$$$$$$$$$$$... Axiom12 02(4) - g1 f(0,4) + f(2,4) >= f(4) + f(0,2,4)
Step=73 $$$$$$$$$$$$$$$$$$$$$$$$$$$... Axiom18 12(3) - g1 f(1,3) + f(2,3) >= f(3) + f(1,2,3)
Step=73 $$$$$$$$$$$$$$$$$$$$$$$$$$$... Axiom20 12(4) - g1 f(1,4) + f(2,4) >= f(4) + f(1,2,4)
Step=73 $$$$$$$$$$$$$$$$$$$$$$$$$$$... Axiom26 03(2) - g1 f(0,2) + f(2,3) >= f(2) + f(0,2,3)
Step=73 $$$$$$$$$$$$$$$$$$$$$$$$$$$... Axiom28 03(4) - g1 f(0,4) + f(3,4) >= f(4) + f(0,3,4)
Step=73 $$$$$$$$$$$$$$$$$$$$$$$$$$$... Axiom34 13(2) - g1 f(1,2) + f(2,3) >= f(2) + f(1,2,3)
Step=73 $$$$$$$$$$$$$$$$$$$$$$$$$$$... Axiom36 13(4) - g1 f(1,4) + f(3,4) >= f(4) + f(1,3,4)
Step=73 $$$$$$$$$$$$$$$$$$$$$$$$$$$... Axiom50 04(2) - g1 f(0,2) + f(2,4) >= f(2) + f(0,2,4)
Step=73 $$$$$$$$$$$$$$$$$$$$$$$$$$$... Axiom52 04(3) - g1 f(0,3) + f(3,4) >= f(3) + f(0,3,4)
Step=73 $$$$$$$$$$$$$$$$$$$$$$$$$$$... Axiom58 14(2) - g1 f(1,2) + f(2,4) >= f(2) + f(1,2,4)
Step=73 $$$$$$$$$$$$$$$$$$$$$$$$$$$... Axiom60 14(3) - g1 f(1,3) + f(3,4) >= f(3) + f(1,3,4)
Step=73 $$$$$$$$$$$$$$$$$$$$$$$$$$$... Axiom43 23(0,1) - g2 f(0,1,2) + f(0,1,3) >= f(0,1) + f(0,1,2,3,4)
Step=73 $$$$$$$$$$$$$$$$$$$$$$$$$$$... Axiom67 24(0,1) - g2 f(0,1,2) + f(0,1,4) >= f(0,1) + f(0,1,2,3,4)
Step=73 $$$$$$$$$$$$$$$$$$$$$$$$$$$... Axiom75 34(0,1) - g2 f(0,1,3) + f(0,1,4) >= f(0,1) + f(0,1,2,3,4)
Step=73 $$$$$$$$$$$$$$$$$$$$$$$$$$$... Axiom11 02(1,3) - g2 f(0,1,3) + f(1,2,3) >= f(1,3) + f(0,1,2,3,4)
Step=73 $$$$$$$$$$$$$$$$$$$$$$$$$$$... Axiom13 02(1,4) - g2 f(0,1,4) + f(1,2,4) >= f(0,1,2,3,4) + f(1,4)
Step=73 $$$$$$$$$$$$$$$$$$$$$$$$$$$... Axiom19 12(0,3) - g2 f(0,1,3) + f(0,2,3) >= f(0,3) + f(0,1,2,3,4)
Step=73 $$$$$$$$$$$$$$$$$$$$$$$$$$$... Axiom21 12(0,4) - g2 f(0,1,4) + f(0,2,4) >= f(0,1,2,3,4) + f(0,4)
Step=73 $$$$$$$$$$$$$$$$$$$$$$$$$$$... Axiom27 03(1,2) - g2 f(0,1,2) + f(1,2,3) >= f(1,2) + f(0,1,2,3,4)
Step=73 $$$$$$$$$$$$$$$$$$$$$$$$$$$... Axiom29 03(1,4) - g2 f(0,1,4) + f(1,3,4) >= f(0,1,2,3,4) + f(1,4)
Step=73 $$$$$$$$$$$$$$$$$$$$$$$$$$$... Axiom35 13(0,2) - g2 f(0,1,2) + f(0,2,3) >= f(0,2) + f(0,1,2,3,4)
Step=73 $$$$$$$$$$$$$$$$$$$$$$$$$$$... Axiom37 13(0,4) - g2 f(0,1,4) + f(0,3,4) >= f(0,1,2,3,4) + f(0,4)
Step=73 $$$$$$$$$$$$$$$$$$$$$$$$$$$... Axiom51 04(1,2) - g2 f(0,1,2) + f(1,2,4) >= f(1,2) + f(0,1,2,3,4)
Step=73 $$$$$$$$$$$$$$$$$$$$$$$$$$$... Axiom53 04(1,3) - g2 f(0,1,3) + f(1,3,4) >= f(1,3) + f(0,1,2,3,4)
Step=73 $$$$$$$$$$$$$$$$$$$$$$$$$$$... Axiom59 14(0,2) - g2 f(0,1,2) + f(0,2,4) >= f(0,2) + f(0,1,2,3,4)
Step=73 $$$$$$$$$$$$$$$$$$$$$$$$$$$... Axiom61 14(0,3) - g2 f(0,1,3) + f(0,3,4) >= f(0,3) + f(0,1,2,3,4)
Step=73 $$$$$$$$$$$$$$$$$$$$$$$$$$$... Axiom3 01(2,3) - g2 f(0,2,3) + f(1,2,3) >= f(2,3) + f(0,1,2,3,4)
Step=73 $$$$$$$$$$$$$$$$$$$$$$$$$$$... Axiom5 01(2,4) - g2 f(0,2,4) + f(1,2,4) >= f(0,1,2,3,4) + f(2,4)
Step=73 $$$$$$$$$$$$$$$$$$$$$$$$$$$... Axiom6 01(3,4) - g2 f(0,3,4) + f(1,3,4) >= f(0,1,2,3,4) + f(3,4)
Step=73 $$$$$$$$$$$$$$$$$$$$$$$$$$$$$. Axiom41 23(0) - g1 f(0,2) + f(0,3) >= f(0) + f(0,2,3)
Step=73 $$$$$$$$$$$$$$$$$$$$$$$$$$$$$. Axiom42 23(1) - g1 f(1,2) + f(1,3) >= f(1) + f(1,2,3)
Step=73 $$$$$$$$$$$$$$$$$$$$$$$$$$$$$. Axiom65 24(0) - g1 f(0,2) + f(0,4) >= f(0) + f(0,2,4)
Step=73 $$$$$$$$$$$$$$$$$$$$$$$$$$$$$. Axiom66 24(1) - g1 f(1,2) + f(1,4) >= f(1) + f(1,2,4)
Step=73 $$$$$$$$$$$$$$$$$$$$$$$$$$$$$. Axiom73 34(0) - g1 f(0,3) + f(0,4) >= f(0) + f(0,3,4)
Step=73 $$$$$$$$$$$$$$$$$$$$$$$$$$$$$. Axiom74 34(1) - g1 f(1,3) + f(1,4) >= f(1) + f(1,3,4)
Step=73 $$$$$$$$$$$$$$$$$$$$$$$$$$$$$$ Axiom44 23(4) - g1 f(2,4) + f(3,4) >= f(4) + f(2,3,4)
Step=73 $$$$$$$$$$$$$$$$$$$$$$$$$$$$$$ Axiom68 24(3) - g1 f(2,3) + f(3,4) >= f(3) + f(2,3,4)
Step=73 $$$$$$$$$$$$$$$$$$$$$$$$$$$$$$ Axiom76 34(2) - g1 f(2,3) + f(2,4) >= f(2) + f(2,3,4)
