! VaryAxiom=6 NoInitialAxiomSet
Step=55 PrevRays=  1281 ResultRays=  1297 RayPairs=     95930 NewAxiom=9 PrevAxioms=6,10,11,12,13,14,17,18,20,22,25,26,27,28,29,33,36,41,45,49,50,55,57,65,72,73,19,21,37,69,77,35,53,34,38,43,42,59,30,67,54,52,70,61,60,75,63,62,58,74,51,66,46,78,+9 MissingAxioms=0,1,2,3,4,5,7,8,15,16,23,24,31,32,39,40,44,47,48,56,64,68,71,76,79 TotalTime=0.2
Step=55 PrevRays=  1346 ResultRays=  1297 RayPairs=    155916 NewAxiom=10 PrevAxioms=6,9,11,12,13,14,17,18,19,20,22,25,26,28,29,33,36,41,45,49,50,55,57,65,72,73,21,27,35,37,43,42,30,54,59,67,77,53,69,75,52,74,61,38,51,58,70,63,62,66,46,34,60,78,+10 MissingAxioms=0,1,2,3,4,5,7,8,15,16,23,24,31,32,39,40,44,47,48,56,64,68,71,76,79 TotalTime=0.3
Step=55 PrevRays=  1290 ResultRays=  1297 RayPairs=    105924 NewAxiom=11 PrevAxioms=6,9,10,12,13,14,17,18,19,20,22,25,26,28,29,33,36,41,45,49,50,55,57,65,72,73,21,35,37,43,51,53,69,77,38,70,75,61,42,74,27,34,30,54,52,60,62,63,58,67,66,78,59,46,+11 MissingAxioms=0,1,2,3,4,5,7,8,15,16,23,24,31,32,39,40,44,47,48,56,64,68,71,76,79 TotalTime=0.2
Step=55 PrevRays=  1301 ResultRays=  1297 RayPairs=    139374 NewAxiom=12 PrevAxioms=6,9,10,11,13,14,17,18,20,21,22,25,26,28,29,33,36,41,45,49,50,55,57,65,72,73,19,37,51,59,67,77,38,66,53,69,61,27,75,70,74,58,43,42,35,34,62,60,52,54,63,30,78,46,+12 MissingAxioms=0,1,2,3,4,5,7,8,15,16,23,24,31,32,39,40,44,47,48,56,64,68,71,76,79 TotalTime=0.1
Step=55 PrevRays=  1244 ResultRays=  1297 RayPairs=     98826 NewAxiom=13 PrevAxioms=6,9,10,11,12,14,17,18,20,21,22,25,26,28,29,33,36,41,45,49,50,55,57,65,72,73,19,30,38,53,59,67,77,54,69,27,43,52,37,75,61,74,70,42,35,63,62,34,58,51,66,46,60,78,+13 MissingAxioms=0,1,2,3,4,5,7,8,15,16,23,24,31,32,39,40,44,47,48,56,64,68,71,76,79 TotalTime=0.2
Step=55 PrevRays=  1164 ResultRays=  1297 RayPairs=     70216 NewAxiom=14 PrevAxioms=6,9,10,11,12,13,17,18,20,22,25,26,28,29,30,33,36,41,45,49,50,55,57,65,72,73,19,21,37,54,69,77,27,59,61,53,67,38,75,74,51,66,46,58,42,70,78,63,62,60,43,35,52,34,+14 MissingAxioms=0,1,2,3,4,5,7,8,15,16,23,24,31,32,39,40,44,47,48,56,64,68,71,76,79 TotalTime=0.2
Step=55 PrevRays=  1281 ResultRays=  1297 RayPairs=     95930 NewAxiom=17 PrevAxioms=6,9,10,11,12,13,14,18,20,22,25,26,28,29,33,34,36,41,45,49,50,55,57,65,72,73,19,21,37,69,77,27,61,35,75,30,38,51,54,43,42,53,74,52,70,60,62,58,63,78,66,67,59,46,+17 MissingAxioms=0,1,2,3,4,5,7,8,15,16,23,24,31,32,39,40,44,47,48,56,64,68,71,76,79 TotalTime=0.2
Step=55 PrevRays=  1346 ResultRays=  1297 RayPairs=    155916 NewAxiom=18 PrevAxioms=6,9,10,11,12,13,14,17,19,20,22,25,26,28,29,33,36,41,45,49,50,55,57,65,72,73,21,27,35,37,43,42,30,54,59,67,77,52,53,69,75,74,38,51,58,61,70,63,62,34,66,46,60,78,+18 MissingAxioms=0,1,2,3,4,5,7,8,15,16,23,24,31,32,39,40,44,47,48,56,64,68,71,76,79 TotalTime=0.2
Step=55 PrevRays=  1290 ResultRays=  1297 RayPairs=    105924 NewAxiom=19 PrevAxioms=6,9,10,11,12,13,14,17,18,20,22,25,26,28,29,33,36,41,45,49,50,55,57,65,72,73,21,27,37,69,77,59,61,30,54,67,75,51,52,70,53,74,38,58,43,42,35,63,62,66,34,46,60,78,+19 MissingAxioms=0,1,2,3,4,5,7,8,15,16,23,24,31,32,39,40,44,47,48,56,64,68,71,76,79 TotalTime=0.2
Step=55 PrevRays=  1301 ResultRays=  1297 RayPairs=    139374 NewAxiom=20 PrevAxioms=6,9,10,11,12,13,14,17,18,21,22,25,26,28,29,33,36,41,45,49,50,55,57,65,72,73,19,30,51,59,67,77,53,54,69,66,27,37,61,75,52,43,58,74,70,42,35,63,62,60,34,38,46,78,+20 MissingAxioms=0,1,2,3,4,5,7,8,15,16,23,24,31,32,39,40,44,47,48,56,64,68,71,76,79 TotalTime=0.2
Step=55 PrevRays=  1244 ResultRays=  1297 RayPairs=     98826 NewAxiom=21 PrevAxioms=6,9,10,11,12,13,14,17,18,20,22,25,26,28,29,33,36,41,45,49,50,55,57,65,72,73,19,30,38,51,69,77,35,53,54,43,52,37,75,61,27,70,74,42,60,62,63,34,58,59,67,66,46,78,+21 MissingAxioms=0,1,2,3,4,5,7,8,15,16,23,24,31,32,39,40,44,47,48,56,64,68,71,76,79 TotalTime=0.2
Step=55 PrevRays=  1164 ResultRays=  1297 RayPairs=     70216 NewAxiom=22 PrevAxioms=6,9,10,11,12,13,14,17,18,20,25,26,28,29,33,36,38,41,45,49,50,55,57,65,72,73,19,21,37,69,77,27,59,61,30,54,67,75,53,43,52,74,42,46,51,58,78,63,62,66,34,35,60,70,+22 MissingAxioms=0,1,2,3,4,5,7,8,15,16,23,24,31,32,39,40,44,47,48,56,64,68,71,76,79 TotalTime=0.2
Step=55 PrevRays=  1281 ResultRays=  1297 RayPairs=     95930 NewAxiom=25 PrevAxioms=6,9,10,11,12,13,14,17,18,20,22,26,27,28,29,33,36,41,45,49,50,55,57,65,72,73,19,21,37,69,77,35,51,34,38,43,42,61,75,30,54,52,78,59,58,67,63,62,60,66,53,74,46,70,+25 MissingAxioms=0,1,2,3,4,5,7,8,15,16,23,24,31,32,39,40,44,47,48,56,64,68,71,76,79 TotalTime=0.2
Step=55 PrevRays=  1346 ResultRays=  1297 RayPairs=    155916 NewAxiom=26 PrevAxioms=6,9,10,11,12,13,14,17,18,20,22,25,28,29,33,34,36,41,45,49,50,55,57,65,72,73,19,21,37,69,77,27,59,61,30,67,75,53,43,74,70,38,42,51,58,62,60,35,66,52,54,63,46,78,+26 MissingAxioms=0,1,2,3,4,5,7,8,15,16,23,24,31,32,39,40,44,47,48,56,64,68,71,76,79 TotalTime=0.2
Step=55 PrevRays=  1290 ResultRays=  1297 RayPairs=    105924 NewAxiom=27 PrevAxioms=6,9,10,11,12,13,14,17,18,20,22,25,26,28,29,33,36,41,45,49,50,55,57,65,72,73,19,21,37,69,77,35,51,43,53,38,42,61,75,70,74,30,54,52,59,58,67,63,62,66,78,34,60,46,+27 MissingAxioms=0,1,2,3,4,5,7,8,15,16,23,24,31,32,39,40,44,47,48,56,64,68,71,76,79 TotalTime=0.2
Step=55 PrevRays=  1301 ResultRays=  1297 RayPairs=    139374 NewAxiom=28 PrevAxioms=6,9,10,11,12,13,14,17,18,20,22,25,26,29,30,33,36,41,45,49,50,55,57,65,72,73,19,21,53,54,69,77,35,38,43,51,52,27,42,70,34,59,67,66,78,74,75,61,60,62,63,37,58,46,+28 MissingAxioms=0,1,2,3,4,5,7,8,15,16,23,24,31,32,39,40,44,47,48,56,64,68,71,76,79 TotalTime=0.2
Step=55 PrevRays=  1244 ResultRays=  1297 RayPairs=     98826 NewAxiom=29 PrevAxioms=6,9,10,11,12,13,14,17,18,20,22,25,26,28,33,36,37,41,45,49,50,55,57,65,72,73,19,21,61,69,75,27,77,30,54,59,38,67,51,66,46,58,35,34,62,63,60,43,42,70,52,53,74,78,+29 MissingAxioms=0,1,2,3,4,5,7,8,15,16,23,24,31,32,39,40,44,47,48,56,64,68,71,76,79 TotalTime=0.2
Step=55 PrevRays=  1164 ResultRays=  1297 RayPairs=     70216 NewAxiom=30 PrevAxioms=6,9,10,11,12,13,14,17,18,20,22,25,26,28,29,33,36,41,45,49,50,55,57,65,72,73,19,21,37,69,77,27,59,61,53,67,38,70,51,66,75,74,58,43,42,54,52,35,78,63,62,34,60,46,+30 MissingAxioms=0,1,2,3,4,5,7,8,15,16,23,24,31,32,39,40,44,47,48,56,64,68,71,76,79 TotalTime=0.2
Step=55 PrevRays=  1281 ResultRays=  1297 RayPairs=     95930 NewAxiom=33 PrevAxioms=6,9,10,11,12,13,14,17,18,20,22,25,26,28,29,34,36,41,45,49,50,55,57,65,72,73,19,21,37,69,77,27,59,35,67,30,53,43,38,42,54,52,51,58,62,63,60,66,70,61,75,74,46,78,+33 MissingAxioms=0,1,2,3,4,5,7,8,15,16,23,24,31,32,39,40,44,47,48,56,64,68,71,76,79 TotalTime=0.2
Step=55 PrevRays=  1346 ResultRays=  1297 RayPairs=    155916 NewAxiom=34 PrevAxioms=6,9,10,11,12,13,14,17,18,20,22,25,26,28,29,33,36,41,45,49,50,55,57,65,72,73,19,21,37,69,77,27,59,61,30,54,67,75,53,43,52,74,70,42,38,51,58,35,63,62,66,46,60,78,+34 MissingAxioms=0,1,2,3,4,5,7,8,15,16,23,24,31,32,39,40,44,47,48,56,64,68,71,76,79 TotalTime=0.2
Step=55 PrevRays=  1290 ResultRays=  1297 RayPairs=    105924 NewAxiom=35 PrevAxioms=6,9,10,11,12,13,14,17,18,20,22,25,26,28,29,33,36,41,45,49,50,55,57,65,72,73,19,21,37,69,77,27,59,61,30,54,67,75,53,43,52,74,70,42,38,51,58,63,62,66,34,60,46,78,+35 MissingAxioms=0,1,2,3,4,5,7,8,15,16,23,24,31,32,39,40,44,47,48,56,64,68,71,76,79 TotalTime=0.2
Step=55 PrevRays=  1301 ResultRays=  1297 RayPairs=    139374 NewAxiom=36 PrevAxioms=6,9,10,11,12,13,14,17,18,20,22,25,26,28,29,33,37,41,45,49,50,55,57,65,72,73,19,21,53,61,69,75,74,27,30,54,59,77,67,52,60,46,35,34,43,66,51,62,63,38,58,42,70,78,+36 MissingAxioms=0,1,2,3,4,5,7,8,15,16,23,24,31,32,39,40,44,47,48,56,64,68,71,76,79 TotalTime=0.2
Step=55 PrevRays=  1244 ResultRays=  1297 RayPairs=     98826 NewAxiom=37 PrevAxioms=6,9,10,11,12,13,14,17,18,20,22,25,26,28,29,33,36,41,45,49,50,55,57,65,72,73,19,21,53,69,77,35,30,54,43,27,38,42,51,46,59,58,67,52,66,34,62,63,60,61,75,74,70,78,+37 MissingAxioms=0,1,2,3,4,5,7,8,15,16,23,24,31,32,39,40,44,47,48,56,64,68,71,76,79 TotalTime=0.2
Step=55 PrevRays=  1164 ResultRays=  1297 RayPairs=     70216 NewAxiom=38 PrevAxioms=6,9,10,11,12,13,14,17,18,20,22,25,26,28,29,33,36,41,45,49,50,55,57,65,72,73,19,21,37,69,77,27,59,61,30,54,67,75,53,43,52,74,70,42,51,58,35,63,62,66,60,46,34,78,+38 MissingAxioms=0,1,2,3,4,5,7,8,15,16,23,24,31,32,39,40,44,47,48,56,64,68,71,76,79 TotalTime=0.2
Step=55 PrevRays=  1271 ResultRays=  1297 RayPairs=    103320 NewAxiom=41 PrevAxioms=6,9,10,11,12,13,14,17,18,20,22,25,26,28,29,33,36,42,45,49,50,55,57,65,72,73,19,21,37,27,43,59,67,75,61,30,54,53,69,77,52,74,70,38,51,58,35,63,62,66,34,60,78,46,+41 MissingAxioms=0,1,2,3,4,5,7,8,15,16,23,24,31,32,39,40,44,47,48,56,64,68,71,76,79 TotalTime=0.2
Step=55 PrevRays=  1271 ResultRays=  1297 RayPairs=    103320 NewAxiom=42 PrevAxioms=6,9,10,11,12,13,14,17,18,20,22,25,26,28,29,33,36,41,45,49,50,55,57,65,72,73,19,21,37,69,77,27,59,61,30,54,67,75,53,43,52,74,70,38,51,58,35,63,62,34,66,60,46,78,+42 MissingAxioms=0,1,2,3,4,5,7,8,15,16,23,24,31,32,39,40,44,47,48,56,64,68,71,76,79 TotalTime=0.2
Step=55 PrevRays=  1386 ResultRays=  1297 RayPairs=    135468 NewAxiom=43 PrevAxioms=6,9,10,11,12,13,14,17,18,20,22,25,26,28,29,33,36,41,45,49,50,55,57,65,72,73,19,21,37,69,77,27,59,61,30,54,67,75,53,52,35,74,70,60,63,62,34,51,38,66,78,58,42,46,+43 MissingAxioms=0,1,2,3,4,5,7,8,15,16,23,24,31,32,39,40,44,47,48,56,64,68,71,76,79 TotalTime=0.2
Step=55 PrevRays=  1243 ResultRays=  1297 RayPairs=    134023 NewAxiom=45 PrevAxioms=6,9,10,11,12,13,14,17,18,20,22,25,26,28,29,33,36,41,46,49,50,55,57,65,72,73,19,21,37,27,59,67,75,61,30,54,53,43,52,74,35,42,78,60,62,63,66,70,34,38,58,51,69,77,+45 MissingAxioms=0,1,2,3,4,5,7,8,15,16,23,24,31,32,39,40,44,47,48,56,64,68,71,76,79 TotalTime=0.1
Step=55 PrevRays=  1243 ResultRays=  1297 RayPairs=    134023 NewAxiom=46 PrevAxioms=6,9,10,11,12,13,14,17,18,20,22,25,26,28,29,33,36,41,45,49,50,55,57,65,72,73,19,21,37,69,77,27,59,61,30,54,67,75,53,43,52,74,70,42,38,51,58,35,63,62,66,34,60,78,+46 MissingAxioms=0,1,2,3,4,5,7,8,15,16,23,24,31,32,39,40,44,47,48,56,64,68,71,76,79 TotalTime=0.2
Step=55 PrevRays=  1251 ResultRays=  1297 RayPairs=     82584 NewAxiom=49 PrevAxioms=6,9,10,11,12,13,14,17,18,20,22,25,26,28,29,33,36,41,45,50,51,55,57,65,72,73,19,21,37,69,77,27,59,58,75,30,54,67,61,52,43,74,70,42,38,53,60,63,62,35,66,78,34,46,+49 MissingAxioms=0,1,2,3,4,5,7,8,15,16,23,24,31,32,39,40,44,47,48,56,64,68,71,76,79 TotalTime=0.2
Step=55 PrevRays=  1233 ResultRays=  1297 RayPairs=    121303 NewAxiom=50 PrevAxioms=6,9,10,11,12,13,14,17,18,20,22,25,26,28,29,33,36,41,45,49,52,55,57,65,72,73,19,21,37,69,77,27,59,61,30,67,75,53,54,43,74,38,42,51,66,58,35,70,62,63,34,46,60,78,+50 MissingAxioms=0,1,2,3,4,5,7,8,15,16,23,24,31,32,39,40,44,47,48,56,64,68,71,76,79 TotalTime=0.2
Step=55 PrevRays=  1326 ResultRays=  1297 RayPairs=    143922 NewAxiom=51 PrevAxioms=6,9,10,11,12,13,14,17,18,20,22,25,26,28,29,33,36,41,45,49,50,55,57,65,72,73,19,21,37,69,77,27,59,61,30,54,67,75,53,43,52,74,70,42,38,58,35,63,62,34,66,78,60,46,+51 MissingAxioms=0,1,2,3,4,5,7,8,15,16,23,24,31,32,39,40,44,47,48,56,64,68,71,76,79 TotalTime=0.2
Step=55 PrevRays=  1233 ResultRays=  1297 RayPairs=    121303 NewAxiom=52 PrevAxioms=6,9,10,11,12,13,14,17,18,20,22,25,26,28,29,33,36,41,45,49,50,55,57,65,72,73,19,21,37,69,77,27,59,61,30,54,67,75,53,43,74,70,38,42,51,58,35,63,62,60,66,78,34,46,+52 MissingAxioms=0,1,2,3,4,5,7,8,15,16,23,24,31,32,39,40,44,47,48,56,64,68,71,76,79 TotalTime=0.2
Step=55 PrevRays=  1326 ResultRays=  1297 RayPairs=    143922 NewAxiom=53 PrevAxioms=6,9,10,11,12,13,14,17,18,20,22,25,26,28,29,33,36,41,45,49,50,55,57,65,72,73,19,21,37,69,77,27,59,61,30,54,67,75,51,38,66,52,74,58,43,42,70,35,78,63,62,34,60,46,+53 MissingAxioms=0,1,2,3,4,5,7,8,15,16,23,24,31,32,39,40,44,47,48,56,64,68,71,76,79 TotalTime=0.2
Step=55 PrevRays=  1346 ResultRays=  1297 RayPairs=     83611 NewAxiom=54 PrevAxioms=6,9,10,11,12,13,14,17,18,20,22,25,26,28,29,33,36,41,45,49,50,55,57,65,72,73,19,21,37,69,77,27,59,61,30,67,75,53,43,52,74,70,42,38,51,58,35,66,78,63,62,34,60,46,+54 MissingAxioms=0,1,2,3,4,5,7,8,15,16,23,24,31,32,39,40,44,47,48,56,64,68,71,76,79 TotalTime=0.2
Step=55 PrevRays=   973 ResultRays=  1297 RayPairs=     49062 NewAxiom=55 PrevAxioms=6,9,10,11,12,13,14,17,18,20,22,25,26,28,29,33,36,41,45,49,50,57,63,65,72,73,19,21,37,69,77,27,59,61,30,54,67,75,53,43,52,74,70,42,38,51,58,35,66,78,62,34,60,46,+55 MissingAxioms=0,1,2,3,4,5,7,8,15,16,23,24,31,32,39,40,44,47,48,56,64,68,71,76,79 TotalTime=0.1
Step=55 PrevRays=  1251 ResultRays=  1297 RayPairs=     82584 NewAxiom=57 PrevAxioms=6,9,10,11,12,13,14,17,18,20,22,25,26,28,29,33,36,41,45,49,50,55,58,65,72,73,19,21,37,69,77,27,35,43,30,54,75,42,53,52,70,74,38,51,59,61,67,63,62,66,46,34,60,78,+57 MissingAxioms=0,1,2,3,4,5,7,8,15,16,23,24,31,32,39,40,44,47,48,56,64,68,71,76,79 TotalTime=0.2
Step=55 PrevRays=  1233 ResultRays=  1297 RayPairs=    121303 NewAxiom=58 PrevAxioms=6,9,10,11,12,13,14,17,18,20,22,25,26,28,29,33,36,41,45,49,50,55,57,65,72,73,19,21,37,69,77,27,59,61,30,54,67,75,53,43,52,74,70,42,38,51,66,35,60,62,63,78,34,46,+58 MissingAxioms=0,1,2,3,4,5,7,8,15,16,23,24,31,32,39,40,44,47,48,56,64,68,71,76,79 TotalTime=0.2
Step=55 PrevRays=  1326 ResultRays=  1297 RayPairs=    143922 NewAxiom=59 PrevAxioms=6,9,10,11,12,13,14,17,18,20,22,25,26,28,29,33,36,41,45,49,50,55,57,65,72,73,19,21,37,69,77,27,61,67,75,30,54,53,43,52,35,60,62,63,42,34,51,66,38,58,74,78,46,70,+59 MissingAxioms=0,1,2,3,4,5,7,8,15,16,23,24,31,32,39,40,44,47,48,56,64,68,71,76,79 TotalTime=0.2
Step=55 PrevRays=  1233 ResultRays=  1297 RayPairs=    121303 NewAxiom=60 PrevAxioms=6,9,10,11,12,13,14,17,18,20,22,25,26,28,29,33,36,41,45,49,50,55,57,65,72,73,19,21,37,69,77,27,59,61,30,54,67,75,53,43,52,74,70,42,38,51,58,35,63,62,66,34,46,78,+60 MissingAxioms=0,1,2,3,4,5,7,8,15,16,23,24,31,32,39,40,44,47,48,56,64,68,71,76,79 TotalTime=0.2
Step=55 PrevRays=  1326 ResultRays=  1297 RayPairs=    143922 NewAxiom=61 PrevAxioms=6,9,10,11,12,13,14,17,18,20,22,25,26,28,29,33,36,41,45,49,50,55,57,65,72,73,19,21,37,69,77,27,59,67,75,30,54,53,43,52,74,70,42,35,38,51,58,63,62,66,34,60,46,78,+61 MissingAxioms=0,1,2,3,4,5,7,8,15,16,23,24,31,32,39,40,44,47,48,56,64,68,71,76,79 TotalTime=0.2
Step=55 PrevRays=  1346 ResultRays=  1297 RayPairs=     83611 NewAxiom=62 PrevAxioms=6,9,10,11,12,13,14,17,18,20,22,25,26,28,29,33,36,41,45,49,50,55,57,65,72,73,19,21,37,69,77,27,59,61,30,54,67,75,53,43,52,74,70,42,38,51,58,35,63,66,78,60,46,34,+62 MissingAxioms=0,1,2,3,4,5,7,8,15,16,23,24,31,32,39,40,44,47,48,56,64,68,71,76,79 TotalTime=0.2
Step=55 PrevRays=   973 ResultRays=  1297 RayPairs=     49062 NewAxiom=63 PrevAxioms=6,9,10,11,12,13,14,17,18,20,22,25,26,28,29,33,36,41,45,49,50,55,57,65,72,73,19,21,37,69,77,27,59,61,30,54,67,75,53,43,52,74,70,42,38,51,58,35,66,78,62,34,60,46,+63 MissingAxioms=0,1,2,3,4,5,7,8,15,16,23,24,31,32,39,40,44,47,48,56,64,68,71,76,79 TotalTime=0.1
Step=55 PrevRays=  1187 ResultRays=  1297 RayPairs=     75000 NewAxiom=65 PrevAxioms=6,9,10,11,12,13,14,17,18,20,22,25,26,28,29,33,36,41,45,49,50,55,57,66,72,73,19,21,37,77,27,59,61,30,54,75,53,43,52,74,38,42,51,58,67,35,46,70,78,60,62,63,34,69,+65 MissingAxioms=0,1,2,3,4,5,7,8,15,16,23,24,31,32,39,40,44,47,48,56,64,68,71,76,79 TotalTime=0.2
Step=55 PrevRays=  1187 ResultRays=  1297 RayPairs=     75000 NewAxiom=66 PrevAxioms=6,9,10,11,12,13,14,17,18,20,22,25,26,28,29,33,36,41,45,49,50,55,57,65,72,73,19,21,37,69,77,27,59,61,30,54,67,75,53,43,52,74,70,42,38,51,58,35,63,62,34,60,46,78,+66 MissingAxioms=0,1,2,3,4,5,7,8,15,16,23,24,31,32,39,40,44,47,48,56,64,68,71,76,79 TotalTime=0.2
Step=55 PrevRays=  1356 ResultRays=  1297 RayPairs=    130562 NewAxiom=67 PrevAxioms=6,9,10,11,12,13,14,17,18,20,22,25,26,28,29,33,36,41,45,49,50,55,57,65,72,73,19,21,37,69,77,27,59,61,30,54,75,53,43,52,74,70,42,38,51,58,35,63,62,34,46,66,78,60,+67 MissingAxioms=0,1,2,3,4,5,7,8,15,16,23,24,31,32,39,40,44,47,48,56,64,68,71,76,79 TotalTime=0.2
Step=55 PrevRays=  1289 ResultRays=  1297 RayPairs=    157872 NewAxiom=69 PrevAxioms=6,9,10,11,12,13,14,17,18,20,22,25,26,28,29,33,36,41,45,49,50,55,57,65,72,73,19,21,37,77,27,59,67,61,30,54,75,53,43,52,74,38,42,51,58,66,35,60,62,63,78,70,34,46,+69 MissingAxioms=0,1,2,3,4,5,7,8,15,16,23,24,31,32,39,40,44,47,48,56,64,68,71,76,79 TotalTime=0.2
Step=55 PrevRays=  1289 ResultRays=  1297 RayPairs=    157872 NewAxiom=70 PrevAxioms=6,9,10,11,12,13,14,17,18,20,22,25,26,28,29,33,36,41,45,49,50,55,57,65,72,73,19,21,37,69,77,27,59,61,30,54,67,75,53,43,52,74,38,42,51,58,35,66,46,78,60,62,63,34,+70 MissingAxioms=0,1,2,3,4,5,7,8,15,16,23,24,31,32,39,40,44,47,48,56,64,68,71,76,79 TotalTime=0.1
! VaryAxiom=72 NoInitialAxiomSet
Step=55 PrevRays=  1187 ResultRays=  1297 RayPairs=     75000 NewAxiom=73 PrevAxioms=6,9,10,11,12,13,14,17,18,20,22,25,26,28,29,33,36,41,45,49,50,55,57,65,72,74,19,21,37,69,27,59,61,30,54,67,53,75,43,52,35,70,60,62,63,42,34,66,51,38,58,78,46,77,+73 MissingAxioms=0,1,2,3,4,5,7,8,15,16,23,24,31,32,39,40,44,47,48,56,64,68,71,76,79 TotalTime=0.2
Step=55 PrevRays=  1187 ResultRays=  1297 RayPairs=     75000 NewAxiom=74 PrevAxioms=6,9,10,11,12,13,14,17,18,20,22,25,26,28,29,33,36,41,45,49,50,55,57,65,72,73,19,21,37,69,77,27,59,61,30,54,67,75,53,43,52,35,70,42,60,62,63,34,38,58,51,66,46,78,+74 MissingAxioms=0,1,2,3,4,5,7,8,15,16,23,24,31,32,39,40,44,47,48,56,64,68,71,76,79 TotalTime=0.1
Step=55 PrevRays=  1356 ResultRays=  1297 RayPairs=    130562 NewAxiom=75 PrevAxioms=6,9,10,11,12,13,14,17,18,20,22,25,26,28,29,33,36,41,45,49,50,55,57,65,72,73,19,21,37,69,77,27,59,61,30,54,67,53,43,52,35,70,60,62,63,42,34,38,58,51,66,46,74,78,+75 MissingAxioms=0,1,2,3,4,5,7,8,15,16,23,24,31,32,39,40,44,47,48,56,64,68,71,76,79 TotalTime=0.2
Step=55 PrevRays=  1289 ResultRays=  1297 RayPairs=    157872 NewAxiom=77 PrevAxioms=6,9,10,11,12,13,14,17,18,20,22,25,26,28,29,33,36,41,45,49,50,55,57,65,72,73,19,21,37,69,27,59,75,61,30,54,67,53,43,52,74,35,70,60,62,63,42,34,66,51,38,58,78,46,+77 MissingAxioms=0,1,2,3,4,5,7,8,15,16,23,24,31,32,39,40,44,47,48,56,64,68,71,76,79 TotalTime=0.1
Step=55 PrevRays=  1289 ResultRays=  1297 RayPairs=    157872 NewAxiom=78 PrevAxioms=6,9,10,11,12,13,14,17,18,20,22,25,26,28,29,33,36,41,45,49,50,55,57,65,72,73,19,21,37,69,77,27,59,61,30,54,67,75,53,43,52,74,70,42,38,51,58,35,63,62,66,34,46,60,+78 MissingAxioms=0,1,2,3,4,5,7,8,15,16,23,24,31,32,39,40,44,47,48,56,64,68,71,76,79 TotalTime=0.2

Ordered by number of ray pairs:
Step=55 #########..................... (min) Axiom55 04(1,2,3) - g3 f(0,1,2,3,4) >= f(1,2,3)
Step=55 #########..................... (min) Axiom63 14(0,2,3) - g3 f(0,1,2,3,4) >= f(0,2,3)
Step=55 #############................. Axiom14 02(3,4) - g2 f(0,3,4) + f(2,3,4) >= f(0,1,2,3,4) + f(3,4)
Step=55 #############................. Axiom22 12(3,4) - g2 f(1,3,4) + f(2,3,4) >= f(0,1,2,3,4) + f(3,4)
Step=55 #############................. Axiom30 03(2,4) - g2 f(0,2,4) + f(2,3,4) >= f(0,1,2,3,4) + f(2,4)
Step=55 #############................. Axiom38 13(2,4) - g2 f(1,2,4) + f(2,3,4) >= f(0,1,2,3,4) + f(2,4)
Step=55 ##############................ Axiom65 24(0) - g1 f(0,2) + f(0,4) >= f(0) + f(0,2,4)
Step=55 ##############................ Axiom66 24(1) - g1 f(1,2) + f(1,4) >= f(1) + f(1,2,4)
Step=55 ##############................ Axiom73 34(0) - g1 f(0,3) + f(0,4) >= f(0) + f(0,3,4)
Step=55 ##############................ Axiom74 34(1) - g1 f(1,3) + f(1,4) >= f(1) + f(1,3,4)
Step=55 ################.............. Axiom49 04(1) - g1 f(0,1) + f(1,4) >= f(1) + f(0,1,4)
Step=55 ################.............. Axiom57 14(0) - g1 f(0,1) + f(0,4) >= f(0) + f(0,1,4)
Step=55 ################.............. Axiom54 04(2,3) - g2 f(0,2,3) + f(2,3,4) >= f(2,3) + f(0,1,2,3,4)
Step=55 ################.............. Axiom62 14(2,3) - g2 f(1,2,3) + f(2,3,4) >= f(2,3) + f(0,1,2,3,4)
Step=55 ##################............ Axiom9 02(1) - g1 f(0,1) + f(1,2) >= f(1) + f(0,1,2)
Step=55 ##################............ Axiom17 12(0) - g1 f(0,1) + f(0,2) >= f(0) + f(0,1,2)
Step=55 ##################............ Axiom25 03(1) - g1 f(0,1) + f(1,3) >= f(1) + f(0,1,3)
Step=55 ##################............ Axiom33 13(0) - g1 f(0,1) + f(0,3) >= f(0) + f(0,1,3)
Step=55 ###################........... Axiom13 02(1,4) - g2 f(0,1,4) + f(1,2,4) >= f(0,1,2,3,4) + f(1,4)
Step=55 ###################........... Axiom21 12(0,4) - g2 f(0,1,4) + f(0,2,4) >= f(0,1,2,3,4) + f(0,4)
Step=55 ###################........... Axiom29 03(1,4) - g2 f(0,1,4) + f(1,3,4) >= f(0,1,2,3,4) + f(1,4)
Step=55 ###################........... Axiom37 13(0,4) - g2 f(0,1,4) + f(0,3,4) >= f(0,1,2,3,4) + f(0,4)
Step=55 ####################.......... Axiom41 23(0) - g1 f(0,2) + f(0,3) >= f(0) + f(0,2,3)
Step=55 ####################.......... Axiom42 23(1) - g1 f(1,2) + f(1,3) >= f(1) + f(1,2,3)
Step=55 ####################.......... Axiom11 02(1,3) - g2 f(0,1,3) + f(1,2,3) >= f(1,3) + f(0,1,2,3,4)
Step=55 ####################.......... Axiom19 12(0,3) - g2 f(0,1,3) + f(0,2,3) >= f(0,3) + f(0,1,2,3,4)
Step=55 ####################.......... Axiom27 03(1,2) - g2 f(0,1,2) + f(1,2,3) >= f(1,2) + f(0,1,2,3,4)
Step=55 ####################.......... Axiom35 13(0,2) - g2 f(0,1,2) + f(0,2,3) >= f(0,2) + f(0,1,2,3,4)
Step=55 #######################....... Axiom50 04(2) - g1 f(0,2) + f(2,4) >= f(2) + f(0,2,4)
Step=55 #######################....... Axiom52 04(3) - g1 f(0,3) + f(3,4) >= f(3) + f(0,3,4)
Step=55 #######################....... Axiom58 14(2) - g1 f(1,2) + f(2,4) >= f(2) + f(1,2,4)
Step=55 #######################....... Axiom60 14(3) - g1 f(1,3) + f(3,4) >= f(3) + f(1,3,4)
Step=55 #########################..... Axiom67 24(0,1) - g2 f(0,1,2) + f(0,1,4) >= f(0,1) + f(0,1,2,3,4)
Step=55 #########################..... Axiom75 34(0,1) - g2 f(0,1,3) + f(0,1,4) >= f(0,1) + f(0,1,2,3,4)
Step=55 #########################..... Axiom45 23(0,4) - g2 f(0,2,4) + f(0,3,4) >= f(0,1,2,3,4) + f(0,4)
Step=55 #########################..... Axiom46 23(1,4) - g2 f(1,2,4) + f(1,3,4) >= f(0,1,2,3,4) + f(1,4)
Step=55 ##########################.... Axiom43 23(0,1) - g2 f(0,1,2) + f(0,1,3) >= f(0,1) + f(0,1,2,3,4)
Step=55 ##########################.... Axiom12 02(4) - g1 f(0,4) + f(2,4) >= f(4) + f(0,2,4)
Step=55 ##########################.... Axiom20 12(4) - g1 f(1,4) + f(2,4) >= f(4) + f(1,2,4)
Step=55 ##########################.... Axiom28 03(4) - g1 f(0,4) + f(3,4) >= f(4) + f(0,3,4)
Step=55 ##########################.... Axiom36 13(4) - g1 f(1,4) + f(3,4) >= f(4) + f(1,3,4)
Step=55 ###########################... Axiom51 04(1,2) - g2 f(0,1,2) + f(1,2,4) >= f(1,2) + f(0,1,2,3,4)
Step=55 ###########################... Axiom53 04(1,3) - g2 f(0,1,3) + f(1,3,4) >= f(1,3) + f(0,1,2,3,4)
Step=55 ###########################... Axiom59 14(0,2) - g2 f(0,1,2) + f(0,2,4) >= f(0,2) + f(0,1,2,3,4)
Step=55 ###########################... Axiom61 14(0,3) - g2 f(0,1,3) + f(0,3,4) >= f(0,3) + f(0,1,2,3,4)
Step=55 ############################## Axiom10 02(3) - g1 f(0,3) + f(2,3) >= f(3) + f(0,2,3)
Step=55 ############################## Axiom18 12(3) - g1 f(1,3) + f(2,3) >= f(3) + f(1,2,3)
Step=55 ############################## Axiom26 03(2) - g1 f(0,2) + f(2,3) >= f(2) + f(0,2,3)
Step=55 ############################## Axiom34 13(2) - g1 f(1,2) + f(2,3) >= f(2) + f(1,2,3)
Step=55 ############################## Axiom69 24(0,3) - g2 f(0,2,3) + f(0,3,4) >= f(0,3) + f(0,1,2,3,4)
Step=55 ############################## Axiom70 24(1,3) - g2 f(1,2,3) + f(1,3,4) >= f(1,3) + f(0,1,2,3,4)
Step=55 ############################## Axiom77 34(0,2) - g2 f(0,2,3) + f(0,2,4) >= f(0,2) + f(0,1,2,3,4)
Step=55 ############################## Axiom78 34(1,2) - g2 f(1,2,3) + f(1,2,4) >= f(1,2) + f(0,1,2,3,4)

Ordered by number of previous rays:
Step=55 $$$$$$$$$$$$$$$$$$$$$......... (min) Axiom55 04(1,2,3) - g3 f(0,1,2,3,4) >= f(1,2,3)
Step=55 $$$$$$$$$$$$$$$$$$$$$......... (min) Axiom63 14(0,2,3) - g3 f(0,1,2,3,4) >= f(0,2,3)
Step=55 $$$$$$$$$$$$$$$$$$$$$$$$$..... Axiom14 02(3,4) - g2 f(0,3,4) + f(2,3,4) >= f(0,1,2,3,4) + f(3,4)
Step=55 $$$$$$$$$$$$$$$$$$$$$$$$$..... Axiom22 12(3,4) - g2 f(1,3,4) + f(2,3,4) >= f(0,1,2,3,4) + f(3,4)
Step=55 $$$$$$$$$$$$$$$$$$$$$$$$$..... Axiom30 03(2,4) - g2 f(0,2,4) + f(2,3,4) >= f(0,1,2,3,4) + f(2,4)
Step=55 $$$$$$$$$$$$$$$$$$$$$$$$$..... Axiom38 13(2,4) - g2 f(1,2,4) + f(2,3,4) >= f(0,1,2,3,4) + f(2,4)
Step=55 $$$$$$$$$$$$$$$$$$$$$$$$$$.... Axiom65 24(0) - g1 f(0,2) + f(0,4) >= f(0) + f(0,2,4)
Step=55 $$$$$$$$$$$$$$$$$$$$$$$$$$.... Axiom66 24(1) - g1 f(1,2) + f(1,4) >= f(1) + f(1,2,4)
Step=55 $$$$$$$$$$$$$$$$$$$$$$$$$$.... Axiom73 34(0) - g1 f(0,3) + f(0,4) >= f(0) + f(0,3,4)
Step=55 $$$$$$$$$$$$$$$$$$$$$$$$$$.... Axiom74 34(1) - g1 f(1,3) + f(1,4) >= f(1) + f(1,3,4)
Step=55 $$$$$$$$$$$$$$$$$$$$$$$$$$$... Axiom50 04(2) - g1 f(0,2) + f(2,4) >= f(2) + f(0,2,4)
Step=55 $$$$$$$$$$$$$$$$$$$$$$$$$$$... Axiom52 04(3) - g1 f(0,3) + f(3,4) >= f(3) + f(0,3,4)
Step=55 $$$$$$$$$$$$$$$$$$$$$$$$$$$... Axiom58 14(2) - g1 f(1,2) + f(2,4) >= f(2) + f(1,2,4)
Step=55 $$$$$$$$$$$$$$$$$$$$$$$$$$$... Axiom60 14(3) - g1 f(1,3) + f(3,4) >= f(3) + f(1,3,4)
Step=55 $$$$$$$$$$$$$$$$$$$$$$$$$$$... Axiom45 23(0,4) - g2 f(0,2,4) + f(0,3,4) >= f(0,1,2,3,4) + f(0,4)
Step=55 $$$$$$$$$$$$$$$$$$$$$$$$$$$... Axiom46 23(1,4) - g2 f(1,2,4) + f(1,3,4) >= f(0,1,2,3,4) + f(1,4)
Step=55 $$$$$$$$$$$$$$$$$$$$$$$$$$$... Axiom13 02(1,4) - g2 f(0,1,4) + f(1,2,4) >= f(0,1,2,3,4) + f(1,4)
Step=55 $$$$$$$$$$$$$$$$$$$$$$$$$$$... Axiom21 12(0,4) - g2 f(0,1,4) + f(0,2,4) >= f(0,1,2,3,4) + f(0,4)
Step=55 $$$$$$$$$$$$$$$$$$$$$$$$$$$... Axiom29 03(1,4) - g2 f(0,1,4) + f(1,3,4) >= f(0,1,2,3,4) + f(1,4)
Step=55 $$$$$$$$$$$$$$$$$$$$$$$$$$$... Axiom37 13(0,4) - g2 f(0,1,4) + f(0,3,4) >= f(0,1,2,3,4) + f(0,4)
Step=55 $$$$$$$$$$$$$$$$$$$$$$$$$$$... Axiom49 04(1) - g1 f(0,1) + f(1,4) >= f(1) + f(0,1,4)
Step=55 $$$$$$$$$$$$$$$$$$$$$$$$$$$... Axiom57 14(0) - g1 f(0,1) + f(0,4) >= f(0) + f(0,1,4)
Step=55 $$$$$$$$$$$$$$$$$$$$$$$$$$$$.. Axiom41 23(0) - g1 f(0,2) + f(0,3) >= f(0) + f(0,2,3)
Step=55 $$$$$$$$$$$$$$$$$$$$$$$$$$$$.. Axiom42 23(1) - g1 f(1,2) + f(1,3) >= f(1) + f(1,2,3)
Step=55 $$$$$$$$$$$$$$$$$$$$$$$$$$$$.. Axiom9 02(1) - g1 f(0,1) + f(1,2) >= f(1) + f(0,1,2)
Step=55 $$$$$$$$$$$$$$$$$$$$$$$$$$$$.. Axiom17 12(0) - g1 f(0,1) + f(0,2) >= f(0) + f(0,1,2)
Step=55 $$$$$$$$$$$$$$$$$$$$$$$$$$$$.. Axiom25 03(1) - g1 f(0,1) + f(1,3) >= f(1) + f(0,1,3)
Step=55 $$$$$$$$$$$$$$$$$$$$$$$$$$$$.. Axiom33 13(0) - g1 f(0,1) + f(0,3) >= f(0) + f(0,1,3)
Step=55 $$$$$$$$$$$$$$$$$$$$$$$$$$$$.. Axiom69 24(0,3) - g2 f(0,2,3) + f(0,3,4) >= f(0,3) + f(0,1,2,3,4)
Step=55 $$$$$$$$$$$$$$$$$$$$$$$$$$$$.. Axiom70 24(1,3) - g2 f(1,2,3) + f(1,3,4) >= f(1,3) + f(0,1,2,3,4)
Step=55 $$$$$$$$$$$$$$$$$$$$$$$$$$$$.. Axiom77 34(0,2) - g2 f(0,2,3) + f(0,2,4) >= f(0,2) + f(0,1,2,3,4)
Step=55 $$$$$$$$$$$$$$$$$$$$$$$$$$$$.. Axiom78 34(1,2) - g2 f(1,2,3) + f(1,2,4) >= f(1,2) + f(0,1,2,3,4)
Step=55 $$$$$$$$$$$$$$$$$$$$$$$$$$$$.. Axiom11 02(1,3) - g2 f(0,1,3) + f(1,2,3) >= f(1,3) + f(0,1,2,3,4)
Step=55 $$$$$$$$$$$$$$$$$$$$$$$$$$$$.. Axiom19 12(0,3) - g2 f(0,1,3) + f(0,2,3) >= f(0,3) + f(0,1,2,3,4)
Step=55 $$$$$$$$$$$$$$$$$$$$$$$$$$$$.. Axiom27 03(1,2) - g2 f(0,1,2) + f(1,2,3) >= f(1,2) + f(0,1,2,3,4)
Step=55 $$$$$$$$$$$$$$$$$$$$$$$$$$$$.. Axiom35 13(0,2) - g2 f(0,1,2) + f(0,2,3) >= f(0,2) + f(0,1,2,3,4)
Step=55 $$$$$$$$$$$$$$$$$$$$$$$$$$$$.. Axiom12 02(4) - g1 f(0,4) + f(2,4) >= f(4) + f(0,2,4)
Step=55 $$$$$$$$$$$$$$$$$$$$$$$$$$$$.. Axiom20 12(4) - g1 f(1,4) + f(2,4) >= f(4) + f(1,2,4)
Step=55 $$$$$$$$$$$$$$$$$$$$$$$$$$$$.. Axiom28 03(4) - g1 f(0,4) + f(3,4) >= f(4) + f(0,3,4)
Step=55 $$$$$$$$$$$$$$$$$$$$$$$$$$$$.. Axiom36 13(4) - g1 f(1,4) + f(3,4) >= f(4) + f(1,3,4)
Step=55 $$$$$$$$$$$$$$$$$$$$$$$$$$$$$. Axiom51 04(1,2) - g2 f(0,1,2) + f(1,2,4) >= f(1,2) + f(0,1,2,3,4)
Step=55 $$$$$$$$$$$$$$$$$$$$$$$$$$$$$. Axiom53 04(1,3) - g2 f(0,1,3) + f(1,3,4) >= f(1,3) + f(0,1,2,3,4)
Step=55 $$$$$$$$$$$$$$$$$$$$$$$$$$$$$. Axiom59 14(0,2) - g2 f(0,1,2) + f(0,2,4) >= f(0,2) + f(0,1,2,3,4)
Step=55 $$$$$$$$$$$$$$$$$$$$$$$$$$$$$. Axiom61 14(0,3) - g2 f(0,1,3) + f(0,3,4) >= f(0,3) + f(0,1,2,3,4)
Step=55 $$$$$$$$$$$$$$$$$$$$$$$$$$$$$. Axiom10 02(3) - g1 f(0,3) + f(2,3) >= f(3) + f(0,2,3)
Step=55 $$$$$$$$$$$$$$$$$$$$$$$$$$$$$. Axiom18 12(3) - g1 f(1,3) + f(2,3) >= f(3) + f(1,2,3)
Step=55 $$$$$$$$$$$$$$$$$$$$$$$$$$$$$. Axiom26 03(2) - g1 f(0,2) + f(2,3) >= f(2) + f(0,2,3)
Step=55 $$$$$$$$$$$$$$$$$$$$$$$$$$$$$. Axiom34 13(2) - g1 f(1,2) + f(2,3) >= f(2) + f(1,2,3)
Step=55 $$$$$$$$$$$$$$$$$$$$$$$$$$$$$. Axiom54 04(2,3) - g2 f(0,2,3) + f(2,3,4) >= f(2,3) + f(0,1,2,3,4)
Step=55 $$$$$$$$$$$$$$$$$$$$$$$$$$$$$. Axiom62 14(2,3) - g2 f(1,2,3) + f(2,3,4) >= f(2,3) + f(0,1,2,3,4)
Step=55 $$$$$$$$$$$$$$$$$$$$$$$$$$$$$. Axiom67 24(0,1) - g2 f(0,1,2) + f(0,1,4) >= f(0,1) + f(0,1,2,3,4)
Step=55 $$$$$$$$$$$$$$$$$$$$$$$$$$$$$. Axiom75 34(0,1) - g2 f(0,1,3) + f(0,1,4) >= f(0,1) + f(0,1,2,3,4)
Step=55 $$$$$$$$$$$$$$$$$$$$$$$$$$$$$$ Axiom43 23(0,1) - g2 f(0,1,2) + f(0,1,3) >= f(0,1) + f(0,1,2,3,4)
