Step=79 PrevRays=105687 ResultRays=111712 RayPairs=1280588688 NewAxiom=1 PrevAxioms=2,3,4,5,6,7,8,9,10,12,14,16,18,20,22,24,25,28,32,36,40,44,48,56,64,72,11,13,15,17,19,21,23,33,68,76,52,37,73,35,29,39,41,30,43,42,38,31,26,69,54,55,70,75,65,47,60,62,63,53,74,49,57,45,77,27,79,59,34,50,67,71,46,66,78,61,58,51,+1 MissingAxioms=0
Step=79 PrevRays=105687 ResultRays=111712 RayPairs=1280588688 NewAxiom=2 PrevAxioms=1,3,4,5,6,7,8,9,10,11,12,14,16,18,20,22,24,28,32,36,40,44,48,56,64,72,13,15,17,19,21,23,52,60,68,73,74,76,29,31,34,35,46,33,47,54,55,42,43,53,62,70,71,67,63,78,37,38,69,30,65,50,39,77,51,41,79,27,75,59,57,49,66,25,45,61,26,58,+2 MissingAxioms=0
Step=79 PrevRays=114103 ResultRays=111712 RayPairs=1562768571 NewAxiom=3 PrevAxioms=1,2,4,5,6,7,8,9,10,11,12,14,16,18,20,22,24,28,32,36,40,44,48,56,64,72,13,15,17,19,21,23,52,60,68,73,74,53,76,61,45,26,47,63,25,41,43,46,54,69,71,33,67,35,37,65,57,70,75,79,66,27,29,42,31,78,30,49,51,38,39,55,77,59,62,58,34,50,+3 MissingAxioms=0
Step=79 PrevRays=105687 ResultRays=111712 RayPairs=1280588688 NewAxiom=4 PrevAxioms=1,2,3,5,6,7,8,9,10,12,13,14,16,18,20,22,24,28,32,36,40,44,48,56,64,72,11,15,17,19,21,23,52,60,68,73,74,76,30,31,34,35,29,46,47,33,61,53,55,27,62,70,71,43,67,65,38,39,41,45,42,69,77,79,59,57,75,63,54,58,66,37,50,51,49,78,26,25,+4 MissingAxioms=0
Step=79 PrevRays=114103 ResultRays=111712 RayPairs=1562768571 NewAxiom=5 PrevAxioms=1,2,3,4,6,7,8,9,10,12,13,14,16,18,20,22,24,28,32,36,40,44,48,56,64,72,11,15,17,19,21,23,52,60,68,73,74,29,76,37,45,47,26,27,46,25,39,30,53,55,43,70,71,67,61,62,54,66,58,33,75,79,35,31,78,77,50,69,63,59,38,65,51,34,41,57,42,49,+5 MissingAxioms=0
Step=79 PrevRays=114103 ResultRays=111712 RayPairs=1562768571 NewAxiom=6 PrevAxioms=1,2,3,4,5,7,8,9,10,12,14,15,16,18,20,22,24,28,32,36,40,44,48,56,64,72,11,13,17,19,21,23,52,60,68,73,74,76,30,31,34,35,46,33,29,47,69,71,43,67,45,62,63,61,54,55,25,75,79,27,65,70,50,51,26,38,39,77,59,78,58,42,66,57,53,37,41,49,+6 MissingAxioms=0
Step=79 PrevRays=106241 ResultRays=111712 RayPairs= 970460568 NewAxiom=7 PrevAxioms=1,2,3,4,5,6,8,9,10,12,14,15,16,18,20,22,24,28,32,36,40,44,48,56,64,72,11,13,17,19,21,23,52,60,68,73,74,76,29,62,31,70,71,49,61,51,57,58,37,38,66,67,47,43,42,33,45,69,75,79,59,65,41,63,53,25,54,55,26,27,78,35,39,30,77,46,34,50,+7 MissingAxioms=0
Step=79 PrevRays=103752 ResultRays=111712 RayPairs= 944424360 NewAxiom=8 PrevAxioms=1,2,3,4,5,6,7,9,10,12,14,16,17,18,20,22,24,28,32,36,40,44,48,56,64,72,11,13,15,19,21,23,52,60,68,73,74,42,43,29,31,34,35,76,30,38,41,33,39,61,37,62,70,71,26,27,47,67,75,53,55,79,77,46,57,69,63,59,45,54,78,51,58,66,65,49,25,50,+8 MissingAxioms=0
Step=79 PrevRays=115373 ResultRays=111712 RayPairs=1691711816 NewAxiom=9 PrevAxioms=1,2,3,4,5,6,7,8,10,12,14,16,17,18,20,22,24,28,32,36,40,44,48,56,64,72,11,13,15,19,21,23,52,60,68,73,74,41,58,43,59,30,31,76,70,71,66,26,61,45,46,63,69,42,39,53,65,54,35,38,77,78,37,79,27,47,67,33,25,75,34,55,51,57,50,49,29,62,+9 MissingAxioms=0
Step=79 PrevRays=118264 ResultRays=111712 RayPairs=1707542096 NewAxiom=10 PrevAxioms=1,2,3,4,5,6,7,8,9,11,12,14,16,18,20,22,24,28,32,36,40,44,48,56,64,72,13,15,17,19,21,23,52,60,68,73,74,76,29,31,34,35,46,33,47,30,61,53,55,42,43,41,70,71,67,27,62,65,51,38,37,75,79,26,63,54,69,50,39,77,59,57,58,45,66,25,78,49,+10 MissingAxioms=0
Step=79 PrevRays=116083 ResultRays=111712 RayPairs=1605475612 NewAxiom=11 PrevAxioms=1,2,3,4,5,6,7,8,9,10,12,14,16,18,20,22,24,28,32,36,40,44,48,56,64,72,13,15,17,19,21,23,52,60,68,73,74,54,76,69,37,39,42,55,41,34,35,43,26,27,71,45,47,67,29,30,53,63,59,62,46,50,77,79,66,61,58,31,70,51,33,65,75,78,57,25,38,49,+11 MissingAxioms=0
Step=79 PrevRays=118264 ResultRays=111712 RayPairs=1707542096 NewAxiom=12 PrevAxioms=1,2,3,4,5,6,7,8,9,10,13,14,16,18,20,22,24,28,32,36,40,44,48,56,64,72,11,15,17,19,21,23,52,60,68,73,74,76,29,31,34,35,30,46,47,33,69,71,43,61,63,53,54,39,59,67,45,65,77,50,79,51,58,38,62,26,66,75,25,42,55,27,78,37,70,49,41,57,+12 MissingAxioms=0
Step=79 PrevRays=116083 ResultRays=111712 RayPairs=1605475612 NewAxiom=13 PrevAxioms=1,2,3,4,5,6,7,8,9,10,12,14,16,18,20,22,24,28,32,36,40,44,48,56,64,72,11,15,17,19,21,23,52,60,68,73,74,30,76,45,37,39,26,27,38,25,47,29,53,55,43,70,71,67,61,62,54,49,75,79,46,31,42,34,35,63,50,65,66,58,78,69,51,41,77,57,33,59,+13 MissingAxioms=0
Step=79 PrevRays=116187 ResultRays=111712 RayPairs=1679282814 NewAxiom=14 PrevAxioms=1,2,3,4,5,6,7,8,9,10,12,15,16,18,20,22,24,28,32,36,40,44,48,56,64,72,11,13,17,19,21,23,52,60,68,73,74,76,29,31,34,35,46,33,47,30,61,53,55,27,62,51,43,70,71,50,67,37,39,45,26,25,75,79,77,78,41,63,54,69,42,59,38,58,66,65,49,57,+14 MissingAxioms=0
Step=79 PrevRays=106438 ResultRays=111712 RayPairs= 962666000 NewAxiom=15 PrevAxioms=1,2,3,4,5,6,7,8,9,10,12,14,16,18,20,22,24,28,32,36,40,44,48,56,64,72,11,13,17,19,21,23,52,60,68,73,74,76,30,61,45,47,62,49,63,50,69,71,65,67,31,43,77,57,54,55,38,39,46,37,51,27,75,79,59,66,35,78,29,42,53,34,41,25,33,70,58,26,+15 MissingAxioms=0
Step=79 PrevRays=103752 ResultRays=111712 RayPairs= 944424360 NewAxiom=16 PrevAxioms=1,2,3,4,5,6,7,8,9,10,12,14,17,18,20,22,24,28,32,36,40,44,48,56,64,72,11,13,15,19,21,23,52,60,68,73,74,41,43,29,31,42,76,38,26,27,25,30,39,53,54,69,71,34,35,63,59,37,47,67,70,75,49,79,78,77,61,55,46,62,50,51,45,65,66,57,33,58,+16 MissingAxioms=0
Step=79 PrevRays=115373 ResultRays=111712 RayPairs=1691711816 NewAxiom=17 PrevAxioms=1,2,3,4,5,6,7,8,9,10,12,14,16,18,20,22,24,28,32,36,40,44,48,56,64,72,11,13,15,19,21,23,52,60,68,73,74,41,58,59,53,55,76,66,67,54,70,38,39,26,46,47,42,71,63,35,43,27,37,50,30,31,69,25,51,78,79,49,75,77,34,33,65,29,61,57,62,45,+17 MissingAxioms=0
Step=79 PrevRays=118264 ResultRays=111712 RayPairs=1707542096 NewAxiom=18 PrevAxioms=1,2,3,4,5,6,7,8,9,10,12,14,16,19,20,22,24,28,32,36,40,44,48,56,64,72,11,13,15,17,21,23,52,60,68,73,74,76,29,31,41,43,38,37,42,30,39,69,54,35,34,71,53,47,67,61,63,26,27,66,55,58,59,70,65,57,51,45,77,79,75,33,78,49,25,50,62,46,+18 MissingAxioms=0
Step=79 PrevRays=116083 ResultRays=111712 RayPairs=1605475612 NewAxiom=19 PrevAxioms=1,2,3,4,5,6,7,8,9,10,12,14,16,18,20,22,24,28,32,36,40,44,48,56,64,72,11,13,15,17,21,23,52,60,68,73,74,62,76,70,29,31,41,63,42,26,27,43,34,35,71,46,47,67,37,38,61,55,51,54,45,58,78,79,65,53,50,39,69,59,25,66,75,77,49,33,30,57,+19 MissingAxioms=0
Step=79 PrevRays=118264 ResultRays=111712 RayPairs=1707542096 NewAxiom=20 PrevAxioms=1,2,3,4,5,6,7,8,9,10,12,14,16,18,21,22,24,28,32,36,40,44,48,56,64,72,11,13,15,17,19,23,52,60,68,73,74,76,29,31,34,35,30,45,47,33,46,37,39,61,63,43,69,71,53,54,59,67,58,65,50,51,77,79,38,26,62,27,55,70,78,75,66,42,25,49,41,57,+20 MissingAxioms=0
Step=79 PrevRays=116083 ResultRays=111712 RayPairs=1605475612 NewAxiom=21 PrevAxioms=1,2,3,4,5,6,7,8,9,10,12,14,16,18,20,22,24,28,32,36,40,44,48,56,64,72,11,13,15,17,19,23,52,60,68,73,74,38,76,46,29,31,34,35,30,33,47,37,61,63,43,69,71,67,53,54,62,57,75,79,45,39,41,26,27,55,58,66,65,50,77,70,59,42,78,49,25,51,+21 MissingAxioms=0
Step=79 PrevRays=116187 ResultRays=111712 RayPairs=1679282814 NewAxiom=22 PrevAxioms=1,2,3,4,5,6,7,8,9,10,12,14,16,18,20,23,24,28,32,36,40,44,48,56,64,72,11,13,15,17,19,21,52,60,68,73,74,76,29,31,34,35,30,33,45,47,46,61,53,55,27,63,75,54,62,42,78,69,71,51,79,43,50,67,65,37,39,77,41,59,57,58,26,38,70,66,25,49,+22 MissingAxioms=0
Step=79 PrevRays=106438 ResultRays=111712 RayPairs= 962666000 NewAxiom=23 PrevAxioms=1,2,3,4,5,6,7,8,9,10,12,14,16,18,20,22,24,28,32,36,40,44,48,56,64,72,11,13,15,17,19,21,52,60,68,73,74,76,38,53,46,47,54,57,55,58,70,71,66,67,39,43,78,49,62,63,30,31,45,29,59,35,75,79,51,65,27,77,37,41,61,26,42,33,25,69,50,34,+23 MissingAxioms=0
Step=79 PrevRays=103752 ResultRays=111712 RayPairs= 944424360 NewAxiom=24 PrevAxioms=1,2,3,4,5,6,7,8,9,10,12,14,16,18,20,22,25,28,32,36,40,44,48,56,64,72,11,13,15,17,19,21,23,60,68,74,76,27,29,37,26,31,42,43,38,41,34,35,69,71,46,47,70,67,75,79,61,63,62,39,45,65,50,66,59,77,54,55,78,51,73,53,58,57,30,49,52,33,+24 MissingAxioms=0
Step=79 PrevRays=115373 ResultRays=111712 RayPairs=1691711816 NewAxiom=25 PrevAxioms=1,2,3,4,5,6,7,8,9,10,12,14,16,18,20,22,24,28,32,36,40,44,48,56,64,72,11,13,15,17,19,21,23,52,60,68,73,74,76,29,31,34,35,46,33,47,54,55,27,51,53,38,37,62,70,75,71,58,61,78,79,43,67,41,63,69,65,45,26,66,39,59,77,57,50,42,49,30,+25 MissingAxioms=0
Step=79 PrevRays=118264 ResultRays=111712 RayPairs=1707542096 NewAxiom=26 PrevAxioms=1,2,3,4,5,6,7,8,9,10,12,14,16,18,20,22,24,28,32,36,40,44,48,56,64,72,11,13,15,17,19,21,23,52,60,68,73,74,76,29,31,34,35,46,33,47,54,55,27,51,53,38,37,62,70,75,71,58,61,78,79,43,67,41,63,69,65,45,39,77,30,66,59,57,50,42,25,49,+26 MissingAxioms=0
Step=79 PrevRays=116083 ResultRays=111712 RayPairs=1605475612 NewAxiom=27 PrevAxioms=1,2,3,4,5,6,7,8,9,10,12,14,16,18,20,22,24,28,32,36,40,44,48,56,64,72,11,13,15,17,19,21,23,52,60,68,73,74,76,29,31,34,35,46,33,47,54,55,43,53,71,67,61,25,38,37,70,78,41,26,63,69,65,45,75,79,51,77,66,58,39,30,59,62,57,50,42,49,+27 MissingAxioms=0
Step=79 PrevRays=118264 ResultRays=111712 RayPairs=1707542096 NewAxiom=28 PrevAxioms=1,2,3,4,5,6,7,8,9,10,12,14,16,18,20,22,24,29,32,36,40,44,48,56,64,72,11,13,15,17,19,21,23,60,68,74,76,26,27,30,38,31,41,42,43,39,46,47,37,70,71,34,35,61,63,66,67,69,58,77,45,79,59,65,50,51,55,73,78,33,57,49,62,54,75,52,53,25,+28 MissingAxioms=0
Step=79 PrevRays=116083 ResultRays=111712 RayPairs=1605475612 NewAxiom=29 PrevAxioms=1,2,3,4,5,6,7,8,9,10,12,14,16,18,20,22,24,28,32,36,40,44,48,56,64,72,11,13,15,17,19,21,23,52,60,68,73,74,76,30,31,34,35,46,33,45,61,53,55,27,62,43,70,71,51,50,69,26,58,38,39,78,79,77,59,47,37,75,63,67,65,66,54,25,57,41,42,49,+29 MissingAxioms=0
Step=79 PrevRays=116187 ResultRays=111712 RayPairs=1679282814 NewAxiom=30 PrevAxioms=1,2,3,4,5,6,7,8,9,10,12,14,16,18,20,22,24,28,32,36,40,44,48,56,64,72,11,13,15,17,19,21,23,52,60,68,73,74,76,29,31,34,35,46,33,47,54,55,27,51,53,38,37,62,70,75,71,58,61,78,79,43,67,41,63,69,65,45,26,66,39,59,77,57,50,42,49,25,+30 MissingAxioms=0
Step=79 PrevRays=106438 ResultRays=111712 RayPairs= 962666000 NewAxiom=31 PrevAxioms=1,2,3,4,5,6,7,8,9,10,12,14,16,18,20,22,24,28,32,36,40,44,48,56,64,72,11,13,15,17,19,21,23,52,60,68,73,74,76,29,62,63,41,42,43,37,39,30,26,27,61,71,34,35,54,55,50,59,65,66,57,67,47,53,75,79,77,69,46,58,45,51,78,25,49,70,33,38,+31 MissingAxioms=0
Step=79 PrevRays=103752 ResultRays=111712 RayPairs= 944424360 NewAxiom=32 PrevAxioms=1,2,3,4,5,6,7,8,9,10,12,14,16,18,20,22,24,28,33,36,40,44,48,56,64,72,11,13,15,17,19,21,23,52,68,73,76,35,37,29,34,39,41,43,30,42,26,27,70,71,45,47,69,67,75,79,53,55,54,31,46,66,58,65,51,78,62,63,77,59,74,61,50,49,38,57,60,25,+32 MissingAxioms=0
Step=79 PrevRays=115373 ResultRays=111712 RayPairs=1691711816 NewAxiom=33 PrevAxioms=1,2,3,4,5,6,7,8,9,10,12,14,16,18,20,22,24,28,32,36,40,44,48,56,64,72,11,13,15,17,19,21,23,52,60,68,73,74,76,29,31,34,35,46,47,54,55,26,27,53,43,63,38,37,51,62,70,58,30,78,79,71,61,67,50,69,41,59,39,57,45,75,77,42,49,65,25,66,+33 MissingAxioms=0
Step=79 PrevRays=118264 ResultRays=111712 RayPairs=1707542096 NewAxiom=34 PrevAxioms=1,2,3,4,5,6,7,8,9,10,12,14,16,18,20,22,24,28,32,36,40,44,48,56,64,72,11,13,15,17,19,21,23,52,60,68,73,74,76,29,31,41,43,38,37,42,30,46,47,69,71,35,61,63,53,54,67,70,65,39,59,26,27,77,79,55,50,57,51,75,49,66,62,45,78,25,58,33,+34 MissingAxioms=0
Step=79 PrevRays=116083 ResultRays=111712 RayPairs=1605475612 NewAxiom=35 PrevAxioms=1,2,3,4,5,6,7,8,9,10,12,14,16,18,20,22,24,28,32,36,40,44,48,56,64,72,11,13,15,17,19,21,23,52,60,68,73,74,76,29,31,34,33,46,47,30,41,43,62,70,71,61,37,26,67,57,38,27,53,55,75,79,65,59,39,42,63,69,50,77,78,51,49,66,45,54,25,58,+35 MissingAxioms=0
Step=79 PrevRays=118264 ResultRays=111712 RayPairs=1707542096 NewAxiom=36 PrevAxioms=1,2,3,4,5,6,7,8,9,10,12,14,16,18,20,22,24,28,32,37,40,44,48,56,64,72,11,13,15,17,19,21,23,52,68,73,76,34,35,38,30,39,42,41,43,31,45,47,29,69,71,26,27,53,55,65,67,70,50,78,46,79,51,66,58,59,63,74,77,25,49,57,54,62,75,60,61,33,+36 MissingAxioms=0
Step=79 PrevRays=116083 ResultRays=111712 RayPairs=1605475612 NewAxiom=37 PrevAxioms=1,2,3,4,5,6,7,8,9,10,12,14,16,18,20,22,24,28,32,36,40,44,48,56,64,72,11,13,15,17,19,21,23,52,60,68,73,74,76,29,31,34,35,46,33,47,54,55,27,51,53,38,62,75,70,71,58,61,50,65,26,39,30,77,79,43,67,41,63,69,59,57,66,45,42,49,78,25,+37 MissingAxioms=0
Step=79 PrevRays=116187 ResultRays=111712 RayPairs=1679282814 NewAxiom=38 PrevAxioms=1,2,3,4,5,6,7,8,9,10,12,14,16,18,20,22,24,28,32,36,40,44,48,56,64,72,11,13,15,17,19,21,23,52,60,68,73,74,76,29,31,34,35,46,33,47,54,55,27,51,53,62,70,43,63,69,50,30,39,59,77,79,75,65,61,71,67,26,25,58,78,66,41,57,37,45,42,49,+38 MissingAxioms=0
Step=79 PrevRays=106438 ResultRays=111712 RayPairs= 962666000 NewAxiom=39 PrevAxioms=1,2,3,4,5,6,7,8,9,10,12,14,16,18,20,22,24,28,32,36,40,44,48,56,64,72,11,13,15,17,19,21,23,52,60,68,73,74,76,29,31,34,35,46,33,47,54,55,27,51,53,38,37,62,70,75,71,58,61,78,79,43,67,41,63,69,65,45,26,66,57,50,59,77,42,49,25,30,+39 MissingAxioms=0
Step=79 PrevRays=106017 ResultRays=111712 RayPairs= 999681903 NewAxiom=40 PrevAxioms=1,2,3,4,5,6,7,8,9,10,12,14,16,18,20,22,24,28,32,36,41,44,48,56,64,72,11,13,15,17,19,21,23,52,60,73,74,42,43,45,30,47,34,35,29,33,46,31,38,61,37,78,25,55,62,54,63,58,66,70,27,59,39,77,79,75,51,71,53,50,65,67,69,68,57,76,49,26,+40 MissingAxioms=0
Step=79 PrevRays=117220 ResultRays=111712 RayPairs=1636172563 NewAxiom=41 PrevAxioms=1,2,3,4,5,6,7,8,9,10,12,14,16,18,20,22,24,28,32,36,40,44,48,56,64,72,11,13,15,17,19,21,23,52,60,68,73,74,76,29,31,34,35,46,33,47,54,55,27,51,53,38,37,62,70,75,71,58,61,78,79,43,67,50,26,30,69,63,39,77,65,66,57,45,59,25,42,49,+41 MissingAxioms=0
Step=79 PrevRays=117220 ResultRays=111712 RayPairs=1636172563 NewAxiom=42 PrevAxioms=1,2,3,4,5,6,7,8,9,10,12,14,16,18,20,22,24,28,32,36,40,44,48,56,64,72,11,13,15,17,19,21,23,52,60,68,73,74,76,29,31,34,35,46,33,47,54,55,27,51,53,38,37,62,70,75,71,58,61,78,79,43,67,41,63,69,65,45,26,66,39,59,77,57,50,30,25,49,+42 MissingAxioms=0
Step=79 PrevRays=112583 ResultRays=111712 RayPairs=1265680338 NewAxiom=43 PrevAxioms=1,2,3,4,5,6,7,8,9,10,12,14,16,18,20,22,24,28,32,36,40,44,48,56,64,72,11,13,15,17,19,21,23,52,60,68,73,74,76,29,31,34,35,46,33,47,54,55,27,51,53,38,37,62,70,75,71,58,61,78,79,67,63,50,69,30,57,65,39,59,77,26,41,49,42,45,66,25,+43 MissingAxioms=0
Step=79 PrevRays=115725 ResultRays=111712 RayPairs=1563955035 NewAxiom=44 PrevAxioms=1,2,3,4,5,6,7,8,9,10,12,14,16,18,20,22,24,28,32,36,40,45,48,56,64,72,11,13,15,17,19,21,23,52,60,73,74,41,46,29,42,43,47,34,35,31,37,39,33,30,61,63,27,53,55,78,79,51,25,77,59,75,50,65,69,71,68,67,54,58,76,66,62,57,26,38,70,49,+44 MissingAxioms=0
Step=79 PrevRays=115795 ResultRays=111712 RayPairs=1644662350 NewAxiom=45 PrevAxioms=1,2,3,4,5,6,7,8,9,10,12,14,16,18,20,22,24,28,32,36,40,44,48,56,64,72,11,13,15,17,19,21,23,52,60,68,73,74,76,29,31,34,35,46,33,47,54,55,27,51,53,38,37,62,70,75,71,58,61,78,79,43,67,41,63,69,65,59,77,39,26,66,57,30,50,25,49,42,+45 MissingAxioms=0
Step=79 PrevRays=115795 ResultRays=111712 RayPairs=1644662350 NewAxiom=46 PrevAxioms=1,2,3,4,5,6,7,8,9,10,12,14,16,18,20,22,24,28,32,36,40,44,48,56,64,72,11,13,15,17,19,21,23,52,60,68,73,74,76,29,31,34,35,30,38,33,69,54,71,43,53,63,39,59,45,61,57,62,77,79,27,55,41,65,67,70,47,75,42,37,78,51,50,49,58,26,66,25,+46 MissingAxioms=0
Step=79 PrevRays=106791 ResultRays=111712 RayPairs=1058919020 NewAxiom=47 PrevAxioms=1,2,3,4,5,6,7,8,9,10,12,14,16,18,20,22,24,28,32,36,40,44,48,56,64,72,11,13,15,17,19,21,23,52,60,68,73,74,76,29,31,34,35,46,33,30,45,61,53,55,27,62,43,70,71,51,69,50,26,38,39,58,78,79,77,59,57,63,65,67,54,41,75,49,66,42,25,37,+47 MissingAxioms=0
Step=79 PrevRays=103752 ResultRays=111712 RayPairs= 944424360 NewAxiom=48 PrevAxioms=1,2,3,4,5,6,7,8,9,10,12,14,16,18,20,22,24,28,32,36,40,44,49,56,64,72,11,13,15,17,19,21,23,60,68,73,74,76,51,29,62,63,66,50,67,70,69,65,37,39,30,58,59,47,42,35,38,34,31,41,46,43,71,26,61,77,54,79,45,55,27,75,78,25,52,33,53,57,+48 MissingAxioms=0
Step=79 PrevRays=115373 ResultRays=111712 RayPairs=1691711816 NewAxiom=49 PrevAxioms=1,2,3,4,5,6,7,8,9,10,12,14,16,18,20,22,24,28,32,36,40,44,48,56,64,72,11,13,15,17,19,21,23,52,60,68,73,74,76,29,31,34,35,46,33,47,54,55,27,51,53,38,37,62,70,75,71,58,61,78,79,43,67,41,63,69,65,45,26,66,39,59,77,57,50,42,25,30,+49 MissingAxioms=0
Step=79 PrevRays=118264 ResultRays=111712 RayPairs=1707542096 NewAxiom=50 PrevAxioms=1,2,3,4,5,6,7,8,9,10,12,14,16,18,20,22,24,28,32,36,40,44,48,56,64,72,11,13,15,17,19,21,23,52,60,68,73,74,76,29,31,34,35,46,33,47,54,55,27,51,53,38,37,62,70,75,71,58,61,78,79,43,67,41,63,69,65,45,26,66,39,59,77,57,30,42,49,25,+50 MissingAxioms=0
Step=79 PrevRays=116083 ResultRays=111712 RayPairs=1605475612 NewAxiom=51 PrevAxioms=1,2,3,4,5,6,7,8,9,10,12,14,16,18,20,22,24,28,32,36,40,44,48,56,64,72,11,13,15,17,19,21,23,52,60,68,73,74,76,29,31,34,35,46,33,47,54,55,27,53,70,62,63,38,37,75,71,58,78,79,43,67,65,41,59,77,39,66,61,57,26,50,69,30,42,49,45,25,+51 MissingAxioms=0
Step=79 PrevRays=118264 ResultRays=111712 RayPairs=1707542096 NewAxiom=52 PrevAxioms=1,2,3,4,5,6,7,8,9,10,12,14,16,18,20,22,24,28,32,36,40,44,48,56,64,72,11,13,15,17,19,21,23,60,68,73,74,76,50,51,61,63,49,65,67,62,69,71,66,46,70,47,59,29,31,37,38,42,43,41,53,25,75,79,39,45,30,55,27,78,77,35,33,54,57,26,58,34,+52 MissingAxioms=0
Step=79 PrevRays=116083 ResultRays=111712 RayPairs=1605475612 NewAxiom=53 PrevAxioms=1,2,3,4,5,6,7,8,9,10,12,14,16,18,20,22,24,28,32,36,40,44,48,56,64,72,11,13,15,17,19,21,23,52,60,68,73,74,76,29,31,34,35,46,33,47,54,55,27,51,62,70,63,69,43,30,50,38,37,61,58,78,79,75,39,57,65,45,77,41,26,71,67,42,66,49,59,25,+53 MissingAxioms=0
Step=79 PrevRays=116187 ResultRays=111712 RayPairs=1679282814 NewAxiom=54 PrevAxioms=1,2,3,4,5,6,7,8,9,10,12,14,16,18,20,22,24,28,32,36,40,44,48,56,64,72,11,13,15,17,19,21,23,52,60,68,73,74,76,29,31,34,35,46,33,47,69,71,43,67,61,53,63,37,38,45,65,50,39,77,57,75,79,62,55,78,58,70,41,42,51,26,66,27,59,30,25,49,+54 MissingAxioms=0
Step=79 PrevRays=106438 ResultRays=111712 RayPairs= 962666000 NewAxiom=55 PrevAxioms=1,2,3,4,5,6,7,8,9,10,12,14,16,18,20,22,24,28,32,36,40,44,48,56,64,72,11,13,15,17,19,21,23,52,60,68,73,74,76,29,31,34,35,46,33,47,54,30,26,27,53,43,61,63,71,67,37,39,45,62,69,50,77,79,59,42,75,78,65,41,57,58,51,66,25,49,38,70,+55 MissingAxioms=0
Step=79 PrevRays=103752 ResultRays=111712 RayPairs= 944424360 NewAxiom=56 PrevAxioms=1,2,3,4,5,6,7,8,9,10,12,14,16,18,20,22,24,28,32,36,40,44,48,57,64,72,11,13,15,17,19,21,23,52,68,73,74,76,59,29,69,71,50,51,70,37,39,65,67,30,45,47,41,55,43,58,42,34,53,77,26,31,27,38,35,63,79,46,33,75,54,61,60,78,62,25,66,49,+56 MissingAxioms=0
Step=79 PrevRays=115373 ResultRays=111712 RayPairs=1691711816 NewAxiom=57 PrevAxioms=1,2,3,4,5,6,7,8,9,10,12,14,16,18,20,22,24,28,32,36,40,44,48,56,64,72,11,13,15,17,19,21,23,52,60,68,73,74,76,29,31,34,35,46,33,47,54,55,27,51,53,38,37,62,70,75,71,58,61,78,79,43,67,41,63,69,65,45,26,66,39,59,77,42,25,30,50,49,+57 MissingAxioms=0
Step=79 PrevRays=118264 ResultRays=111712 RayPairs=1707542096 NewAxiom=58 PrevAxioms=1,2,3,4,5,6,7,8,9,10,12,14,16,18,20,22,24,28,32,36,40,44,48,56,64,72,11,13,15,17,19,21,23,52,60,68,73,74,76,29,31,34,35,46,33,47,54,55,27,51,53,38,37,62,70,75,71,63,42,78,79,43,67,65,41,45,39,77,26,50,49,59,61,66,25,57,30,69,+58 MissingAxioms=0
Step=79 PrevRays=116083 ResultRays=111712 RayPairs=1605475612 NewAxiom=59 PrevAxioms=1,2,3,4,5,6,7,8,9,10,12,14,16,18,20,22,24,28,32,36,40,44,48,56,64,72,11,13,15,17,19,21,23,52,60,68,73,74,76,29,31,34,35,46,33,47,54,55,27,51,53,38,37,62,70,75,71,58,61,78,79,43,67,41,63,69,65,45,26,66,39,77,42,57,50,49,30,25,+59 MissingAxioms=0
Step=79 PrevRays=118264 ResultRays=111712 RayPairs=1707542096 NewAxiom=60 PrevAxioms=1,2,3,4,5,6,7,8,9,10,12,14,16,18,20,22,24,28,32,36,40,44,48,56,64,72,11,13,15,17,19,21,23,52,68,73,74,76,58,59,53,55,57,65,67,54,70,71,66,45,69,47,51,37,39,29,30,41,43,42,61,33,75,79,31,46,38,63,35,77,78,27,25,62,49,34,50,26,+60 MissingAxioms=0
Step=79 PrevRays=116083 ResultRays=111712 RayPairs=1605475612 NewAxiom=61 PrevAxioms=1,2,3,4,5,6,7,8,9,10,12,14,16,18,20,22,24,28,32,36,40,44,48,56,64,72,11,13,15,17,19,21,23,52,60,68,73,74,76,29,31,34,35,46,33,47,54,55,27,51,53,38,37,62,70,75,71,58,63,78,79,43,30,50,69,67,39,77,65,41,59,57,42,45,26,49,66,25,+61 MissingAxioms=0
Step=79 PrevRays=116187 ResultRays=111712 RayPairs=1679282814 NewAxiom=62 PrevAxioms=1,2,3,4,5,6,7,8,9,10,12,14,16,18,20,22,24,28,32,36,40,44,48,56,64,72,11,13,15,17,19,21,23,52,60,68,73,74,76,29,31,34,35,46,33,47,54,55,27,51,53,38,37,75,58,66,78,79,43,67,71,61,41,65,26,45,63,39,42,69,77,70,59,25,30,50,49,57,+62 MissingAxioms=0
Step=79 PrevRays=106438 ResultRays=111712 RayPairs= 962666000 NewAxiom=63 PrevAxioms=1,2,3,4,5,6,7,8,9,10,12,14,16,18,20,22,24,28,32,36,40,44,48,56,64,72,11,13,15,17,19,21,23,52,60,68,73,74,76,29,31,34,35,46,33,47,54,55,27,51,53,38,37,62,70,75,71,58,61,78,79,43,67,41,65,26,45,39,59,66,57,77,50,42,49,25,30,69,+63 MissingAxioms=0
Step=79 PrevRays=106017 ResultRays=111712 RayPairs= 999681903 NewAxiom=64 PrevAxioms=1,2,3,4,5,6,7,8,9,10,12,14,16,18,20,22,24,28,32,36,40,44,48,56,65,72,11,13,15,17,19,21,23,52,60,73,74,76,66,67,29,62,63,41,37,42,43,26,27,61,25,55,34,35,54,58,38,31,51,49,78,79,50,53,30,39,46,70,75,47,71,59,77,45,68,33,69,57,+64 MissingAxioms=0
Step=79 PrevRays=117220 ResultRays=111712 RayPairs=1636172563 NewAxiom=65 PrevAxioms=1,2,3,4,5,6,7,8,9,10,12,14,16,18,20,22,24,28,32,36,40,44,48,56,64,72,11,13,15,17,19,21,23,52,60,68,73,74,76,29,31,34,35,46,33,47,54,55,27,51,53,38,37,62,70,75,71,58,61,78,79,43,67,41,63,69,30,39,59,77,57,26,50,66,45,42,49,25,+65 MissingAxioms=0
Step=79 PrevRays=117220 ResultRays=111712 RayPairs=1636172563 NewAxiom=66 PrevAxioms=1,2,3,4,5,6,7,8,9,10,12,14,16,18,20,22,24,28,32,36,40,44,48,56,64,72,11,13,15,17,19,21,23,52,60,68,73,74,76,29,31,34,35,46,33,47,54,55,27,51,53,38,37,62,70,75,71,58,61,78,79,43,67,41,63,69,65,45,26,50,39,77,42,59,57,49,30,25,+66 MissingAxioms=0
Step=79 PrevRays=112583 ResultRays=111712 RayPairs=1265680338 NewAxiom=67 PrevAxioms=1,2,3,4,5,6,7,8,9,10,12,14,16,18,20,22,24,28,32,36,40,44,48,56,64,72,11,13,15,17,19,21,23,52,60,68,73,74,76,29,31,34,35,46,33,47,54,55,27,51,53,38,37,62,70,75,71,58,61,78,79,43,30,39,45,41,63,77,26,69,66,65,59,25,57,50,42,49,+67 MissingAxioms=0
Step=79 PrevRays=115725 ResultRays=111712 RayPairs=1563955035 NewAxiom=68 PrevAxioms=1,2,3,4,5,6,7,8,9,10,12,14,16,18,20,22,24,28,32,36,40,44,48,56,64,72,11,13,15,17,19,21,23,52,60,73,74,76,65,53,66,67,55,58,59,54,62,63,57,37,61,38,46,50,47,51,29,31,34,27,78,70,42,79,43,71,75,30,39,45,35,33,69,41,26,49,77,25,+68 MissingAxioms=0
Step=79 PrevRays=115795 ResultRays=111712 RayPairs=1644662350 NewAxiom=69 PrevAxioms=1,2,3,4,5,6,7,8,9,10,12,14,16,18,20,22,24,28,32,36,40,44,48,56,64,72,11,13,15,17,19,21,23,52,60,68,73,74,76,29,31,34,35,46,33,47,54,55,27,51,53,38,37,62,70,75,71,58,61,78,79,43,67,41,63,65,59,77,39,26,45,66,42,25,50,49,57,30,+69 MissingAxioms=0
Step=79 PrevRays=115795 ResultRays=111712 RayPairs=1644662350 NewAxiom=70 PrevAxioms=1,2,3,4,5,6,7,8,9,10,12,14,16,18,20,22,24,28,32,36,40,44,48,56,64,72,11,13,15,17,19,21,23,52,60,68,73,74,76,29,31,34,35,46,33,47,54,55,27,51,53,38,37,62,75,63,42,78,79,43,69,41,30,39,71,61,67,77,26,58,45,57,66,25,50,65,59,49,+70 MissingAxioms=0
Step=79 PrevRays=106791 ResultRays=111712 RayPairs=1058919020 NewAxiom=71 PrevAxioms=1,2,3,4,5,6,7,8,9,10,12,14,16,18,20,22,24,28,32,36,40,44,48,56,64,72,11,13,15,17,19,21,23,52,60,68,73,74,76,29,31,34,35,46,33,47,54,55,27,51,53,38,37,62,70,75,63,69,42,78,79,43,30,50,39,77,65,41,59,25,61,66,67,49,57,45,26,58,+71 MissingAxioms=0
Step=79 PrevRays=106017 ResultRays=111712 RayPairs= 999681903 NewAxiom=72 PrevAxioms=1,2,3,4,5,6,7,8,9,10,12,14,16,18,20,22,24,28,32,36,40,44,48,56,64,73,11,13,15,17,19,21,23,52,60,68,74,41,29,43,31,42,34,35,30,38,33,39,61,37,76,62,70,71,26,27,53,55,47,67,75,79,46,69,63,57,45,49,54,50,77,59,78,58,65,51,66,25,+72 MissingAxioms=0
Step=79 PrevRays=117220 ResultRays=111712 RayPairs=1636172563 NewAxiom=73 PrevAxioms=1,2,3,4,5,6,7,8,9,10,12,14,16,18,20,22,24,28,32,36,40,44,48,56,64,72,11,13,15,17,19,21,23,52,60,68,74,76,26,27,37,39,25,42,38,43,45,47,54,69,71,53,29,34,35,67,66,41,61,63,75,79,30,31,78,58,55,51,77,65,33,59,70,50,49,57,46,62,+73 MissingAxioms=0
Step=79 PrevRays=117220 ResultRays=111712 RayPairs=1636172563 NewAxiom=74 PrevAxioms=1,2,3,4,5,6,7,8,9,10,12,14,16,18,20,22,24,28,32,36,40,44,48,56,64,72,11,13,15,17,19,21,23,52,60,68,73,76,29,34,35,31,33,41,30,43,46,47,62,70,71,61,37,26,27,67,65,42,53,55,75,79,38,39,77,50,63,59,78,66,25,51,69,58,57,49,45,54,+74 MissingAxioms=0
Step=79 PrevRays=112583 ResultRays=111712 RayPairs=1265680338 NewAxiom=75 PrevAxioms=1,2,3,4,5,6,7,8,9,10,12,14,16,18,20,22,24,28,32,36,40,44,48,56,64,72,11,13,15,17,19,21,23,52,60,68,73,74,76,29,31,34,35,46,33,47,54,55,27,51,53,38,37,62,70,63,69,43,30,50,78,79,39,77,26,59,61,71,67,41,42,45,65,57,58,66,25,49,+75 MissingAxioms=0
Step=79 PrevRays=115725 ResultRays=111712 RayPairs=1563955035 NewAxiom=76 PrevAxioms=1,2,3,4,5,6,7,8,9,10,12,14,16,18,20,22,24,28,32,36,40,44,48,56,64,72,11,13,15,17,19,21,23,52,60,68,73,74,29,41,31,43,38,42,34,35,37,69,71,46,47,70,26,63,67,27,61,53,55,51,50,30,78,79,39,66,58,59,49,75,77,65,57,62,25,33,54,45,+76 MissingAxioms=0
Step=79 PrevRays=115795 ResultRays=111712 RayPairs=1644662350 NewAxiom=77 PrevAxioms=1,2,3,4,5,6,7,8,9,10,12,14,16,18,20,22,24,28,32,36,40,44,48,56,64,72,11,13,15,17,19,21,23,52,60,68,73,74,76,29,31,34,35,46,33,47,54,55,27,51,53,38,37,62,70,75,71,58,61,78,79,43,67,41,63,69,65,45,26,66,39,59,42,57,49,30,50,25,+77 MissingAxioms=0
Step=79 PrevRays=115795 ResultRays=111712 RayPairs=1644662350 NewAxiom=78 PrevAxioms=1,2,3,4,5,6,7,8,9,10,12,14,16,18,20,22,24,28,32,36,40,44,48,56,64,72,11,13,15,17,19,21,23,52,60,68,73,74,76,29,31,34,35,46,33,47,54,55,27,51,53,38,37,62,70,75,71,58,61,66,30,57,63,69,79,67,65,43,39,45,41,59,77,26,42,49,50,25,+78 MissingAxioms=0
Step=79 PrevRays=106791 ResultRays=111712 RayPairs=1058919020 NewAxiom=79 PrevAxioms=1,2,3,4,5,6,7,8,9,10,12,14,16,18,20,22,24,28,32,36,40,44,48,56,64,72,11,13,15,17,19,21,23,52,60,68,73,74,76,29,31,34,35,46,33,47,54,55,27,51,53,38,37,62,70,75,71,58,61,78,66,30,63,69,57,50,65,39,77,67,26,41,42,49,43,45,25,59,+79 MissingAxioms=0

Ordered by number of ray pairs:
Step=79 #################............. (min) Axiom8 20() - g0 f(0) + f(2) >= f(0,2)
Step=79 #################............. (min) Axiom16 21() - g0 f(1) + f(2) >= f(1,2)
Step=79 #################............. (min) Axiom24 30() - g0 f(0) + f(3) >= f(0,3)
Step=79 #################............. (min) Axiom32 31() - g0 f(1) + f(3) >= f(1,3)
Step=79 #################............. (min) Axiom48 40() - g0 f(0) + f(4) >= f(0,4)
Step=79 #################............. (min) Axiom56 41() - g0 f(1) + f(4) >= f(1,4)
Step=79 #################............. Axiom15 20(1,3,4) - g3 f(0,1,2,3,4) >= f(1,3,4)
Step=79 #################............. Axiom23 21(0,3,4) - g3 f(0,1,2,3,4) >= f(0,3,4)
Step=79 #################............. Axiom31 30(1,2,4) - g3 f(0,1,2,3,4) >= f(1,2,4)
Step=79 #################............. Axiom39 31(0,2,4) - g3 f(0,1,2,3,4) >= f(0,2,4)
Step=79 #################............. Axiom55 40(1,2,3) - g3 f(0,1,2,3,4) >= f(1,2,3)
Step=79 #################............. Axiom63 41(0,2,3) - g3 f(0,1,2,3,4) >= f(0,2,3)
Step=79 #################............. Axiom7 10(2,3,4) - g3 f(0,1,2,3,4) >= f(2,3,4)
Step=79 ##################............ Axiom40 32() - g0 f(2) + f(3) >= f(2,3)
Step=79 ##################............ Axiom64 42() - g0 f(2) + f(4) >= f(2,4)
Step=79 ##################............ Axiom72 43() - g0 f(3) + f(4) >= f(3,4)
Step=79 ###################........... Axiom47 32(0,1,4) - g3 f(0,1,2,3,4) >= f(0,1,4)
Step=79 ###################........... Axiom71 42(0,1,3) - g3 f(0,1,2,3,4) >= f(0,1,3)
Step=79 ###################........... Axiom79 43(0,1,2) - g3 f(0,1,2,3,4) >= f(0,1,2)
Step=79 ######################........ Axiom43 32(0,1) - g2 f(0,1,2) + f(0,1,3) >= f(0,1) + f(0,1,2,3,4)
Step=79 ######################........ Axiom67 42(0,1) - g2 f(0,1,2) + f(0,1,4) >= f(0,1) + f(0,1,2,3,4)
Step=79 ######################........ Axiom75 43(0,1) - g2 f(0,1,3) + f(0,1,4) >= f(0,1) + f(0,1,2,3,4)
Step=79 ######################........ Axiom1 10(2) - g1 f(0,2) + f(1,2) >= f(2) + f(0,1,2)
Step=79 ######################........ Axiom2 10(3) - g1 f(0,3) + f(1,3) >= f(3) + f(0,1,3)
Step=79 ######################........ Axiom4 10(4) - g1 f(0,4) + f(1,4) >= f(4) + f(0,1,4)
Step=79 ###########################... Axiom3 10(2,3) - g2 f(0,2,3) + f(1,2,3) >= f(2,3) + f(0,1,2,3,4)
Step=79 ###########################... Axiom5 10(2,4) - g2 f(0,2,4) + f(1,2,4) >= f(0,1,2,3,4) + f(2,4)
Step=79 ###########################... Axiom6 10(3,4) - g2 f(0,3,4) + f(1,3,4) >= f(0,1,2,3,4) + f(3,4)
Step=79 ###########################... Axiom44 32(4) - g1 f(2,4) + f(3,4) >= f(4) + f(2,3,4)
Step=79 ###########################... Axiom68 42(3) - g1 f(2,3) + f(3,4) >= f(3) + f(2,3,4)
Step=79 ###########################... Axiom76 43(2) - g1 f(2,3) + f(2,4) >= f(2) + f(2,3,4)
Step=79 ############################.. Axiom11 20(1,3) - g2 f(0,1,3) + f(1,2,3) >= f(1,3) + f(0,1,2,3,4)
Step=79 ############################.. Axiom13 20(1,4) - g2 f(0,1,4) + f(1,2,4) >= f(0,1,2,3,4) + f(1,4)
Step=79 ############################.. Axiom19 21(0,3) - g2 f(0,1,3) + f(0,2,3) >= f(0,3) + f(0,1,2,3,4)
Step=79 ############################.. Axiom21 21(0,4) - g2 f(0,1,4) + f(0,2,4) >= f(0,1,2,3,4) + f(0,4)
Step=79 ############################.. Axiom27 30(1,2) - g2 f(0,1,2) + f(1,2,3) >= f(1,2) + f(0,1,2,3,4)
Step=79 ############################.. Axiom29 30(1,4) - g2 f(0,1,4) + f(1,3,4) >= f(0,1,2,3,4) + f(1,4)
Step=79 ############################.. Axiom35 31(0,2) - g2 f(0,1,2) + f(0,2,3) >= f(0,2) + f(0,1,2,3,4)
Step=79 ############################.. Axiom37 31(0,4) - g2 f(0,1,4) + f(0,3,4) >= f(0,1,2,3,4) + f(0,4)
Step=79 ############################.. Axiom51 40(1,2) - g2 f(0,1,2) + f(1,2,4) >= f(1,2) + f(0,1,2,3,4)
Step=79 ############################.. Axiom53 40(1,3) - g2 f(0,1,3) + f(1,3,4) >= f(1,3) + f(0,1,2,3,4)
Step=79 ############################.. Axiom59 41(0,2) - g2 f(0,1,2) + f(0,2,4) >= f(0,2) + f(0,1,2,3,4)
Step=79 ############################.. Axiom61 41(0,3) - g2 f(0,1,3) + f(0,3,4) >= f(0,3) + f(0,1,2,3,4)
Step=79 #############################. Axiom41 32(0) - g1 f(0,2) + f(0,3) >= f(0) + f(0,2,3)
Step=79 #############################. Axiom42 32(1) - g1 f(1,2) + f(1,3) >= f(1) + f(1,2,3)
Step=79 #############################. Axiom65 42(0) - g1 f(0,2) + f(0,4) >= f(0) + f(0,2,4)
Step=79 #############################. Axiom66 42(1) - g1 f(1,2) + f(1,4) >= f(1) + f(1,2,4)
Step=79 #############################. Axiom73 43(0) - g1 f(0,3) + f(0,4) >= f(0) + f(0,3,4)
Step=79 #############################. Axiom74 43(1) - g1 f(1,3) + f(1,4) >= f(1) + f(1,3,4)
Step=79 #############################. Axiom45 32(0,4) - g2 f(0,2,4) + f(0,3,4) >= f(0,1,2,3,4) + f(0,4)
Step=79 #############################. Axiom46 32(1,4) - g2 f(1,2,4) + f(1,3,4) >= f(0,1,2,3,4) + f(1,4)
Step=79 #############################. Axiom69 42(0,3) - g2 f(0,2,3) + f(0,3,4) >= f(0,3) + f(0,1,2,3,4)
Step=79 #############################. Axiom70 42(1,3) - g2 f(1,2,3) + f(1,3,4) >= f(1,3) + f(0,1,2,3,4)
Step=79 #############################. Axiom77 43(0,2) - g2 f(0,2,3) + f(0,2,4) >= f(0,2) + f(0,1,2,3,4)
Step=79 #############################. Axiom78 43(1,2) - g2 f(1,2,3) + f(1,2,4) >= f(1,2) + f(0,1,2,3,4)
Step=79 ############################## Axiom14 20(3,4) - g2 f(0,3,4) + f(2,3,4) >= f(0,1,2,3,4) + f(3,4)
Step=79 ############################## Axiom22 21(3,4) - g2 f(1,3,4) + f(2,3,4) >= f(0,1,2,3,4) + f(3,4)
Step=79 ############################## Axiom30 30(2,4) - g2 f(0,2,4) + f(2,3,4) >= f(0,1,2,3,4) + f(2,4)
Step=79 ############################## Axiom38 31(2,4) - g2 f(1,2,4) + f(2,3,4) >= f(0,1,2,3,4) + f(2,4)
Step=79 ############################## Axiom54 40(2,3) - g2 f(0,2,3) + f(2,3,4) >= f(2,3) + f(0,1,2,3,4)
Step=79 ############################## Axiom62 41(2,3) - g2 f(1,2,3) + f(2,3,4) >= f(2,3) + f(0,1,2,3,4)
Step=79 ############################## Axiom9 20(1) - g1 f(0,1) + f(1,2) >= f(1) + f(0,1,2)
Step=79 ############################## Axiom17 21(0) - g1 f(0,1) + f(0,2) >= f(0) + f(0,1,2)
Step=79 ############################## Axiom25 30(1) - g1 f(0,1) + f(1,3) >= f(1) + f(0,1,3)
Step=79 ############################## Axiom33 31(0) - g1 f(0,1) + f(0,3) >= f(0) + f(0,1,3)
Step=79 ############################## Axiom49 40(1) - g1 f(0,1) + f(1,4) >= f(1) + f(0,1,4)
Step=79 ############################## Axiom57 41(0) - g1 f(0,1) + f(0,4) >= f(0) + f(0,1,4)
Step=79 ############################## Axiom10 20(3) - g1 f(0,3) + f(2,3) >= f(3) + f(0,2,3)
Step=79 ############################## Axiom12 20(4) - g1 f(0,4) + f(2,4) >= f(4) + f(0,2,4)
Step=79 ############################## Axiom18 21(3) - g1 f(1,3) + f(2,3) >= f(3) + f(1,2,3)
Step=79 ############################## Axiom20 21(4) - g1 f(1,4) + f(2,4) >= f(4) + f(1,2,4)
Step=79 ############################## Axiom26 30(2) - g1 f(0,2) + f(2,3) >= f(2) + f(0,2,3)
Step=79 ############################## Axiom28 30(4) - g1 f(0,4) + f(3,4) >= f(4) + f(0,3,4)
Step=79 ############################## Axiom34 31(2) - g1 f(1,2) + f(2,3) >= f(2) + f(1,2,3)
Step=79 ############################## Axiom36 31(4) - g1 f(1,4) + f(3,4) >= f(4) + f(1,3,4)
Step=79 ############################## Axiom50 40(2) - g1 f(0,2) + f(2,4) >= f(2) + f(0,2,4)
Step=79 ############################## Axiom52 40(3) - g1 f(0,3) + f(3,4) >= f(3) + f(0,3,4)
Step=79 ############################## Axiom58 41(2) - g1 f(1,2) + f(2,4) >= f(2) + f(1,2,4)
Step=79 ############################## Axiom60 41(3) - g1 f(1,3) + f(3,4) >= f(3) + f(1,3,4)

Ordered by number of previous rays:
Step=79 $$$$$$$$$$$$$$$$$$$$$$$$$$.... (min) Axiom8 20() - g0 f(0) + f(2) >= f(0,2)
Step=79 $$$$$$$$$$$$$$$$$$$$$$$$$$.... (min) Axiom16 21() - g0 f(1) + f(2) >= f(1,2)
Step=79 $$$$$$$$$$$$$$$$$$$$$$$$$$.... (min) Axiom24 30() - g0 f(0) + f(3) >= f(0,3)
Step=79 $$$$$$$$$$$$$$$$$$$$$$$$$$.... (min) Axiom32 31() - g0 f(1) + f(3) >= f(1,3)
Step=79 $$$$$$$$$$$$$$$$$$$$$$$$$$.... (min) Axiom48 40() - g0 f(0) + f(4) >= f(0,4)
Step=79 $$$$$$$$$$$$$$$$$$$$$$$$$$.... (min) Axiom56 41() - g0 f(1) + f(4) >= f(1,4)
Step=79 $$$$$$$$$$$$$$$$$$$$$$$$$$$... Axiom1 10(2) - g1 f(0,2) + f(1,2) >= f(2) + f(0,1,2)
Step=79 $$$$$$$$$$$$$$$$$$$$$$$$$$$... Axiom2 10(3) - g1 f(0,3) + f(1,3) >= f(3) + f(0,1,3)
Step=79 $$$$$$$$$$$$$$$$$$$$$$$$$$$... Axiom4 10(4) - g1 f(0,4) + f(1,4) >= f(4) + f(0,1,4)
Step=79 $$$$$$$$$$$$$$$$$$$$$$$$$$$... Axiom40 32() - g0 f(2) + f(3) >= f(2,3)
Step=79 $$$$$$$$$$$$$$$$$$$$$$$$$$$... Axiom64 42() - g0 f(2) + f(4) >= f(2,4)
Step=79 $$$$$$$$$$$$$$$$$$$$$$$$$$$... Axiom72 43() - g0 f(3) + f(4) >= f(3,4)
Step=79 $$$$$$$$$$$$$$$$$$$$$$$$$$$... Axiom7 10(2,3,4) - g3 f(0,1,2,3,4) >= f(2,3,4)
Step=79 $$$$$$$$$$$$$$$$$$$$$$$$$$$... Axiom15 20(1,3,4) - g3 f(0,1,2,3,4) >= f(1,3,4)
Step=79 $$$$$$$$$$$$$$$$$$$$$$$$$$$... Axiom23 21(0,3,4) - g3 f(0,1,2,3,4) >= f(0,3,4)
Step=79 $$$$$$$$$$$$$$$$$$$$$$$$$$$... Axiom31 30(1,2,4) - g3 f(0,1,2,3,4) >= f(1,2,4)
Step=79 $$$$$$$$$$$$$$$$$$$$$$$$$$$... Axiom39 31(0,2,4) - g3 f(0,1,2,3,4) >= f(0,2,4)
Step=79 $$$$$$$$$$$$$$$$$$$$$$$$$$$... Axiom55 40(1,2,3) - g3 f(0,1,2,3,4) >= f(1,2,3)
Step=79 $$$$$$$$$$$$$$$$$$$$$$$$$$$... Axiom63 41(0,2,3) - g3 f(0,1,2,3,4) >= f(0,2,3)
Step=79 $$$$$$$$$$$$$$$$$$$$$$$$$$$... Axiom47 32(0,1,4) - g3 f(0,1,2,3,4) >= f(0,1,4)
Step=79 $$$$$$$$$$$$$$$$$$$$$$$$$$$... Axiom71 42(0,1,3) - g3 f(0,1,2,3,4) >= f(0,1,3)
Step=79 $$$$$$$$$$$$$$$$$$$$$$$$$$$... Axiom79 43(0,1,2) - g3 f(0,1,2,3,4) >= f(0,1,2)
Step=79 $$$$$$$$$$$$$$$$$$$$$$$$$$$$$. Axiom43 32(0,1) - g2 f(0,1,2) + f(0,1,3) >= f(0,1) + f(0,1,2,3,4)
Step=79 $$$$$$$$$$$$$$$$$$$$$$$$$$$$$. Axiom67 42(0,1) - g2 f(0,1,2) + f(0,1,4) >= f(0,1) + f(0,1,2,3,4)
Step=79 $$$$$$$$$$$$$$$$$$$$$$$$$$$$$. Axiom75 43(0,1) - g2 f(0,1,3) + f(0,1,4) >= f(0,1) + f(0,1,2,3,4)
Step=79 $$$$$$$$$$$$$$$$$$$$$$$$$$$$$. Axiom3 10(2,3) - g2 f(0,2,3) + f(1,2,3) >= f(2,3) + f(0,1,2,3,4)
Step=79 $$$$$$$$$$$$$$$$$$$$$$$$$$$$$. Axiom5 10(2,4) - g2 f(0,2,4) + f(1,2,4) >= f(0,1,2,3,4) + f(2,4)
Step=79 $$$$$$$$$$$$$$$$$$$$$$$$$$$$$. Axiom6 10(3,4) - g2 f(0,3,4) + f(1,3,4) >= f(0,1,2,3,4) + f(3,4)
Step=79 $$$$$$$$$$$$$$$$$$$$$$$$$$$$$. Axiom9 20(1) - g1 f(0,1) + f(1,2) >= f(1) + f(0,1,2)
Step=79 $$$$$$$$$$$$$$$$$$$$$$$$$$$$$. Axiom17 21(0) - g1 f(0,1) + f(0,2) >= f(0) + f(0,1,2)
Step=79 $$$$$$$$$$$$$$$$$$$$$$$$$$$$$. Axiom25 30(1) - g1 f(0,1) + f(1,3) >= f(1) + f(0,1,3)
Step=79 $$$$$$$$$$$$$$$$$$$$$$$$$$$$$. Axiom33 31(0) - g1 f(0,1) + f(0,3) >= f(0) + f(0,1,3)
Step=79 $$$$$$$$$$$$$$$$$$$$$$$$$$$$$. Axiom49 40(1) - g1 f(0,1) + f(1,4) >= f(1) + f(0,1,4)
Step=79 $$$$$$$$$$$$$$$$$$$$$$$$$$$$$. Axiom57 41(0) - g1 f(0,1) + f(0,4) >= f(0) + f(0,1,4)
Step=79 $$$$$$$$$$$$$$$$$$$$$$$$$$$$$. Axiom44 32(4) - g1 f(2,4) + f(3,4) >= f(4) + f(2,3,4)
Step=79 $$$$$$$$$$$$$$$$$$$$$$$$$$$$$. Axiom68 42(3) - g1 f(2,3) + f(3,4) >= f(3) + f(2,3,4)
Step=79 $$$$$$$$$$$$$$$$$$$$$$$$$$$$$. Axiom76 43(2) - g1 f(2,3) + f(2,4) >= f(2) + f(2,3,4)
Step=79 $$$$$$$$$$$$$$$$$$$$$$$$$$$$$. Axiom45 32(0,4) - g2 f(0,2,4) + f(0,3,4) >= f(0,1,2,3,4) + f(0,4)
Step=79 $$$$$$$$$$$$$$$$$$$$$$$$$$$$$. Axiom46 32(1,4) - g2 f(1,2,4) + f(1,3,4) >= f(0,1,2,3,4) + f(1,4)
Step=79 $$$$$$$$$$$$$$$$$$$$$$$$$$$$$. Axiom69 42(0,3) - g2 f(0,2,3) + f(0,3,4) >= f(0,3) + f(0,1,2,3,4)
Step=79 $$$$$$$$$$$$$$$$$$$$$$$$$$$$$. Axiom70 42(1,3) - g2 f(1,2,3) + f(1,3,4) >= f(1,3) + f(0,1,2,3,4)
Step=79 $$$$$$$$$$$$$$$$$$$$$$$$$$$$$. Axiom77 43(0,2) - g2 f(0,2,3) + f(0,2,4) >= f(0,2) + f(0,1,2,3,4)
Step=79 $$$$$$$$$$$$$$$$$$$$$$$$$$$$$. Axiom78 43(1,2) - g2 f(1,2,3) + f(1,2,4) >= f(1,2) + f(0,1,2,3,4)
Step=79 $$$$$$$$$$$$$$$$$$$$$$$$$$$$$. Axiom11 20(1,3) - g2 f(0,1,3) + f(1,2,3) >= f(1,3) + f(0,1,2,3,4)
Step=79 $$$$$$$$$$$$$$$$$$$$$$$$$$$$$. Axiom13 20(1,4) - g2 f(0,1,4) + f(1,2,4) >= f(0,1,2,3,4) + f(1,4)
Step=79 $$$$$$$$$$$$$$$$$$$$$$$$$$$$$. Axiom19 21(0,3) - g2 f(0,1,3) + f(0,2,3) >= f(0,3) + f(0,1,2,3,4)
Step=79 $$$$$$$$$$$$$$$$$$$$$$$$$$$$$. Axiom21 21(0,4) - g2 f(0,1,4) + f(0,2,4) >= f(0,1,2,3,4) + f(0,4)
Step=79 $$$$$$$$$$$$$$$$$$$$$$$$$$$$$. Axiom27 30(1,2) - g2 f(0,1,2) + f(1,2,3) >= f(1,2) + f(0,1,2,3,4)
Step=79 $$$$$$$$$$$$$$$$$$$$$$$$$$$$$. Axiom29 30(1,4) - g2 f(0,1,4) + f(1,3,4) >= f(0,1,2,3,4) + f(1,4)
Step=79 $$$$$$$$$$$$$$$$$$$$$$$$$$$$$. Axiom35 31(0,2) - g2 f(0,1,2) + f(0,2,3) >= f(0,2) + f(0,1,2,3,4)
Step=79 $$$$$$$$$$$$$$$$$$$$$$$$$$$$$. Axiom37 31(0,4) - g2 f(0,1,4) + f(0,3,4) >= f(0,1,2,3,4) + f(0,4)
Step=79 $$$$$$$$$$$$$$$$$$$$$$$$$$$$$. Axiom51 40(1,2) - g2 f(0,1,2) + f(1,2,4) >= f(1,2) + f(0,1,2,3,4)
Step=79 $$$$$$$$$$$$$$$$$$$$$$$$$$$$$. Axiom53 40(1,3) - g2 f(0,1,3) + f(1,3,4) >= f(1,3) + f(0,1,2,3,4)
Step=79 $$$$$$$$$$$$$$$$$$$$$$$$$$$$$. Axiom59 41(0,2) - g2 f(0,1,2) + f(0,2,4) >= f(0,2) + f(0,1,2,3,4)
Step=79 $$$$$$$$$$$$$$$$$$$$$$$$$$$$$. Axiom61 41(0,3) - g2 f(0,1,3) + f(0,3,4) >= f(0,3) + f(0,1,2,3,4)
Step=79 $$$$$$$$$$$$$$$$$$$$$$$$$$$$$. Axiom14 20(3,4) - g2 f(0,3,4) + f(2,3,4) >= f(0,1,2,3,4) + f(3,4)
Step=79 $$$$$$$$$$$$$$$$$$$$$$$$$$$$$. Axiom22 21(3,4) - g2 f(1,3,4) + f(2,3,4) >= f(0,1,2,3,4) + f(3,4)
Step=79 $$$$$$$$$$$$$$$$$$$$$$$$$$$$$. Axiom30 30(2,4) - g2 f(0,2,4) + f(2,3,4) >= f(0,1,2,3,4) + f(2,4)
Step=79 $$$$$$$$$$$$$$$$$$$$$$$$$$$$$. Axiom38 31(2,4) - g2 f(1,2,4) + f(2,3,4) >= f(0,1,2,3,4) + f(2,4)
Step=79 $$$$$$$$$$$$$$$$$$$$$$$$$$$$$. Axiom54 40(2,3) - g2 f(0,2,3) + f(2,3,4) >= f(2,3) + f(0,1,2,3,4)
Step=79 $$$$$$$$$$$$$$$$$$$$$$$$$$$$$. Axiom62 41(2,3) - g2 f(1,2,3) + f(2,3,4) >= f(2,3) + f(0,1,2,3,4)
Step=79 $$$$$$$$$$$$$$$$$$$$$$$$$$$$$$ Axiom41 32(0) - g1 f(0,2) + f(0,3) >= f(0) + f(0,2,3)
Step=79 $$$$$$$$$$$$$$$$$$$$$$$$$$$$$$ Axiom42 32(1) - g1 f(1,2) + f(1,3) >= f(1) + f(1,2,3)
Step=79 $$$$$$$$$$$$$$$$$$$$$$$$$$$$$$ Axiom65 42(0) - g1 f(0,2) + f(0,4) >= f(0) + f(0,2,4)
Step=79 $$$$$$$$$$$$$$$$$$$$$$$$$$$$$$ Axiom66 42(1) - g1 f(1,2) + f(1,4) >= f(1) + f(1,2,4)
Step=79 $$$$$$$$$$$$$$$$$$$$$$$$$$$$$$ Axiom73 43(0) - g1 f(0,3) + f(0,4) >= f(0) + f(0,3,4)
Step=79 $$$$$$$$$$$$$$$$$$$$$$$$$$$$$$ Axiom74 43(1) - g1 f(1,3) + f(1,4) >= f(1) + f(1,3,4)
Step=79 $$$$$$$$$$$$$$$$$$$$$$$$$$$$$$ Axiom10 20(3) - g1 f(0,3) + f(2,3) >= f(3) + f(0,2,3)
Step=79 $$$$$$$$$$$$$$$$$$$$$$$$$$$$$$ Axiom12 20(4) - g1 f(0,4) + f(2,4) >= f(4) + f(0,2,4)
Step=79 $$$$$$$$$$$$$$$$$$$$$$$$$$$$$$ Axiom18 21(3) - g1 f(1,3) + f(2,3) >= f(3) + f(1,2,3)
Step=79 $$$$$$$$$$$$$$$$$$$$$$$$$$$$$$ Axiom20 21(4) - g1 f(1,4) + f(2,4) >= f(4) + f(1,2,4)
Step=79 $$$$$$$$$$$$$$$$$$$$$$$$$$$$$$ Axiom26 30(2) - g1 f(0,2) + f(2,3) >= f(2) + f(0,2,3)
Step=79 $$$$$$$$$$$$$$$$$$$$$$$$$$$$$$ Axiom28 30(4) - g1 f(0,4) + f(3,4) >= f(4) + f(0,3,4)
Step=79 $$$$$$$$$$$$$$$$$$$$$$$$$$$$$$ Axiom34 31(2) - g1 f(1,2) + f(2,3) >= f(2) + f(1,2,3)
Step=79 $$$$$$$$$$$$$$$$$$$$$$$$$$$$$$ Axiom36 31(4) - g1 f(1,4) + f(3,4) >= f(4) + f(1,3,4)
Step=79 $$$$$$$$$$$$$$$$$$$$$$$$$$$$$$ Axiom50 40(2) - g1 f(0,2) + f(2,4) >= f(2) + f(0,2,4)
Step=79 $$$$$$$$$$$$$$$$$$$$$$$$$$$$$$ Axiom52 40(3) - g1 f(0,3) + f(3,4) >= f(3) + f(0,3,4)
Step=79 $$$$$$$$$$$$$$$$$$$$$$$$$$$$$$ Axiom58 41(2) - g1 f(1,2) + f(2,4) >= f(2) + f(1,2,4)
Step=79 $$$$$$$$$$$$$$$$$$$$$$$$$$$$$$ Axiom60 41(3) - g1 f(1,3) + f(3,4) >= f(3) + f(1,3,4)
