! VaryAxiom=6 NoInitialAxiomSet
Step=35 PrevRays=    35 ResultRays=    35 RayPairs=         3 NewAxiom=9 PrevAxioms=6,13,18,20,21,22,25,27,29,33,34,35,36,37,43,49,51,54,57,58,59,63,66,72,73,78,38,53,61,75,62,74,67,60,+9 MissingAxioms=0,1,2,3,4,5,7,8,10,11,12,14,15,16,17,19,23,24,26,28,30,31,32,39,40,41,42,44,45,46,47,48,50,52,55,56,64,65,68,69,70,71,76,77,79
Step=35 PrevRays=    35 ResultRays=    35 RayPairs=         4 NewAxiom=13 PrevAxioms=6,9,18,20,21,22,25,27,29,33,34,35,36,37,43,49,51,54,57,58,59,63,66,72,73,78,38,53,61,75,62,74,67,60,+13 MissingAxioms=0,1,2,3,4,5,7,8,10,11,12,14,15,16,17,19,23,24,26,28,30,31,32,39,40,41,42,44,45,46,47,48,50,52,55,56,64,65,68,69,70,71,76,77,79
Step=35 PrevRays=    34 ResultRays=    35 RayPairs=         6 NewAxiom=18 PrevAxioms=6,9,13,20,21,22,25,27,29,33,34,35,36,37,43,49,54,57,58,59,60,63,66,72,73,78,38,51,61,67,75,53,62,74,+18 MissingAxioms=0,1,2,3,4,5,7,8,10,11,12,14,15,16,17,19,23,24,26,28,30,31,32,39,40,41,42,44,45,46,47,48,50,52,55,56,64,65,68,69,70,71,76,77,79
Step=35 PrevRays=    34 ResultRays=    35 RayPairs=         6 NewAxiom=20 PrevAxioms=6,9,13,18,21,22,25,27,29,33,34,35,36,37,38,43,49,54,57,58,59,63,66,72,73,78,51,61,62,67,75,53,60,74,+20 MissingAxioms=0,1,2,3,4,5,7,8,10,11,12,14,15,16,17,19,23,24,26,28,30,31,32,39,40,41,42,44,45,46,47,48,50,52,55,56,64,65,68,69,70,71,76,77,79
! VaryAxiom=21 NoInitialAxiomSet
Step=35 PrevRays=    35 ResultRays=    35 RayPairs=         4 NewAxiom=22 PrevAxioms=6,9,13,18,20,21,25,27,29,33,34,35,36,37,38,43,49,54,57,58,59,63,66,72,73,78,51,61,62,67,75,53,74,60,+22 MissingAxioms=0,1,2,3,4,5,7,8,10,11,12,14,15,16,17,19,23,24,26,28,30,31,32,39,40,41,42,44,45,46,47,48,50,52,55,56,64,65,68,69,70,71,76,77,79
Step=35 PrevRays=    35 ResultRays=    35 RayPairs=         6 NewAxiom=25 PrevAxioms=6,9,13,18,20,21,22,27,29,33,34,35,36,37,43,49,53,54,57,58,59,63,66,72,73,78,38,51,61,67,75,62,74,60,+25 MissingAxioms=0,1,2,3,4,5,7,8,10,11,12,14,15,16,17,19,23,24,26,28,30,31,32,39,40,41,42,44,45,46,47,48,50,52,55,56,64,65,68,69,70,71,76,77,79
! VaryAxiom=27 NoInitialAxiomSet
Step=35 PrevRays=    35 ResultRays=    35 RayPairs=         6 NewAxiom=29 PrevAxioms=6,9,13,18,20,21,22,25,27,33,34,35,36,37,43,49,53,54,57,58,59,63,66,72,73,78,38,51,61,67,75,62,74,60,+29 MissingAxioms=0,1,2,3,4,5,7,8,10,11,12,14,15,16,17,19,23,24,26,28,30,31,32,39,40,41,42,44,45,46,47,48,50,52,55,56,64,65,68,69,70,71,76,77,79
Step=35 PrevRays=    35 ResultRays=    35 RayPairs=         4 NewAxiom=33 PrevAxioms=6,9,13,18,20,21,22,25,27,29,34,35,36,37,43,49,54,57,58,59,61,63,66,72,73,78,38,51,67,75,53,62,74,60,+33 MissingAxioms=0,1,2,3,4,5,7,8,10,11,12,14,15,16,17,19,23,24,26,28,30,31,32,39,40,41,42,44,45,46,47,48,50,52,55,56,64,65,68,69,70,71,76,77,79
Step=35 PrevRays=    34 ResultRays=    35 RayPairs=         6 NewAxiom=34 PrevAxioms=6,9,13,18,20,21,22,25,27,29,33,35,36,37,43,49,54,57,58,59,60,63,66,72,73,78,38,51,61,67,75,53,62,74,+34 MissingAxioms=0,1,2,3,4,5,7,8,10,11,12,14,15,16,17,19,23,24,26,28,30,31,32,39,40,41,42,44,45,46,47,48,50,52,55,56,64,65,68,69,70,71,76,77,79
! VaryAxiom=35 NoInitialAxiomSet
Step=35 PrevRays=    34 ResultRays=    35 RayPairs=         6 NewAxiom=36 PrevAxioms=6,9,13,18,20,21,22,25,27,29,33,34,35,37,38,43,49,54,57,58,59,63,66,72,73,78,51,61,62,67,75,53,60,74,+36 MissingAxioms=0,1,2,3,4,5,7,8,10,11,12,14,15,16,17,19,23,24,26,28,30,31,32,39,40,41,42,44,45,46,47,48,50,52,55,56,64,65,68,69,70,71,76,77,79
Step=35 PrevRays=    35 ResultRays=    35 RayPairs=         3 NewAxiom=37 PrevAxioms=6,9,13,18,20,21,22,25,27,29,33,34,35,36,43,49,54,57,58,59,61,63,66,72,73,78,38,51,67,75,53,62,74,60,+37 MissingAxioms=0,1,2,3,4,5,7,8,10,11,12,14,15,16,17,19,23,24,26,28,30,31,32,39,40,41,42,44,45,46,47,48,50,52,55,56,64,65,68,69,70,71,76,77,79
Step=35 PrevRays=    35 ResultRays=    35 RayPairs=         4 NewAxiom=38 PrevAxioms=6,9,13,18,20,21,22,25,27,29,33,34,35,36,37,43,49,54,57,58,59,63,66,72,73,78,51,61,67,75,53,74,60,62,+38 MissingAxioms=0,1,2,3,4,5,7,8,10,11,12,14,15,16,17,19,23,24,26,28,30,31,32,39,40,41,42,44,45,46,47,48,50,52,55,56,64,65,68,69,70,71,76,77,79
! VaryAxiom=43 NoInitialAxiomSet
Step=35 PrevRays=    37 ResultRays=    35 RayPairs=         8 NewAxiom=49 PrevAxioms=6,9,13,18,20,21,22,25,27,29,33,34,35,36,37,43,51,54,57,58,59,63,66,72,73,78,38,61,67,75,62,74,60,53,+49 MissingAxioms=0,1,2,3,4,5,7,8,10,11,12,14,15,16,17,19,23,24,26,28,30,31,32,39,40,41,42,44,45,46,47,48,50,52,55,56,64,65,68,69,70,71,76,77,79
Step=35 PrevRays=    34 ResultRays=    35 RayPairs=         3 NewAxiom=51 PrevAxioms=6,9,13,18,20,21,22,25,27,29,33,34,35,36,37,43,49,54,57,58,59,63,66,72,73,78,38,53,61,67,75,62,74,60,+51 MissingAxioms=0,1,2,3,4,5,7,8,10,11,12,14,15,16,17,19,23,24,26,28,30,31,32,39,40,41,42,44,45,46,47,48,50,52,55,56,64,65,68,69,70,71,76,77,79
Step=35 PrevRays=    34 ResultRays=    35 RayPairs=         4 NewAxiom=53 PrevAxioms=6,9,13,18,20,21,22,25,27,29,33,34,35,36,37,43,49,54,57,58,59,63,66,72,73,78,38,51,61,67,75,62,74,60,+53 MissingAxioms=0,1,2,3,4,5,7,8,10,11,12,14,15,16,17,19,23,24,26,28,30,31,32,39,40,41,42,44,45,46,47,48,50,52,55,56,64,65,68,69,70,71,76,77,79
! VaryAxiom=54 NoInitialAxiomSet
Step=35 PrevRays=    35 ResultRays=    35 RayPairs=         4 NewAxiom=57 PrevAxioms=6,9,13,18,20,21,22,25,27,29,33,34,35,36,37,43,49,54,58,59,61,63,66,72,73,78,38,51,67,75,53,62,74,60,+57 MissingAxioms=0,1,2,3,4,5,7,8,10,11,12,14,15,16,17,19,23,24,26,28,30,31,32,39,40,41,42,44,45,46,47,48,50,52,55,56,64,65,68,69,70,71,76,77,79
Step=35 PrevRays=    34 ResultRays=    35 RayPairs=         6 NewAxiom=58 PrevAxioms=6,9,13,18,20,21,22,25,27,29,33,34,35,36,37,43,49,54,57,59,60,63,66,72,73,78,38,51,61,67,75,53,62,74,+58 MissingAxioms=0,1,2,3,4,5,7,8,10,11,12,14,15,16,17,19,23,24,26,28,30,31,32,39,40,41,42,44,45,46,47,48,50,52,55,56,64,65,68,69,70,71,76,77,79
! VaryAxiom=59 NoInitialAxiomSet
Step=35 PrevRays=    34 ResultRays=    35 RayPairs=         6 NewAxiom=60 PrevAxioms=6,9,13,18,20,21,22,25,27,29,33,34,35,36,37,43,49,54,57,58,59,63,66,72,73,78,38,51,61,67,75,53,62,74,+60 MissingAxioms=0,1,2,3,4,5,7,8,10,11,12,14,15,16,17,19,23,24,26,28,30,31,32,39,40,41,42,44,45,46,47,48,50,52,55,56,64,65,68,69,70,71,76,77,79
Step=35 PrevRays=    35 ResultRays=    35 RayPairs=         3 NewAxiom=61 PrevAxioms=6,9,13,18,20,21,22,25,27,29,33,34,35,36,37,43,49,54,57,58,59,63,66,72,73,78,38,51,67,75,53,62,74,60,+61 MissingAxioms=0,1,2,3,4,5,7,8,10,11,12,14,15,16,17,19,23,24,26,28,30,31,32,39,40,41,42,44,45,46,47,48,50,52,55,56,64,65,68,69,70,71,76,77,79
Step=35 PrevRays=    35 ResultRays=    35 RayPairs=         4 NewAxiom=62 PrevAxioms=6,9,13,18,20,21,22,25,27,29,33,34,35,36,37,43,49,54,57,58,59,63,66,72,73,78,38,51,61,67,75,53,74,60,+62 MissingAxioms=0,1,2,3,4,5,7,8,10,11,12,14,15,16,17,19,23,24,26,28,30,31,32,39,40,41,42,44,45,46,47,48,50,52,55,56,64,65,68,69,70,71,76,77,79
! VaryAxiom=63 NoInitialAxiomSet
Step=35 PrevRays=    35 ResultRays=    35 RayPairs=         3 NewAxiom=66 PrevAxioms=6,9,13,18,20,21,22,25,27,29,33,34,35,36,37,43,49,54,57,58,59,63,67,72,73,78,38,51,61,75,53,62,74,60,+66 MissingAxioms=0,1,2,3,4,5,7,8,10,11,12,14,15,16,17,19,23,24,26,28,30,31,32,39,40,41,42,44,45,46,47,48,50,52,55,56,64,65,68,69,70,71,76,77,79
Step=35 PrevRays=    35 ResultRays=    35 RayPairs=         4 NewAxiom=67 PrevAxioms=6,9,13,18,20,21,22,25,27,29,33,34,35,36,37,43,49,54,57,58,59,63,66,72,73,78,38,51,61,75,53,62,74,60,+67 MissingAxioms=0,1,2,3,4,5,7,8,10,11,12,14,15,16,17,19,23,24,26,28,30,31,32,39,40,41,42,44,45,46,47,48,50,52,55,56,64,65,68,69,70,71,76,77,79
! VaryAxiom=72 NoInitialAxiomSet
Step=35 PrevRays=    34 ResultRays=    35 RayPairs=         3 NewAxiom=73 PrevAxioms=6,9,13,18,20,21,22,25,27,29,33,34,35,36,37,43,49,54,57,58,59,63,66,72,74,78,38,51,61,67,75,53,62,60,+73 MissingAxioms=0,1,2,3,4,5,7,8,10,11,12,14,15,16,17,19,23,24,26,28,30,31,32,39,40,41,42,44,45,46,47,48,50,52,55,56,64,65,68,69,70,71,76,77,79
Step=35 PrevRays=    34 ResultRays=    35 RayPairs=         4 NewAxiom=74 PrevAxioms=6,9,13,18,20,21,22,25,27,29,33,34,35,36,37,43,49,54,57,58,59,63,66,72,73,78,38,51,61,67,75,53,62,60,+74 MissingAxioms=0,1,2,3,4,5,7,8,10,11,12,14,15,16,17,19,23,24,26,28,30,31,32,39,40,41,42,44,45,46,47,48,50,52,55,56,64,65,68,69,70,71,76,77,79
Step=35 PrevRays=    37 ResultRays=    35 RayPairs=         8 NewAxiom=75 PrevAxioms=6,9,13,18,20,21,22,25,27,29,33,34,35,36,37,43,49,54,57,58,59,63,66,72,73,78,38,51,61,67,53,62,60,74,+75 MissingAxioms=0,1,2,3,4,5,7,8,10,11,12,14,15,16,17,19,23,24,26,28,30,31,32,39,40,41,42,44,45,46,47,48,50,52,55,56,64,65,68,69,70,71,76,77,79
! VaryAxiom=78 NoInitialAxiomSet

Ordered by number of ray pairs:
Step=35 ###########................... (min) Axiom9 02(1) - g1 f(0,1) + f(1,2) >= f(1) + f(0,1,2)
Step=35 ###########................... (min) Axiom37 13(0,4) - g2 f(0,1,4) + f(0,3,4) >= f(0,1,2,3,4) + f(0,4)
Step=35 ###########................... (min) Axiom51 04(1,2) - g2 f(0,1,2) + f(1,2,4) >= f(1,2) + f(0,1,2,3,4)
Step=35 ###########................... (min) Axiom61 14(0,3) - g2 f(0,1,3) + f(0,3,4) >= f(0,3) + f(0,1,2,3,4)
Step=35 ###########................... (min) Axiom66 24(1) - g1 f(1,2) + f(1,4) >= f(1) + f(1,2,4)
Step=35 ###########................... (min) Axiom73 34(0) - g1 f(0,3) + f(0,4) >= f(0) + f(0,3,4)
Step=35 ###############............... Axiom13 02(1,4) - g2 f(0,1,4) + f(1,2,4) >= f(0,1,2,3,4) + f(1,4)
Step=35 ###############............... Axiom22 12(3,4) - g2 f(1,3,4) + f(2,3,4) >= f(0,1,2,3,4) + f(3,4)
Step=35 ###############............... Axiom33 13(0) - g1 f(0,1) + f(0,3) >= f(0) + f(0,1,3)
Step=35 ###############............... Axiom38 13(2,4) - g2 f(1,2,4) + f(2,3,4) >= f(0,1,2,3,4) + f(2,4)
Step=35 ###############............... Axiom53 04(1,3) - g2 f(0,1,3) + f(1,3,4) >= f(1,3) + f(0,1,2,3,4)
Step=35 ###############............... Axiom57 14(0) - g1 f(0,1) + f(0,4) >= f(0) + f(0,1,4)
Step=35 ###############............... Axiom62 14(2,3) - g2 f(1,2,3) + f(2,3,4) >= f(2,3) + f(0,1,2,3,4)
Step=35 ###############............... Axiom67 24(0,1) - g2 f(0,1,2) + f(0,1,4) >= f(0,1) + f(0,1,2,3,4)
Step=35 ###############............... Axiom74 34(1) - g1 f(1,3) + f(1,4) >= f(1) + f(1,3,4)
Step=35 #######################....... Axiom18 12(3) - g1 f(1,3) + f(2,3) >= f(3) + f(1,2,3)
Step=35 #######################....... Axiom20 12(4) - g1 f(1,4) + f(2,4) >= f(4) + f(1,2,4)
Step=35 #######################....... Axiom25 03(1) - g1 f(0,1) + f(1,3) >= f(1) + f(0,1,3)
Step=35 #######################....... Axiom29 03(1,4) - g2 f(0,1,4) + f(1,3,4) >= f(0,1,2,3,4) + f(1,4)
Step=35 #######################....... Axiom34 13(2) - g1 f(1,2) + f(2,3) >= f(2) + f(1,2,3)
Step=35 #######################....... Axiom36 13(4) - g1 f(1,4) + f(3,4) >= f(4) + f(1,3,4)
Step=35 #######################....... Axiom58 14(2) - g1 f(1,2) + f(2,4) >= f(2) + f(1,2,4)
Step=35 #######################....... Axiom60 14(3) - g1 f(1,3) + f(3,4) >= f(3) + f(1,3,4)
Step=35 ############################## Axiom49 04(1) - g1 f(0,1) + f(1,4) >= f(1) + f(0,1,4)
Step=35 ############################## Axiom75 34(0,1) - g2 f(0,1,3) + f(0,1,4) >= f(0,1) + f(0,1,2,3,4)

Ordered by number of previous rays:
Step=35 $$$$$$$$$$$$$$$$$$$$$$$$$$$$.. (min) Axiom18 12(3) - g1 f(1,3) + f(2,3) >= f(3) + f(1,2,3)
Step=35 $$$$$$$$$$$$$$$$$$$$$$$$$$$$.. (min) Axiom20 12(4) - g1 f(1,4) + f(2,4) >= f(4) + f(1,2,4)
Step=35 $$$$$$$$$$$$$$$$$$$$$$$$$$$$.. (min) Axiom34 13(2) - g1 f(1,2) + f(2,3) >= f(2) + f(1,2,3)
Step=35 $$$$$$$$$$$$$$$$$$$$$$$$$$$$.. (min) Axiom36 13(4) - g1 f(1,4) + f(3,4) >= f(4) + f(1,3,4)
Step=35 $$$$$$$$$$$$$$$$$$$$$$$$$$$$.. (min) Axiom51 04(1,2) - g2 f(0,1,2) + f(1,2,4) >= f(1,2) + f(0,1,2,3,4)
Step=35 $$$$$$$$$$$$$$$$$$$$$$$$$$$$.. (min) Axiom53 04(1,3) - g2 f(0,1,3) + f(1,3,4) >= f(1,3) + f(0,1,2,3,4)
Step=35 $$$$$$$$$$$$$$$$$$$$$$$$$$$$.. (min) Axiom58 14(2) - g1 f(1,2) + f(2,4) >= f(2) + f(1,2,4)
Step=35 $$$$$$$$$$$$$$$$$$$$$$$$$$$$.. (min) Axiom60 14(3) - g1 f(1,3) + f(3,4) >= f(3) + f(1,3,4)
Step=35 $$$$$$$$$$$$$$$$$$$$$$$$$$$$.. (min) Axiom73 34(0) - g1 f(0,3) + f(0,4) >= f(0) + f(0,3,4)
Step=35 $$$$$$$$$$$$$$$$$$$$$$$$$$$$.. (min) Axiom74 34(1) - g1 f(1,3) + f(1,4) >= f(1) + f(1,3,4)
Step=35 $$$$$$$$$$$$$$$$$$$$$$$$$$$$.. Axiom9 02(1) - g1 f(0,1) + f(1,2) >= f(1) + f(0,1,2)
Step=35 $$$$$$$$$$$$$$$$$$$$$$$$$$$$.. Axiom13 02(1,4) - g2 f(0,1,4) + f(1,2,4) >= f(0,1,2,3,4) + f(1,4)
Step=35 $$$$$$$$$$$$$$$$$$$$$$$$$$$$.. Axiom22 12(3,4) - g2 f(1,3,4) + f(2,3,4) >= f(0,1,2,3,4) + f(3,4)
Step=35 $$$$$$$$$$$$$$$$$$$$$$$$$$$$.. Axiom25 03(1) - g1 f(0,1) + f(1,3) >= f(1) + f(0,1,3)
Step=35 $$$$$$$$$$$$$$$$$$$$$$$$$$$$.. Axiom29 03(1,4) - g2 f(0,1,4) + f(1,3,4) >= f(0,1,2,3,4) + f(1,4)
Step=35 $$$$$$$$$$$$$$$$$$$$$$$$$$$$.. Axiom33 13(0) - g1 f(0,1) + f(0,3) >= f(0) + f(0,1,3)
Step=35 $$$$$$$$$$$$$$$$$$$$$$$$$$$$.. Axiom37 13(0,4) - g2 f(0,1,4) + f(0,3,4) >= f(0,1,2,3,4) + f(0,4)
Step=35 $$$$$$$$$$$$$$$$$$$$$$$$$$$$.. Axiom38 13(2,4) - g2 f(1,2,4) + f(2,3,4) >= f(0,1,2,3,4) + f(2,4)
Step=35 $$$$$$$$$$$$$$$$$$$$$$$$$$$$.. Axiom57 14(0) - g1 f(0,1) + f(0,4) >= f(0) + f(0,1,4)
Step=35 $$$$$$$$$$$$$$$$$$$$$$$$$$$$.. Axiom61 14(0,3) - g2 f(0,1,3) + f(0,3,4) >= f(0,3) + f(0,1,2,3,4)
Step=35 $$$$$$$$$$$$$$$$$$$$$$$$$$$$.. Axiom62 14(2,3) - g2 f(1,2,3) + f(2,3,4) >= f(2,3) + f(0,1,2,3,4)
Step=35 $$$$$$$$$$$$$$$$$$$$$$$$$$$$.. Axiom66 24(1) - g1 f(1,2) + f(1,4) >= f(1) + f(1,2,4)
Step=35 $$$$$$$$$$$$$$$$$$$$$$$$$$$$.. Axiom67 24(0,1) - g2 f(0,1,2) + f(0,1,4) >= f(0,1) + f(0,1,2,3,4)
Step=35 $$$$$$$$$$$$$$$$$$$$$$$$$$$$$$ Axiom49 04(1) - g1 f(0,1) + f(1,4) >= f(1) + f(0,1,4)
Step=35 $$$$$$$$$$$$$$$$$$$$$$$$$$$$$$ Axiom75 34(0,1) - g2 f(0,1,3) + f(0,1,4) >= f(0,1) + f(0,1,2,3,4)
