Step=65 PrevRays=  9574 ResultRays= 11591 RayPairs=  10373472 NewAxiom=1 PrevAxioms=2,4,6,9,10,11,12,13,14,15,17,18,20,22,25,26,28,33,36,41,45,49,57,65,72,73,19,21,23,29,37,69,77,27,59,61,30,60,75,71,53,62,74,47,52,54,50,67,43,39,46,55,31,70,42,38,35,79,51,66,78,63,34,58,+1 MissingAxioms=0,3,5,7,8,16,24,32,40,44,48,56,64,68,76 TotalTime=2.6
Step=65 PrevRays= 11614 ResultRays= 11591 RayPairs=  16447806 NewAxiom=2 PrevAxioms=1,4,6,9,10,11,12,13,14,15,17,18,20,22,25,26,28,33,36,41,45,49,57,65,72,73,19,21,23,29,37,69,77,27,59,61,30,67,75,53,47,74,71,43,42,70,39,35,79,55,50,54,52,63,62,51,31,46,34,38,78,60,66,58,+2 MissingAxioms=0,3,5,7,8,16,24,32,40,44,48,56,64,68,76 TotalTime=3.9
Step=65 PrevRays= 11614 ResultRays= 11591 RayPairs=  16447806 NewAxiom=4 PrevAxioms=1,2,6,9,10,11,12,13,14,15,17,18,20,22,25,28,29,33,36,41,45,49,57,65,72,73,19,21,23,37,69,77,27,59,61,60,30,26,67,47,75,53,71,74,52,54,39,70,50,31,63,35,43,42,79,55,62,51,38,58,78,46,66,34,+4 MissingAxioms=0,3,5,7,8,16,24,32,40,44,48,56,64,68,76 TotalTime=4.2
Step=65 PrevRays=  9952 ResultRays= 11591 RayPairs=   4062378 NewAxiom=6 PrevAxioms=1,2,4,9,10,11,12,13,14,15,17,18,20,22,25,28,29,33,36,41,45,49,57,65,72,73,19,21,23,37,69,77,27,59,61,26,30,67,75,47,53,74,71,52,54,43,39,50,70,42,35,63,31,51,79,38,58,55,62,46,34,78,66,60,+6 MissingAxioms=0,3,5,7,8,16,24,32,40,44,48,56,64,68,76 TotalTime=3.3
Step=65 PrevRays= 12089 ResultRays= 11591 RayPairs=  18130748 NewAxiom=9 PrevAxioms=1,2,4,6,10,11,12,13,14,15,17,18,20,22,25,26,28,33,36,41,45,49,57,65,72,73,19,21,23,29,37,69,77,35,53,43,52,38,27,31,34,70,71,55,54,75,61,60,62,58,63,51,39,59,67,30,74,47,42,79,46,66,78,50,+9 MissingAxioms=0,3,5,7,8,16,24,32,40,44,48,56,64,68,76 TotalTime=3.4
Step=65 PrevRays= 11295 ResultRays= 11591 RayPairs=  15088311 NewAxiom=10 PrevAxioms=1,2,4,6,9,11,12,13,14,15,17,18,19,20,22,25,28,33,36,41,45,49,57,65,72,73,21,23,27,29,35,37,43,42,34,46,47,53,38,52,69,77,30,26,51,71,67,66,59,31,39,79,63,75,74,61,62,70,55,58,54,78,50,60,+10 MissingAxioms=0,3,5,7,8,16,24,32,40,44,48,56,64,68,76 TotalTime=4.1
Step=65 PrevRays= 11925 ResultRays= 11591 RayPairs=  11913555 NewAxiom=11 PrevAxioms=1,2,4,6,9,10,12,13,14,15,17,18,19,20,22,25,28,33,36,41,45,49,57,65,72,73,21,23,29,35,37,43,51,53,69,77,34,38,52,54,71,31,75,61,63,30,39,62,55,70,58,74,27,79,67,47,46,42,66,59,78,26,60,50,+11 MissingAxioms=0,3,5,7,8,16,24,32,40,44,48,56,64,68,76 TotalTime=5.2
Step=65 PrevRays= 11295 ResultRays= 11591 RayPairs=  15088311 NewAxiom=12 PrevAxioms=1,2,4,6,9,10,11,13,14,15,17,18,20,21,22,25,28,33,36,41,45,49,57,65,72,73,19,23,29,37,51,59,67,77,66,38,53,69,61,27,47,75,26,74,70,52,71,43,54,39,42,35,63,79,55,62,31,46,58,78,30,50,34,60,+12 MissingAxioms=0,3,5,7,8,16,24,32,40,44,48,56,64,68,76 TotalTime=3.3
Step=65 PrevRays= 11925 ResultRays= 11591 RayPairs=  11913555 NewAxiom=13 PrevAxioms=1,2,4,6,9,10,11,12,14,15,17,18,20,21,22,25,28,33,36,41,45,49,57,65,72,73,19,23,29,37,59,67,77,27,69,30,61,38,26,47,75,53,74,70,71,52,60,54,39,63,50,31,46,35,34,43,79,55,62,51,58,78,42,66,+13 MissingAxioms=0,3,5,7,8,16,24,32,40,44,48,56,64,68,76 TotalTime=3.4
Step=65 PrevRays= 11106 ResultRays= 11591 RayPairs=  11538219 NewAxiom=14 PrevAxioms=1,2,4,6,9,10,11,12,13,15,17,18,20,22,23,25,28,33,36,41,45,49,57,65,72,73,19,21,29,37,69,77,27,59,61,26,67,75,30,60,51,66,62,47,46,38,53,74,55,31,50,63,54,39,79,43,35,71,42,78,34,70,58,52,+14 MissingAxioms=0,3,5,7,8,16,24,32,40,44,48,56,64,68,76 TotalTime=4.5
Step=65 PrevRays= 11538 ResultRays= 11591 RayPairs=  13022600 NewAxiom=15 PrevAxioms=1,2,4,6,9,10,11,12,13,14,17,18,20,22,23,25,28,33,36,41,45,49,57,65,72,73,19,21,29,37,69,77,27,59,61,30,26,67,75,47,60,51,62,66,38,53,52,39,31,46,55,50,63,35,54,79,43,74,71,42,78,70,34,58,+15 MissingAxioms=0,3,5,7,8,16,24,32,40,44,48,56,64,68,76 TotalTime=3.2
Step=65 PrevRays= 12089 ResultRays= 11591 RayPairs=  18130748 NewAxiom=17 PrevAxioms=1,2,4,6,9,10,11,12,13,14,15,18,20,22,25,28,33,34,36,41,45,49,57,65,72,73,19,21,23,29,37,69,77,27,61,75,60,30,47,35,53,46,70,74,26,71,52,38,54,31,78,63,43,62,55,51,79,58,39,67,59,42,66,50,+17 MissingAxioms=0,3,5,7,8,16,24,32,40,44,48,56,64,68,76 TotalTime=3.9
Step=65 PrevRays= 11295 ResultRays= 11591 RayPairs=  15088311 NewAxiom=18 PrevAxioms=1,2,4,6,9,10,11,12,13,14,15,17,19,20,22,25,28,33,36,41,45,49,57,65,72,73,21,23,27,29,35,37,43,42,26,46,47,61,75,30,60,38,51,79,59,67,66,34,71,53,39,74,70,31,55,78,54,69,63,50,62,77,58,52,+18 MissingAxioms=0,3,5,7,8,16,24,32,40,44,48,56,64,68,76 TotalTime=4.3
Step=65 PrevRays= 11925 ResultRays= 11591 RayPairs=  11913555 NewAxiom=19 PrevAxioms=1,2,4,6,9,10,11,12,13,14,15,17,18,20,22,25,28,33,36,41,45,49,57,65,72,73,21,23,27,29,37,69,77,59,61,26,30,67,75,60,62,47,53,55,39,46,31,50,54,63,35,34,51,74,38,79,43,71,70,42,78,66,52,58,+19 MissingAxioms=0,3,5,7,8,16,24,32,40,44,48,56,64,68,76 TotalTime=4.6
Step=65 PrevRays= 11295 ResultRays= 11591 RayPairs=  15088311 NewAxiom=20 PrevAxioms=1,2,4,6,9,10,11,12,13,14,15,17,18,21,22,25,28,33,36,41,45,49,57,65,72,73,19,23,29,37,51,59,67,77,66,30,61,69,27,60,47,53,75,62,55,39,50,58,46,35,63,43,79,74,54,31,71,26,38,78,42,70,34,52,+20 MissingAxioms=0,3,5,7,8,16,24,32,40,44,48,56,64,68,76 TotalTime=5.1
Step=65 PrevRays= 11925 ResultRays= 11591 RayPairs=  11913555 NewAxiom=21 PrevAxioms=1,2,4,6,9,10,11,12,13,14,15,17,18,20,22,25,28,33,36,41,45,49,57,65,72,73,19,23,29,37,51,69,77,35,30,43,53,38,34,27,42,52,46,31,39,47,79,54,71,75,61,67,66,63,60,59,74,70,55,62,58,78,50,26,+21 MissingAxioms=0,3,5,7,8,16,24,32,40,44,48,56,64,68,76 TotalTime=3.7
Step=65 PrevRays= 11106 ResultRays= 11591 RayPairs=  11538219 NewAxiom=22 PrevAxioms=1,2,4,6,9,10,11,12,13,14,15,17,18,20,23,25,28,33,36,41,45,49,57,65,72,73,19,21,29,37,69,77,27,59,61,30,26,67,75,47,46,60,53,71,74,43,42,35,34,52,54,50,63,79,51,58,31,78,70,55,39,38,62,66,+22 MissingAxioms=0,3,5,7,8,16,24,32,40,44,48,56,64,68,76 TotalTime=2.8
Step=65 PrevRays= 11538 ResultRays= 11591 RayPairs=  13022600 NewAxiom=23 PrevAxioms=1,2,4,6,9,10,11,12,13,14,15,17,18,20,22,25,28,33,36,41,45,49,57,65,72,73,19,21,29,37,69,77,27,59,61,30,26,67,75,60,51,62,66,38,53,55,46,31,39,52,47,43,71,70,79,78,42,63,35,54,50,34,74,58,+23 MissingAxioms=0,3,5,7,8,16,24,32,40,44,48,56,64,68,76 TotalTime=3.3
Step=65 PrevRays= 11862 ResultRays= 11591 RayPairs=  17622570 NewAxiom=25 PrevAxioms=1,2,4,6,9,10,11,12,13,14,15,17,18,20,22,26,28,33,36,41,45,49,57,65,72,73,19,21,23,29,37,69,77,35,51,43,27,38,34,31,60,70,61,75,71,62,58,52,55,54,63,42,53,59,39,30,67,79,78,47,66,74,46,50,+25 MissingAxioms=0,3,5,7,8,16,24,32,40,44,48,56,64,68,76 TotalTime=3.8
Step=65 PrevRays= 11394 ResultRays= 11591 RayPairs=  15582168 NewAxiom=26 PrevAxioms=1,2,4,6,9,10,11,12,13,14,15,17,18,20,22,25,28,33,36,41,45,49,57,65,72,73,19,21,23,29,37,69,77,27,59,61,30,60,75,71,53,62,74,47,52,54,67,43,39,46,55,50,42,70,35,79,66,51,38,31,63,78,58,34,+26 MissingAxioms=0,3,5,7,8,16,24,32,40,44,48,56,64,68,76 TotalTime=3.3
Step=65 PrevRays= 12073 ResultRays= 11591 RayPairs=  12594363 NewAxiom=27 PrevAxioms=1,2,4,6,9,10,11,12,13,14,15,17,18,20,22,25,28,33,36,41,45,49,57,65,72,73,19,21,23,29,37,69,77,35,51,43,53,34,38,52,46,47,42,30,61,75,60,62,79,39,58,74,71,54,31,67,66,70,78,63,59,55,50,26,+27 MissingAxioms=0,3,5,7,8,16,24,32,40,44,48,56,64,68,76 TotalTime=3.5
Step=65 PrevRays= 12020 ResultRays= 11591 RayPairs=  16758456 NewAxiom=28 PrevAxioms=1,2,4,6,9,10,11,12,13,14,15,17,18,20,22,25,29,33,36,41,45,49,57,65,72,73,19,21,23,37,53,69,77,35,43,51,34,38,52,31,70,71,61,75,54,74,55,27,63,42,62,58,39,67,30,47,79,66,59,46,78,50,26,60,+28 MissingAxioms=0,3,5,7,8,16,24,32,40,44,48,56,64,68,76 TotalTime=5.3
Step=65 PrevRays= 11817 ResultRays= 11591 RayPairs=  10128134 NewAxiom=29 PrevAxioms=1,2,4,6,9,10,11,12,13,14,15,17,18,20,22,25,28,33,36,41,45,49,57,65,72,73,19,21,23,37,69,77,27,59,61,30,26,67,75,47,60,51,62,46,38,66,53,52,55,31,39,50,54,63,71,43,79,78,42,35,34,70,74,58,+29 MissingAxioms=0,3,5,7,8,16,24,32,40,44,48,56,64,68,76 TotalTime=3.5
Step=65 PrevRays= 10815 ResultRays= 11591 RayPairs=   8886200 NewAxiom=30 PrevAxioms=1,2,4,6,9,10,11,12,13,14,15,17,18,20,22,25,28,33,36,41,45,49,57,65,72,73,19,21,23,29,37,69,77,27,59,61,26,67,75,46,47,53,74,38,52,71,60,54,31,70,43,50,63,35,79,42,55,62,78,51,66,39,58,34,+30 MissingAxioms=0,3,5,7,8,16,24,32,40,44,48,56,64,68,76 TotalTime=3.2
Step=65 PrevRays= 11111 ResultRays= 11591 RayPairs=  12000000 NewAxiom=31 PrevAxioms=1,2,4,6,9,10,11,12,13,14,15,17,18,20,22,25,28,33,36,41,45,49,57,65,72,73,19,21,23,29,37,69,77,27,59,61,26,30,67,75,47,60,51,62,46,38,53,66,55,52,39,50,63,54,71,43,79,74,35,58,70,78,42,34,+31 MissingAxioms=0,3,5,7,8,16,24,32,40,44,48,56,64,68,76 TotalTime=3.5
Step=65 PrevRays= 11862 ResultRays= 11591 RayPairs=  17622570 NewAxiom=33 PrevAxioms=1,2,4,6,9,10,11,12,13,14,15,17,18,20,22,25,28,34,36,41,45,49,57,65,72,73,19,21,23,29,37,69,77,27,59,67,53,35,30,47,26,52,43,71,54,39,50,79,75,63,74,61,46,60,31,51,66,55,62,38,70,78,42,58,+33 MissingAxioms=0,3,5,7,8,16,24,32,40,44,48,56,64,68,76 TotalTime=4.0
Step=65 PrevRays= 11394 ResultRays= 11591 RayPairs=  15582168 NewAxiom=34 PrevAxioms=1,2,4,6,9,10,11,12,13,14,15,17,18,20,22,25,28,33,36,41,45,49,57,65,72,73,19,21,23,29,37,69,77,27,59,61,26,30,67,75,47,60,51,62,46,38,53,66,55,31,52,39,50,54,63,71,43,79,35,78,42,58,70,74,+34 MissingAxioms=0,3,5,7,8,16,24,32,40,44,48,56,64,68,76 TotalTime=3.2
Step=65 PrevRays= 12073 ResultRays= 11591 RayPairs=  12594363 NewAxiom=35 PrevAxioms=1,2,4,6,9,10,11,12,13,14,15,17,18,20,22,25,28,33,36,41,45,49,57,65,72,73,19,21,23,29,37,69,77,27,59,61,26,30,67,75,47,60,51,62,46,38,53,66,55,31,52,39,50,54,63,71,43,79,78,42,70,58,74,34,+35 MissingAxioms=0,3,5,7,8,16,24,32,40,44,48,56,64,68,76 TotalTime=3.3
Step=65 PrevRays= 12020 ResultRays= 11591 RayPairs=  16758456 NewAxiom=36 PrevAxioms=1,2,4,6,9,10,11,12,13,14,15,17,18,20,22,25,28,33,37,41,45,49,57,65,72,73,19,21,23,29,61,69,75,27,77,59,53,52,60,70,71,62,30,74,39,67,47,54,79,43,35,42,50,26,55,51,31,38,63,58,78,46,34,66,+36 MissingAxioms=0,3,5,7,8,16,24,32,40,44,48,56,64,68,76 TotalTime=3.6
Step=65 PrevRays= 11817 ResultRays= 11591 RayPairs=  10128134 NewAxiom=37 PrevAxioms=1,2,4,6,9,10,11,12,13,14,15,17,18,20,22,25,28,33,36,41,45,49,57,65,72,73,19,21,23,29,69,77,27,59,67,53,38,52,70,75,71,74,54,66,61,60,47,50,62,43,42,79,35,63,55,39,46,31,78,30,26,51,58,34,+37 MissingAxioms=0,3,5,7,8,16,24,32,40,44,48,56,64,68,76 TotalTime=4.0
Step=65 PrevRays= 10815 ResultRays= 11591 RayPairs=   8886200 NewAxiom=38 PrevAxioms=1,2,4,6,9,10,11,12,13,14,15,17,18,20,22,25,28,33,36,41,45,49,57,65,72,73,19,21,23,29,37,69,77,27,59,61,26,30,67,75,47,60,51,62,46,53,74,66,55,31,39,50,54,63,35,79,43,42,71,78,34,70,52,58,+38 MissingAxioms=0,3,5,7,8,16,24,32,40,44,48,56,64,68,76 TotalTime=4.0
Step=65 PrevRays= 11111 ResultRays= 11591 RayPairs=  12000000 NewAxiom=39 PrevAxioms=1,2,4,6,9,10,11,12,13,14,15,17,18,20,22,25,28,33,36,41,45,49,57,65,72,73,19,21,23,29,37,69,77,27,59,61,26,30,67,75,47,60,51,62,46,38,53,66,55,31,52,63,43,79,78,71,35,54,50,42,70,74,58,34,+39 MissingAxioms=0,3,5,7,8,16,24,32,40,44,48,56,64,68,76 TotalTime=3.3
Step=65 PrevRays= 11179 ResultRays= 11591 RayPairs=  14335320 NewAxiom=41 PrevAxioms=1,2,4,6,9,10,11,12,13,14,15,17,18,20,22,25,28,33,36,42,45,49,57,65,72,73,19,21,23,29,37,27,43,59,67,75,61,26,30,47,60,46,38,51,79,62,66,53,39,52,71,70,35,63,74,31,78,55,54,50,69,77,34,58,+41 MissingAxioms=0,3,5,7,8,16,24,32,40,44,48,56,64,68,76 TotalTime=3.8
Step=65 PrevRays= 11179 ResultRays= 11591 RayPairs=  14335320 NewAxiom=42 PrevAxioms=1,2,4,6,9,10,11,12,13,14,15,17,18,20,22,25,28,33,36,41,45,49,57,65,72,73,19,21,23,29,37,69,77,27,59,61,26,30,67,75,47,60,51,62,46,38,53,66,55,31,52,39,50,54,63,71,43,79,35,78,34,74,70,58,+42 MissingAxioms=0,3,5,7,8,16,24,32,40,44,48,56,64,68,76 TotalTime=3.3
Step=65 PrevRays= 12079 ResultRays= 11591 RayPairs=  10897605 NewAxiom=43 PrevAxioms=1,2,4,6,9,10,11,12,13,14,15,17,18,20,22,25,28,33,36,41,45,49,57,65,72,73,19,21,23,29,37,69,77,27,59,61,26,30,67,75,47,60,51,62,46,38,53,66,55,31,52,39,50,54,63,71,79,35,78,34,70,74,42,58,+43 MissingAxioms=0,3,5,7,8,16,24,32,40,44,48,56,64,68,76 TotalTime=3.4
Step=65 PrevRays= 11903 ResultRays= 11591 RayPairs=  13913370 NewAxiom=45 PrevAxioms=1,2,4,6,9,10,11,12,13,14,15,17,18,20,22,25,28,33,36,41,46,49,57,65,72,73,19,21,23,29,37,27,59,67,75,61,26,30,60,47,43,79,53,38,31,71,69,35,39,70,55,62,52,66,51,78,42,63,54,50,74,77,58,34,+45 MissingAxioms=0,3,5,7,8,16,24,32,40,44,48,56,64,68,76 TotalTime=4.0
Step=65 PrevRays= 11903 ResultRays= 11591 RayPairs=  13913370 NewAxiom=46 PrevAxioms=1,2,4,6,9,10,11,12,13,14,15,17,18,20,22,25,28,33,36,41,45,49,57,65,72,73,19,21,23,29,37,69,77,27,59,61,26,30,67,75,47,60,51,62,66,39,63,35,34,38,43,79,78,55,53,54,31,71,42,50,74,70,52,58,+46 MissingAxioms=0,3,5,7,8,16,24,32,40,44,48,56,64,68,76 TotalTime=4.0
Step=65 PrevRays= 10874 ResultRays= 11591 RayPairs=   9934620 NewAxiom=47 PrevAxioms=1,2,4,6,9,10,11,12,13,14,15,17,18,20,22,25,28,33,36,41,45,49,57,65,72,73,19,21,23,29,37,69,77,27,59,61,26,30,67,75,60,51,66,62,46,53,55,39,52,63,35,79,43,71,54,38,31,78,34,58,42,70,74,50,+47 MissingAxioms=0,3,5,7,8,16,24,32,40,44,48,56,64,68,76 TotalTime=3.1
Step=65 PrevRays= 11862 ResultRays= 11591 RayPairs=  17622570 NewAxiom=49 PrevAxioms=1,2,4,6,9,10,11,12,13,14,15,17,18,20,22,25,28,33,36,41,45,50,57,65,72,73,19,21,23,29,37,69,77,27,59,61,26,30,67,75,47,60,54,71,52,74,43,53,39,70,79,35,31,63,42,55,62,46,78,38,66,51,58,34,+49 MissingAxioms=0,3,5,7,8,16,24,32,40,44,48,56,64,68,76 TotalTime=3.4
Step=65 PrevRays= 11394 ResultRays= 11591 RayPairs=  15582168 NewAxiom=50 PrevAxioms=1,2,4,6,9,10,11,12,13,14,15,17,18,20,22,25,28,33,36,41,45,49,57,65,72,73,19,21,23,29,37,69,77,27,59,61,26,30,67,75,47,60,51,62,46,38,53,66,55,31,52,39,63,35,79,78,54,71,43,34,58,42,70,74,+50 MissingAxioms=0,3,5,7,8,16,24,32,40,44,48,56,64,68,76 TotalTime=3.3
Step=65 PrevRays= 12073 ResultRays= 11591 RayPairs=  12594363 NewAxiom=51 PrevAxioms=1,2,4,6,9,10,11,12,13,14,15,17,18,20,22,25,28,33,36,41,45,49,57,65,72,73,19,21,23,29,37,69,77,27,59,61,26,30,67,75,47,60,53,46,71,74,38,43,70,62,42,66,55,78,39,52,35,79,54,50,31,63,34,58,+51 MissingAxioms=0,3,5,7,8,16,24,32,40,44,48,56,64,68,76 TotalTime=3.3
Step=65 PrevRays= 12020 ResultRays= 11591 RayPairs=  16758456 NewAxiom=52 PrevAxioms=1,2,4,6,9,10,11,12,13,14,15,17,18,20,22,25,28,33,36,41,45,49,57,65,72,73,19,21,23,29,37,69,77,27,59,61,26,30,67,75,47,60,51,62,46,38,53,66,55,31,39,50,63,35,54,79,43,78,42,71,34,74,70,58,+52 MissingAxioms=0,3,5,7,8,16,24,32,40,44,48,56,64,68,76 TotalTime=4.0
Step=65 PrevRays= 11817 ResultRays= 11591 RayPairs=  10128134 NewAxiom=53 PrevAxioms=1,2,4,6,9,10,11,12,13,14,15,17,18,20,22,25,28,33,36,41,45,49,57,65,72,73,19,21,23,29,37,69,77,27,59,61,26,30,67,75,47,60,51,62,46,38,66,52,63,39,35,34,43,79,42,71,74,31,70,54,55,78,58,50,+53 MissingAxioms=0,3,5,7,8,16,24,32,40,44,48,56,64,68,76 TotalTime=3.1
Step=65 PrevRays= 10815 ResultRays= 11591 RayPairs=   8886200 NewAxiom=54 PrevAxioms=1,2,4,6,9,10,11,12,13,14,15,17,18,20,22,25,28,33,36,41,45,49,57,65,72,73,19,21,23,29,37,69,77,27,59,61,26,30,67,75,47,60,51,62,46,38,53,66,55,31,52,39,50,63,35,79,78,43,71,42,70,34,74,58,+54 MissingAxioms=0,3,5,7,8,16,24,32,40,44,48,56,64,68,76 TotalTime=3.1
Step=65 PrevRays= 11111 ResultRays= 11591 RayPairs=  12000000 NewAxiom=55 PrevAxioms=1,2,4,6,9,10,11,12,13,14,15,17,18,20,22,25,28,33,36,41,45,49,57,65,72,73,19,21,23,29,37,69,77,27,59,61,26,30,67,75,47,60,51,62,46,38,53,66,74,63,42,39,35,79,43,71,31,70,78,52,34,54,50,58,+55 MissingAxioms=0,3,5,7,8,16,24,32,40,44,48,56,64,68,76 TotalTime=3.1
Step=65 PrevRays= 11862 ResultRays= 11591 RayPairs=  17622570 NewAxiom=57 PrevAxioms=1,2,4,6,9,10,11,12,13,14,15,17,18,20,22,25,28,33,36,41,45,49,58,65,72,73,19,21,23,29,37,69,77,27,35,43,53,38,52,42,31,75,70,54,71,74,59,55,51,50,46,78,26,66,67,47,30,79,61,63,39,62,60,34,+57 MissingAxioms=0,3,5,7,8,16,24,32,40,44,48,56,64,68,76 TotalTime=3.7
Step=65 PrevRays= 11394 ResultRays= 11591 RayPairs=  15582168 NewAxiom=58 PrevAxioms=1,2,4,6,9,10,11,12,13,14,15,17,18,20,22,25,28,33,36,41,45,49,57,65,72,73,19,21,23,29,37,69,77,27,59,61,26,30,67,75,47,60,51,62,46,38,53,66,55,31,52,39,50,54,63,71,43,79,35,78,42,34,70,74,+58 MissingAxioms=0,3,5,7,8,16,24,32,40,44,48,56,64,68,76 TotalTime=3.2
Step=65 PrevRays= 12073 ResultRays= 11591 RayPairs=  12594363 NewAxiom=59 PrevAxioms=1,2,4,6,9,10,11,12,13,14,15,17,18,20,22,25,28,33,36,41,45,49,57,65,72,73,19,21,23,29,37,69,77,27,61,67,75,60,30,53,62,47,52,55,39,46,50,43,71,54,35,42,26,31,79,70,51,38,74,63,66,78,34,58,+59 MissingAxioms=0,3,5,7,8,16,24,32,40,44,48,56,64,68,76 TotalTime=3.4
Step=65 PrevRays= 12020 ResultRays= 11591 RayPairs=  16758456 NewAxiom=60 PrevAxioms=1,2,4,6,9,10,11,12,13,14,15,17,18,20,22,25,28,33,36,41,45,49,57,65,72,73,19,21,23,29,37,69,77,27,59,61,26,30,67,75,47,53,74,71,52,54,43,39,50,70,42,35,63,79,55,62,51,31,38,34,46,78,66,58,+60 MissingAxioms=0,3,5,7,8,16,24,32,40,44,48,56,64,68,76 TotalTime=3.4
Step=65 PrevRays= 11817 ResultRays= 11591 RayPairs=  10128134 NewAxiom=61 PrevAxioms=1,2,4,6,9,10,11,12,13,14,15,17,18,20,22,25,28,33,36,41,45,49,57,65,72,73,19,21,23,29,37,69,77,27,59,67,75,26,30,71,53,74,47,52,54,43,39,50,70,42,35,63,79,55,62,51,31,38,34,46,78,66,58,60,+61 MissingAxioms=0,3,5,7,8,16,24,32,40,44,48,56,64,68,76 TotalTime=3.7
Step=65 PrevRays= 10815 ResultRays= 11591 RayPairs=   8886200 NewAxiom=62 PrevAxioms=1,2,4,6,9,10,11,12,13,14,15,17,18,20,22,25,28,33,36,41,45,49,57,65,72,73,19,21,23,29,37,69,77,27,59,61,26,30,67,75,47,60,51,46,38,53,74,66,71,43,42,63,79,35,70,39,31,55,54,50,58,78,52,34,+62 MissingAxioms=0,3,5,7,8,16,24,32,40,44,48,56,64,68,76 TotalTime=3.1
Step=65 PrevRays= 11111 ResultRays= 11591 RayPairs=  12000000 NewAxiom=63 PrevAxioms=1,2,4,6,9,10,11,12,13,14,15,17,18,20,22,25,28,33,36,41,45,49,57,65,72,73,19,21,23,29,37,69,77,27,59,61,26,30,67,75,47,60,51,62,46,38,53,66,55,31,52,39,50,54,71,43,35,79,78,42,70,74,34,58,+63 MissingAxioms=0,3,5,7,8,16,24,32,40,44,48,56,64,68,76 TotalTime=3.4
Step=65 PrevRays= 11179 ResultRays= 11591 RayPairs=  14335320 NewAxiom=65 PrevAxioms=1,2,4,6,9,10,11,12,13,14,15,17,18,20,22,25,28,33,36,41,45,49,57,66,72,73,19,21,23,29,37,77,27,59,61,26,30,75,60,47,51,67,62,46,38,53,74,55,31,50,63,54,39,35,43,79,71,69,42,78,34,70,52,58,+65 MissingAxioms=0,3,5,7,8,16,24,32,40,44,48,56,64,68,76 TotalTime=4.1
Step=65 PrevRays= 11179 ResultRays= 11591 RayPairs=  14335320 NewAxiom=66 PrevAxioms=1,2,4,6,9,10,11,12,13,14,15,17,18,20,22,25,28,33,36,41,45,49,57,65,72,73,19,21,23,29,37,69,77,27,59,61,26,30,67,75,47,60,51,62,46,38,53,74,55,31,50,39,43,71,54,58,70,63,79,35,42,78,34,52,+66 MissingAxioms=0,3,5,7,8,16,24,32,40,44,48,56,64,68,76 TotalTime=3.9
Step=65 PrevRays= 12079 ResultRays= 11591 RayPairs=  10897605 NewAxiom=67 PrevAxioms=1,2,4,6,9,10,11,12,13,14,15,17,18,20,22,25,28,33,36,41,45,49,57,65,72,73,19,21,23,29,37,69,77,27,59,61,26,30,75,71,60,53,47,74,52,54,35,50,39,46,63,31,43,34,51,55,70,62,79,38,58,78,42,66,+67 MissingAxioms=0,3,5,7,8,16,24,32,40,44,48,56,64,68,76 TotalTime=3.2
Step=65 PrevRays= 11903 ResultRays= 11591 RayPairs=  13913370 NewAxiom=69 PrevAxioms=1,2,4,6,9,10,11,12,13,14,15,17,18,20,22,25,28,33,36,41,45,49,57,65,72,73,19,21,23,29,37,77,27,59,67,61,26,30,75,60,47,51,62,46,38,53,66,74,55,31,39,52,50,54,63,35,79,43,71,34,78,70,42,58,+69 MissingAxioms=0,3,5,7,8,16,24,32,40,44,48,56,64,68,76 TotalTime=3.3
Step=65 PrevRays= 11903 ResultRays= 11591 RayPairs=  13913370 NewAxiom=70 PrevAxioms=1,2,4,6,9,10,11,12,13,14,15,17,18,20,22,25,28,33,36,41,45,49,57,65,72,73,19,21,23,29,37,69,77,27,59,61,26,30,67,75,47,60,51,62,46,38,53,66,55,31,52,39,50,54,63,71,43,79,35,78,42,34,74,58,+70 MissingAxioms=0,3,5,7,8,16,24,32,40,44,48,56,64,68,76 TotalTime=3.3
Step=65 PrevRays= 10874 ResultRays= 11591 RayPairs=   9934620 NewAxiom=71 PrevAxioms=1,2,4,6,9,10,11,12,13,14,15,17,18,20,22,25,28,33,36,41,45,49,57,65,72,73,19,21,23,29,37,69,77,27,59,61,26,30,67,75,47,60,51,62,46,38,53,66,55,31,52,39,50,54,63,79,43,35,78,42,58,70,74,34,+71 MissingAxioms=0,3,5,7,8,16,24,32,40,44,48,56,64,68,76 TotalTime=3.0
! VaryAxiom=72 NoInitialAxiomSet
Step=65 PrevRays= 10848 ResultRays= 11591 RayPairs=  12770235 NewAxiom=73 PrevAxioms=1,2,4,6,9,10,11,12,13,14,15,17,18,20,22,25,28,33,36,41,45,49,57,65,72,74,19,21,23,29,37,69,27,59,61,26,30,67,47,60,53,75,71,52,54,43,35,50,39,46,31,63,77,79,66,51,55,38,62,34,70,78,42,58,+73 MissingAxioms=0,3,5,7,8,16,24,32,40,44,48,56,64,68,76 TotalTime=3.4
Step=65 PrevRays= 10848 ResultRays= 11591 RayPairs=  12770235 NewAxiom=74 PrevAxioms=1,2,4,6,9,10,11,12,13,14,15,17,18,20,22,25,28,33,36,41,45,49,57,65,72,73,19,21,23,29,37,69,77,27,59,61,26,30,67,75,47,60,51,62,46,38,53,66,55,31,52,39,50,54,63,71,43,79,35,78,42,34,70,58,+74 MissingAxioms=0,3,5,7,8,16,24,32,40,44,48,56,64,68,76 TotalTime=3.2
Step=65 PrevRays= 12037 ResultRays= 11591 RayPairs=  10794835 NewAxiom=75 PrevAxioms=1,2,4,6,9,10,11,12,13,14,15,17,18,20,22,25,28,33,36,41,45,49,57,65,72,73,19,21,23,29,37,69,77,27,59,61,26,30,67,47,60,53,71,52,54,43,39,50,46,31,79,35,63,34,51,55,62,66,38,78,42,70,74,58,+75 MissingAxioms=0,3,5,7,8,16,24,32,40,44,48,56,64,68,76 TotalTime=3.1
Step=65 PrevRays= 11933 ResultRays= 11591 RayPairs=  14060025 NewAxiom=77 PrevAxioms=1,2,4,6,9,10,11,12,13,14,15,17,18,20,22,25,28,33,36,41,45,49,57,65,72,73,19,21,23,29,37,69,27,59,75,61,26,30,67,47,60,51,62,46,38,53,66,74,55,31,39,50,63,35,54,43,79,42,71,78,70,34,52,58,+77 MissingAxioms=0,3,5,7,8,16,24,32,40,44,48,56,64,68,76 TotalTime=4.2
Step=65 PrevRays= 11933 ResultRays= 11591 RayPairs=  14060025 NewAxiom=78 PrevAxioms=1,2,4,6,9,10,11,12,13,14,15,17,18,20,22,25,28,33,36,41,45,49,57,65,72,73,19,21,23,29,37,69,77,27,59,61,26,30,67,75,47,60,51,62,46,38,53,66,55,31,52,39,50,54,63,71,43,79,35,74,34,70,42,58,+78 MissingAxioms=0,3,5,7,8,16,24,32,40,44,48,56,64,68,76 TotalTime=3.4
Step=65 PrevRays= 10671 ResultRays= 11591 RayPairs=   8729806 NewAxiom=79 PrevAxioms=1,2,4,6,9,10,11,12,13,14,15,17,18,20,22,25,28,33,36,41,45,49,57,65,72,73,19,21,23,29,37,69,77,27,59,61,26,30,67,75,47,60,51,62,46,38,53,66,55,31,52,39,50,54,63,71,43,35,74,42,70,78,34,58,+79 MissingAxioms=0,3,5,7,8,16,24,32,40,44,48,56,64,68,76 TotalTime=3.0

Ordered by number of ray pairs:
Step=65 #######....................... (min) Axiom6 10(3,4) - g2 f(0,3,4) + f(1,3,4) >= f(0,1,2,3,4) + f(3,4)
Step=65 ##############................ Axiom79 43(0,1,2) - g3 f(0,1,2,3,4) >= f(0,1,2)
Step=65 ###############............... Axiom30 30(2,4) - g2 f(0,2,4) + f(2,3,4) >= f(0,1,2,3,4) + f(2,4)
Step=65 ###############............... Axiom38 31(2,4) - g2 f(1,2,4) + f(2,3,4) >= f(0,1,2,3,4) + f(2,4)
Step=65 ###############............... Axiom54 40(2,3) - g2 f(0,2,3) + f(2,3,4) >= f(2,3) + f(0,1,2,3,4)
Step=65 ###############............... Axiom62 41(2,3) - g2 f(1,2,3) + f(2,3,4) >= f(2,3) + f(0,1,2,3,4)
Step=65 ################.............. Axiom47 32(0,1,4) - g3 f(0,1,2,3,4) >= f(0,1,4)
Step=65 ################.............. Axiom71 42(0,1,3) - g3 f(0,1,2,3,4) >= f(0,1,3)
Step=65 #################............. Axiom29 30(1,4) - g2 f(0,1,4) + f(1,3,4) >= f(0,1,2,3,4) + f(1,4)
Step=65 #################............. Axiom37 31(0,4) - g2 f(0,1,4) + f(0,3,4) >= f(0,1,2,3,4) + f(0,4)
Step=65 #################............. Axiom53 40(1,3) - g2 f(0,1,3) + f(1,3,4) >= f(1,3) + f(0,1,2,3,4)
Step=65 #################............. Axiom61 41(0,3) - g2 f(0,1,3) + f(0,3,4) >= f(0,3) + f(0,1,2,3,4)
Step=65 #################............. Axiom1 10(2) - g1 f(0,2) + f(1,2) >= f(2) + f(0,1,2)
Step=65 ##################............ Axiom75 43(0,1) - g2 f(0,1,3) + f(0,1,4) >= f(0,1) + f(0,1,2,3,4)
Step=65 ##################............ Axiom43 32(0,1) - g2 f(0,1,2) + f(0,1,3) >= f(0,1) + f(0,1,2,3,4)
Step=65 ##################............ Axiom67 42(0,1) - g2 f(0,1,2) + f(0,1,4) >= f(0,1) + f(0,1,2,3,4)
Step=65 ###################........... Axiom14 20(3,4) - g2 f(0,3,4) + f(2,3,4) >= f(0,1,2,3,4) + f(3,4)
Step=65 ###################........... Axiom22 21(3,4) - g2 f(1,3,4) + f(2,3,4) >= f(0,1,2,3,4) + f(3,4)
Step=65 ####################.......... Axiom11 20(1,3) - g2 f(0,1,3) + f(1,2,3) >= f(1,3) + f(0,1,2,3,4)
Step=65 ####################.......... Axiom13 20(1,4) - g2 f(0,1,4) + f(1,2,4) >= f(0,1,2,3,4) + f(1,4)
Step=65 ####################.......... Axiom19 21(0,3) - g2 f(0,1,3) + f(0,2,3) >= f(0,3) + f(0,1,2,3,4)
Step=65 ####################.......... Axiom21 21(0,4) - g2 f(0,1,4) + f(0,2,4) >= f(0,1,2,3,4) + f(0,4)
Step=65 ####################.......... Axiom31 30(1,2,4) - g3 f(0,1,2,3,4) >= f(1,2,4)
Step=65 ####################.......... Axiom39 31(0,2,4) - g3 f(0,1,2,3,4) >= f(0,2,4)
Step=65 ####################.......... Axiom55 40(1,2,3) - g3 f(0,1,2,3,4) >= f(1,2,3)
Step=65 ####################.......... Axiom63 41(0,2,3) - g3 f(0,1,2,3,4) >= f(0,2,3)
Step=65 #####################......... Axiom27 30(1,2) - g2 f(0,1,2) + f(1,2,3) >= f(1,2) + f(0,1,2,3,4)
Step=65 #####################......... Axiom35 31(0,2) - g2 f(0,1,2) + f(0,2,3) >= f(0,2) + f(0,1,2,3,4)
Step=65 #####################......... Axiom51 40(1,2) - g2 f(0,1,2) + f(1,2,4) >= f(1,2) + f(0,1,2,3,4)
Step=65 #####################......... Axiom59 41(0,2) - g2 f(0,1,2) + f(0,2,4) >= f(0,2) + f(0,1,2,3,4)
Step=65 #####################......... Axiom73 43(0) - g1 f(0,3) + f(0,4) >= f(0) + f(0,3,4)
Step=65 #####################......... Axiom74 43(1) - g1 f(1,3) + f(1,4) >= f(1) + f(1,3,4)
Step=65 ######################........ Axiom15 20(1,3,4) - g3 f(0,1,2,3,4) >= f(1,3,4)
Step=65 ######################........ Axiom23 21(0,3,4) - g3 f(0,1,2,3,4) >= f(0,3,4)
Step=65 #######################....... Axiom45 32(0,4) - g2 f(0,2,4) + f(0,3,4) >= f(0,1,2,3,4) + f(0,4)
Step=65 #######################....... Axiom46 32(1,4) - g2 f(1,2,4) + f(1,3,4) >= f(0,1,2,3,4) + f(1,4)
Step=65 #######################....... Axiom69 42(0,3) - g2 f(0,2,3) + f(0,3,4) >= f(0,3) + f(0,1,2,3,4)
Step=65 #######################....... Axiom70 42(1,3) - g2 f(1,2,3) + f(1,3,4) >= f(1,3) + f(0,1,2,3,4)
Step=65 #######################....... Axiom77 43(0,2) - g2 f(0,2,3) + f(0,2,4) >= f(0,2) + f(0,1,2,3,4)
Step=65 #######################....... Axiom78 43(1,2) - g2 f(1,2,3) + f(1,2,4) >= f(1,2) + f(0,1,2,3,4)
Step=65 ########################...... Axiom41 32(0) - g1 f(0,2) + f(0,3) >= f(0) + f(0,2,3)
Step=65 ########################...... Axiom42 32(1) - g1 f(1,2) + f(1,3) >= f(1) + f(1,2,3)
Step=65 ########################...... Axiom65 42(0) - g1 f(0,2) + f(0,4) >= f(0) + f(0,2,4)
Step=65 ########################...... Axiom66 42(1) - g1 f(1,2) + f(1,4) >= f(1) + f(1,2,4)
Step=65 #########################..... Axiom10 20(3) - g1 f(0,3) + f(2,3) >= f(3) + f(0,2,3)
Step=65 #########################..... Axiom12 20(4) - g1 f(0,4) + f(2,4) >= f(4) + f(0,2,4)
Step=65 #########################..... Axiom18 21(3) - g1 f(1,3) + f(2,3) >= f(3) + f(1,2,3)
Step=65 #########################..... Axiom20 21(4) - g1 f(1,4) + f(2,4) >= f(4) + f(1,2,4)
Step=65 ##########################.... Axiom26 30(2) - g1 f(0,2) + f(2,3) >= f(2) + f(0,2,3)
Step=65 ##########################.... Axiom34 31(2) - g1 f(1,2) + f(2,3) >= f(2) + f(1,2,3)
Step=65 ##########################.... Axiom50 40(2) - g1 f(0,2) + f(2,4) >= f(2) + f(0,2,4)
Step=65 ##########################.... Axiom58 41(2) - g1 f(1,2) + f(2,4) >= f(2) + f(1,2,4)
Step=65 ###########################... Axiom2 10(3) - g1 f(0,3) + f(1,3) >= f(3) + f(0,1,3)
Step=65 ###########################... Axiom4 10(4) - g1 f(0,4) + f(1,4) >= f(4) + f(0,1,4)
Step=65 ############################.. Axiom28 30(4) - g1 f(0,4) + f(3,4) >= f(4) + f(0,3,4)
Step=65 ############################.. Axiom36 31(4) - g1 f(1,4) + f(3,4) >= f(4) + f(1,3,4)
Step=65 ############################.. Axiom52 40(3) - g1 f(0,3) + f(3,4) >= f(3) + f(0,3,4)
Step=65 ############################.. Axiom60 41(3) - g1 f(1,3) + f(3,4) >= f(3) + f(1,3,4)
Step=65 #############################. Axiom25 30(1) - g1 f(0,1) + f(1,3) >= f(1) + f(0,1,3)
Step=65 #############################. Axiom33 31(0) - g1 f(0,1) + f(0,3) >= f(0) + f(0,1,3)
Step=65 #############################. Axiom49 40(1) - g1 f(0,1) + f(1,4) >= f(1) + f(0,1,4)
Step=65 #############################. Axiom57 41(0) - g1 f(0,1) + f(0,4) >= f(0) + f(0,1,4)
Step=65 ############################## Axiom9 20(1) - g1 f(0,1) + f(1,2) >= f(1) + f(0,1,2)
Step=65 ############################## Axiom17 21(0) - g1 f(0,1) + f(0,2) >= f(0) + f(0,1,2)

Ordered by number of previous rays:
Step=65 $$$$$$$$$$$$$$$$$$$$$$$$...... (min) Axiom1 10(2) - g1 f(0,2) + f(1,2) >= f(2) + f(0,1,2)
Step=65 $$$$$$$$$$$$$$$$$$$$$$$$$..... Axiom6 10(3,4) - g2 f(0,3,4) + f(1,3,4) >= f(0,1,2,3,4) + f(3,4)
Step=65 $$$$$$$$$$$$$$$$$$$$$$$$$$.... Axiom79 43(0,1,2) - g3 f(0,1,2,3,4) >= f(0,1,2)
Step=65 $$$$$$$$$$$$$$$$$$$$$$$$$$$... Axiom30 30(2,4) - g2 f(0,2,4) + f(2,3,4) >= f(0,1,2,3,4) + f(2,4)
Step=65 $$$$$$$$$$$$$$$$$$$$$$$$$$$... Axiom38 31(2,4) - g2 f(1,2,4) + f(2,3,4) >= f(0,1,2,3,4) + f(2,4)
Step=65 $$$$$$$$$$$$$$$$$$$$$$$$$$$... Axiom54 40(2,3) - g2 f(0,2,3) + f(2,3,4) >= f(2,3) + f(0,1,2,3,4)
Step=65 $$$$$$$$$$$$$$$$$$$$$$$$$$$... Axiom62 41(2,3) - g2 f(1,2,3) + f(2,3,4) >= f(2,3) + f(0,1,2,3,4)
Step=65 $$$$$$$$$$$$$$$$$$$$$$$$$$$... Axiom73 43(0) - g1 f(0,3) + f(0,4) >= f(0) + f(0,3,4)
Step=65 $$$$$$$$$$$$$$$$$$$$$$$$$$$... Axiom74 43(1) - g1 f(1,3) + f(1,4) >= f(1) + f(1,3,4)
Step=65 $$$$$$$$$$$$$$$$$$$$$$$$$$$... Axiom47 32(0,1,4) - g3 f(0,1,2,3,4) >= f(0,1,4)
Step=65 $$$$$$$$$$$$$$$$$$$$$$$$$$$... Axiom71 42(0,1,3) - g3 f(0,1,2,3,4) >= f(0,1,3)
Step=65 $$$$$$$$$$$$$$$$$$$$$$$$$$$$.. Axiom14 20(3,4) - g2 f(0,3,4) + f(2,3,4) >= f(0,1,2,3,4) + f(3,4)
Step=65 $$$$$$$$$$$$$$$$$$$$$$$$$$$$.. Axiom22 21(3,4) - g2 f(1,3,4) + f(2,3,4) >= f(0,1,2,3,4) + f(3,4)
Step=65 $$$$$$$$$$$$$$$$$$$$$$$$$$$$.. Axiom31 30(1,2,4) - g3 f(0,1,2,3,4) >= f(1,2,4)
Step=65 $$$$$$$$$$$$$$$$$$$$$$$$$$$$.. Axiom39 31(0,2,4) - g3 f(0,1,2,3,4) >= f(0,2,4)
Step=65 $$$$$$$$$$$$$$$$$$$$$$$$$$$$.. Axiom55 40(1,2,3) - g3 f(0,1,2,3,4) >= f(1,2,3)
Step=65 $$$$$$$$$$$$$$$$$$$$$$$$$$$$.. Axiom63 41(0,2,3) - g3 f(0,1,2,3,4) >= f(0,2,3)
Step=65 $$$$$$$$$$$$$$$$$$$$$$$$$$$$.. Axiom41 32(0) - g1 f(0,2) + f(0,3) >= f(0) + f(0,2,3)
Step=65 $$$$$$$$$$$$$$$$$$$$$$$$$$$$.. Axiom42 32(1) - g1 f(1,2) + f(1,3) >= f(1) + f(1,2,3)
Step=65 $$$$$$$$$$$$$$$$$$$$$$$$$$$$.. Axiom65 42(0) - g1 f(0,2) + f(0,4) >= f(0) + f(0,2,4)
Step=65 $$$$$$$$$$$$$$$$$$$$$$$$$$$$.. Axiom66 42(1) - g1 f(1,2) + f(1,4) >= f(1) + f(1,2,4)
Step=65 $$$$$$$$$$$$$$$$$$$$$$$$$$$$.. Axiom10 20(3) - g1 f(0,3) + f(2,3) >= f(3) + f(0,2,3)
Step=65 $$$$$$$$$$$$$$$$$$$$$$$$$$$$.. Axiom12 20(4) - g1 f(0,4) + f(2,4) >= f(4) + f(0,2,4)
Step=65 $$$$$$$$$$$$$$$$$$$$$$$$$$$$.. Axiom18 21(3) - g1 f(1,3) + f(2,3) >= f(3) + f(1,2,3)
Step=65 $$$$$$$$$$$$$$$$$$$$$$$$$$$$.. Axiom20 21(4) - g1 f(1,4) + f(2,4) >= f(4) + f(1,2,4)
Step=65 $$$$$$$$$$$$$$$$$$$$$$$$$$$$.. Axiom26 30(2) - g1 f(0,2) + f(2,3) >= f(2) + f(0,2,3)
Step=65 $$$$$$$$$$$$$$$$$$$$$$$$$$$$.. Axiom34 31(2) - g1 f(1,2) + f(2,3) >= f(2) + f(1,2,3)
Step=65 $$$$$$$$$$$$$$$$$$$$$$$$$$$$.. Axiom50 40(2) - g1 f(0,2) + f(2,4) >= f(2) + f(0,2,4)
Step=65 $$$$$$$$$$$$$$$$$$$$$$$$$$$$.. Axiom58 41(2) - g1 f(1,2) + f(2,4) >= f(2) + f(1,2,4)
Step=65 $$$$$$$$$$$$$$$$$$$$$$$$$$$$$. Axiom15 20(1,3,4) - g3 f(0,1,2,3,4) >= f(1,3,4)
Step=65 $$$$$$$$$$$$$$$$$$$$$$$$$$$$$. Axiom23 21(0,3,4) - g3 f(0,1,2,3,4) >= f(0,3,4)
Step=65 $$$$$$$$$$$$$$$$$$$$$$$$$$$$$. Axiom2 10(3) - g1 f(0,3) + f(1,3) >= f(3) + f(0,1,3)
Step=65 $$$$$$$$$$$$$$$$$$$$$$$$$$$$$. Axiom4 10(4) - g1 f(0,4) + f(1,4) >= f(4) + f(0,1,4)
Step=65 $$$$$$$$$$$$$$$$$$$$$$$$$$$$$. Axiom29 30(1,4) - g2 f(0,1,4) + f(1,3,4) >= f(0,1,2,3,4) + f(1,4)
Step=65 $$$$$$$$$$$$$$$$$$$$$$$$$$$$$. Axiom37 31(0,4) - g2 f(0,1,4) + f(0,3,4) >= f(0,1,2,3,4) + f(0,4)
Step=65 $$$$$$$$$$$$$$$$$$$$$$$$$$$$$. Axiom53 40(1,3) - g2 f(0,1,3) + f(1,3,4) >= f(1,3) + f(0,1,2,3,4)
Step=65 $$$$$$$$$$$$$$$$$$$$$$$$$$$$$. Axiom61 41(0,3) - g2 f(0,1,3) + f(0,3,4) >= f(0,3) + f(0,1,2,3,4)
Step=65 $$$$$$$$$$$$$$$$$$$$$$$$$$$$$. Axiom25 30(1) - g1 f(0,1) + f(1,3) >= f(1) + f(0,1,3)
Step=65 $$$$$$$$$$$$$$$$$$$$$$$$$$$$$. Axiom33 31(0) - g1 f(0,1) + f(0,3) >= f(0) + f(0,1,3)
Step=65 $$$$$$$$$$$$$$$$$$$$$$$$$$$$$. Axiom49 40(1) - g1 f(0,1) + f(1,4) >= f(1) + f(0,1,4)
Step=65 $$$$$$$$$$$$$$$$$$$$$$$$$$$$$. Axiom57 41(0) - g1 f(0,1) + f(0,4) >= f(0) + f(0,1,4)
Step=65 $$$$$$$$$$$$$$$$$$$$$$$$$$$$$$ Axiom45 32(0,4) - g2 f(0,2,4) + f(0,3,4) >= f(0,1,2,3,4) + f(0,4)
Step=65 $$$$$$$$$$$$$$$$$$$$$$$$$$$$$$ Axiom46 32(1,4) - g2 f(1,2,4) + f(1,3,4) >= f(0,1,2,3,4) + f(1,4)
Step=65 $$$$$$$$$$$$$$$$$$$$$$$$$$$$$$ Axiom69 42(0,3) - g2 f(0,2,3) + f(0,3,4) >= f(0,3) + f(0,1,2,3,4)
Step=65 $$$$$$$$$$$$$$$$$$$$$$$$$$$$$$ Axiom70 42(1,3) - g2 f(1,2,3) + f(1,3,4) >= f(1,3) + f(0,1,2,3,4)
Step=65 $$$$$$$$$$$$$$$$$$$$$$$$$$$$$$ Axiom11 20(1,3) - g2 f(0,1,3) + f(1,2,3) >= f(1,3) + f(0,1,2,3,4)
Step=65 $$$$$$$$$$$$$$$$$$$$$$$$$$$$$$ Axiom13 20(1,4) - g2 f(0,1,4) + f(1,2,4) >= f(0,1,2,3,4) + f(1,4)
Step=65 $$$$$$$$$$$$$$$$$$$$$$$$$$$$$$ Axiom19 21(0,3) - g2 f(0,1,3) + f(0,2,3) >= f(0,3) + f(0,1,2,3,4)
Step=65 $$$$$$$$$$$$$$$$$$$$$$$$$$$$$$ Axiom21 21(0,4) - g2 f(0,1,4) + f(0,2,4) >= f(0,1,2,3,4) + f(0,4)
Step=65 $$$$$$$$$$$$$$$$$$$$$$$$$$$$$$ Axiom77 43(0,2) - g2 f(0,2,3) + f(0,2,4) >= f(0,2) + f(0,1,2,3,4)
Step=65 $$$$$$$$$$$$$$$$$$$$$$$$$$$$$$ Axiom78 43(1,2) - g2 f(1,2,3) + f(1,2,4) >= f(1,2) + f(0,1,2,3,4)
Step=65 $$$$$$$$$$$$$$$$$$$$$$$$$$$$$$ Axiom28 30(4) - g1 f(0,4) + f(3,4) >= f(4) + f(0,3,4)
Step=65 $$$$$$$$$$$$$$$$$$$$$$$$$$$$$$ Axiom36 31(4) - g1 f(1,4) + f(3,4) >= f(4) + f(1,3,4)
Step=65 $$$$$$$$$$$$$$$$$$$$$$$$$$$$$$ Axiom52 40(3) - g1 f(0,3) + f(3,4) >= f(3) + f(0,3,4)
Step=65 $$$$$$$$$$$$$$$$$$$$$$$$$$$$$$ Axiom60 41(3) - g1 f(1,3) + f(3,4) >= f(3) + f(1,3,4)
Step=65 $$$$$$$$$$$$$$$$$$$$$$$$$$$$$$ Axiom75 43(0,1) - g2 f(0,1,3) + f(0,1,4) >= f(0,1) + f(0,1,2,3,4)
Step=65 $$$$$$$$$$$$$$$$$$$$$$$$$$$$$$ Axiom27 30(1,2) - g2 f(0,1,2) + f(1,2,3) >= f(1,2) + f(0,1,2,3,4)
Step=65 $$$$$$$$$$$$$$$$$$$$$$$$$$$$$$ Axiom35 31(0,2) - g2 f(0,1,2) + f(0,2,3) >= f(0,2) + f(0,1,2,3,4)
Step=65 $$$$$$$$$$$$$$$$$$$$$$$$$$$$$$ Axiom51 40(1,2) - g2 f(0,1,2) + f(1,2,4) >= f(1,2) + f(0,1,2,3,4)
Step=65 $$$$$$$$$$$$$$$$$$$$$$$$$$$$$$ Axiom59 41(0,2) - g2 f(0,1,2) + f(0,2,4) >= f(0,2) + f(0,1,2,3,4)
Step=65 $$$$$$$$$$$$$$$$$$$$$$$$$$$$$$ Axiom43 32(0,1) - g2 f(0,1,2) + f(0,1,3) >= f(0,1) + f(0,1,2,3,4)
Step=65 $$$$$$$$$$$$$$$$$$$$$$$$$$$$$$ Axiom67 42(0,1) - g2 f(0,1,2) + f(0,1,4) >= f(0,1) + f(0,1,2,3,4)
Step=65 $$$$$$$$$$$$$$$$$$$$$$$$$$$$$$ Axiom9 20(1) - g1 f(0,1) + f(1,2) >= f(1) + f(0,1,2)
Step=65 $$$$$$$$$$$$$$$$$$$$$$$$$$$$$$ Axiom17 21(0) - g1 f(0,1) + f(0,2) >= f(0) + f(0,1,2)
